cut.c:183	0.000000	0.000000	0.000000	0.000000	-0.500000	0.000000	0.000000	-1.000000	1.000000	1.000000	0.000000	0.000000
cut.c:185	0.000000	0.000000	0.000000	0.000000	-0.500000	0.000000	0.000000	-1.000000	1.000000	1.000000	0.000000	0.000000
cut.c:186	0.000000	0.000000	0.000000	0.000000	-0.500000	0.000000	0.000000	-1.000000	1.000000	1.000000	0.000000	0.000000
cut.c:240	0.000000	0.000000	0.000000	0.000000	-0.500000	0.000000	0.000000	-1.000000	1.000000	1.000000	0.000000	0.000000
cut.c:244	0.000000	0.000000	0.000000	0.000000	-0.500000	0.000000	0.000000	-1.000000	1.000000	1.000000	0.000000	0.000000
cut.c:247	0.000000	0.000000	0.000000	0.000000	-0.500000	0.000000	0.000000	-1.000000	1.000000	1.000000	0.000000	0.000000
cut.c:248	0.000000	0.000000	0.000000	0.000000	-0.500000	0.000000	0.000000	-1.000000	1.000000	1.000000	0.000000	0.000000
cut.c:253	0.000000	0.000000	0.000000	0.000000	-0.500000	0.000000	0.000000	-1.000000	1.000000	1.000000	0.000000	0.000000
cut.c:254	0.000000	0.000000	0.000000	0.000000	-0.500000	0.000000	0.000000	-1.000000	1.000000	1.000000	0.000000	0.000000
cut.c:257	0.000000	0.000000	0.000000	0.000000	-0.500000	0.000000	0.000000	-1.000000	1.000000	1.000000	0.000000	0.000000
cut.c:259	0.000000	0.000000	0.000000	0.000000	-0.500000	0.000000	0.000000	-1.000000	1.000000	1.000000	0.000000	0.000000
cut.c:260	0.000000	0.000000	0.000000	0.000000	-0.500000	0.000000	0.000000	-1.000000	1.000000	1.000000	0.000000	0.000000
cut.c:261	0.000000	0.000000	0.000000	0.000000	-0.500000	0.000000	0.000000	-1.000000	1.000000	1.000000	0.000000	0.000000
cut.c:264	0.000000	0.000000	0.000000	0.000000	-0.500000	0.000000	0.000000	-1.000000	1.000000	1.000000	0.000000	0.000000
cut.c:266	0.000000	0.000000	0.000000	0.000000	-0.500000	0.000000	0.000000	-1.000000	1.000000	1.000000	0.000000	0.000000
cut.c:267	0.000000	0.000000	0.000000	0.000000	-0.500000	0.000000	0.000000	-1.000000	1.000000	1.000000	0.000000	0.000000
cut.c:271	0.000000	0.000000	0.000000	0.000000	-0.500000	0.000000	0.000000	-1.000000	1.000000	1.000000	0.000000	0.000000
cut.c:274	0.000000	0.000000	0.000000	0.000000	-0.500000	0.000000	0.000000	-1.000000	1.000000	1.000000	0.000000	0.000000
cut.c:278	0.000000	0.000000	0.000000	0.000000	-0.500000	0.000000	0.000000	-1.000000	1.000000	1.000000	0.000000	0.000000
cut.c:288	0.000000	0.000000	0.000000	0.000000	-0.500000	0.000000	0.000000	-1.000000	1.000000	1.000000	0.000000	0.000000
cut.c:290	0.000000	0.000000	0.000000	0.000000	-0.500000	0.000000	0.000000	-1.000000	1.000000	1.000000	0.000000	0.000000
cut.c:299	0.000000	0.000000	0.000000	0.000000	-0.500000	0.000000	0.000000	-1.000000	1.000000	1.000000	0.000000	0.000000
cut.c:301	0.000000	0.000000	0.000000	0.000000	-0.500000	0.000000	0.000000	-1.000000	1.000000	1.000000	0.000000	0.000000
cut.c:302	0.000000	0.000000	0.000000	0.000000	-0.500000	0.000000	0.000000	-1.000000	1.000000	1.000000	0.000000	0.000000
cut.c:303	0.000000	0.000000	0.000000	0.000000	-0.500000	0.000000	0.000000	-1.000000	1.000000	1.000000	0.000000	0.000000
cut.c:305	0.000000	0.000000	0.000000	0.000000	-0.500000	0.000000	0.000000	-1.000000	1.000000	1.000000	0.000000	0.000000
cut.c:306	0.000000	0.000000	0.000000	0.000000	-0.500000	0.000000	0.000000	-1.000000	1.000000	1.000000	0.000000	0.000000
cut.c:307	0.000000	0.000000	0.000000	0.000000	-0.500000	0.000000	0.000000	-1.000000	1.000000	1.000000	0.000000	0.000000
cut.c:309	0.000000	0.000000	0.000000	0.000000	-0.500000	0.000000	0.000000	-1.000000	1.000000	1.000000	0.000000	0.000000
cut.c:315	0.000000	0.000000	0.000000	0.000000	-0.500000	0.000000	0.000000	-1.000000	1.000000	1.000000	0.000000	0.000000
cut.c:317	0.000000	0.000000	0.000000	0.000000	-0.500000	0.000000	0.000000	-1.000000	1.000000	1.000000	0.000000	0.000000
cut.c:318	0.000000	0.000000	0.000000	0.000000	-0.500000	0.000000	0.000000	-1.000000	1.000000	1.000000	0.000000	0.000000
cut.c:319	0.000000	0.000000	0.000000	0.000000	-0.500000	0.000000	0.000000	-1.000000	1.000000	1.000000	0.000000	0.000000
cut.c:342	0.500000	0.707107	0.500000	1.000000	0.500000	0.500000	1.000000	0.000000	3.000000	0.000000	1.333333	0.000000
cut.c:344	0.500000	0.707107	0.500000	1.000000	0.500000	0.500000	1.000000	0.000000	3.000000	0.000000	1.333333	0.000000
cut.c:345	0.500000	0.707107	0.500000	1.000000	0.500000	0.500000	1.000000	0.000000	3.000000	0.000000	1.333333	0.000000
cut.c:346	0.500000	0.707107	0.500000	1.000000	0.500000	0.500000	1.000000	0.000000	3.000000	0.000000	1.333333	0.000000
cut.c:347	0.500000	0.707107	0.500000	1.000000	0.500000	0.500000	1.000000	0.000000	3.000000	0.000000	1.333333	0.000000
cut.c:348	0.500000	0.707107	0.500000	1.000000	0.500000	0.500000	1.000000	0.000000	3.000000	0.000000	1.333333	0.000000
cut.c:349	0.500000	0.707107	0.500000	1.000000	0.500000	0.500000	1.000000	0.000000	3.000000	0.000000	1.333333	0.000000
cut.c:352	0.500000	0.707107	0.500000	1.000000	0.500000	0.500000	1.000000	0.000000	3.000000	0.000000	1.333333	0.000000
cut.c:353	0.500000	0.707107	0.500000	1.000000	0.500000	0.500000	1.000000	0.000000	3.000000	0.000000	1.333333	0.000000
cut.c:354	0.500000	0.707107	0.500000	1.000000	0.500000	0.500000	1.000000	0.000000	3.000000	0.000000	1.333333	0.000000
cut.c:356	0.500000	0.707107	0.500000	1.000000	0.500000	0.500000	1.000000	0.000000	3.000000	0.000000	1.333333	0.000000
cut.c:363	0.500000	0.707107	0.500000	1.000000	0.500000	0.500000	1.000000	0.000000	3.000000	0.000000	1.333333	0.000000
cut.c:365	0.500000	0.707107	0.500000	1.000000	0.500000	0.500000	1.000000	0.000000	3.000000	0.000000	1.333333	0.000000
cut.c:367	0.500000	0.707107	0.500000	1.000000	0.500000	0.500000	1.000000	0.000000	3.000000	0.000000	1.333333	0.000000
cut.c:368	0.000000	0.000000	0.000000	0.000000	-0.500000	0.000000	0.000000	-1.000000	1.000000	1.000000	0.000000	0.000000
cut.c:369	0.500000	0.707107	0.500000	1.000000	0.500000	0.500000	1.000000	0.000000	3.000000	0.000000	1.333333	0.000000
cut.c:370	0.500000	0.707107	0.500000	1.000000	0.500000	0.500000	1.000000	0.000000	3.000000	0.000000	1.333333	0.000000
cut.c:372	0.500000	0.707107	0.500000	1.000000	0.500000	0.500000	1.000000	0.000000	3.000000	0.000000	1.333333	0.000000
cut.c:373	0.000000	0.000000	0.000000	0.000000	-0.500000	0.000000	0.000000	-1.000000	1.000000	1.000000	0.000000	0.000000
cut.c:375	0.500000	0.707107	0.500000	1.000000	0.500000	0.500000	1.000000	0.000000	3.000000	0.000000	1.333333	0.000000
cut.c:376	0.500000	0.707107	0.500000	1.000000	0.500000	0.500000	1.000000	0.000000	3.000000	0.000000	1.333333	0.000000
cut.c:378	0.500000	0.707107	0.500000	1.000000	0.500000	0.500000	1.000000	0.000000	3.000000	0.000000	1.333333	0.000000
cut.c:379	0.500000	0.707107	0.500000	1.000000	0.500000	0.500000	1.000000	0.000000	3.000000	0.000000	1.333333	0.000000
cut.c:381	0.500000	0.707107	0.500000	1.000000	0.500000	0.500000	1.000000	0.000000	3.000000	0.000000	1.333333	0.000000
cut.c:383	0.500000	0.707107	0.500000	1.000000	0.500000	0.500000	1.000000	0.000000	3.000000	0.000000	1.333333	0.000000
cut.c:385	0.500000	0.707107	0.500000	1.000000	0.500000	0.500000	1.000000	0.000000	3.000000	0.000000	1.333333	0.000000
cut.c:387	0.500000	0.707107	0.500000	1.000000	0.500000	0.500000	1.000000	0.000000	3.000000	0.000000	1.333333	0.000000
cut.c:388	0.000000	0.000000	0.000000	0.000000	-0.500000	0.000000	0.000000	-1.000000	1.000000	1.000000	0.000000	0.000000
cut.c:392	0.500000	0.707107	0.500000	1.000000	0.500000	0.500000	1.000000	0.000000	3.000000	0.000000	1.333333	0.000000
cut.c:396	0.500000	0.707107	0.500000	1.000000	0.500000	0.500000	1.000000	0.000000	3.000000	0.000000	1.333333	0.000000
cut.c:397	0.500000	0.707107	0.500000	1.000000	0.500000	0.500000	1.000000	0.000000	3.000000	0.000000	1.333333	0.000000
cut.c:398	0.500000	0.707107	0.500000	1.000000	0.500000	0.500000	1.000000	0.000000	3.000000	0.000000	1.333333	0.000000
cut.c:403	0.000000	0.000000	0.000000	0.000000	-0.500000	0.000000	0.000000	-1.000000	1.000000	1.000000	0.000000	0.000000
cut.c:404	0.000000	0.000000	0.000000	0.000000	-0.500000	0.000000	0.000000	-1.000000	1.000000	1.000000	0.000000	0.000000
cut.c:407	0.000000	0.000000	0.000000	0.000000	-0.500000	0.000000	0.000000	-1.000000	1.000000	1.000000	0.000000	0.000000
cut.c:412	0.000000	0.000000	0.000000	0.000000	-0.500000	0.000000	0.000000	-1.000000	1.000000	1.000000	0.000000	0.000000
cut.c:417	0.000000	0.000000	0.000000	0.000000	-0.500000	0.000000	0.000000	-1.000000	1.000000	1.000000	0.000000	0.000000
cut.c:426	0.000000	0.000000	0.000000	0.000000	-0.500000	0.000000	0.000000	-1.000000	1.000000	1.000000	0.000000	0.000000
cut.c:430	0.000000	0.000000	0.000000	0.000000	-0.500000	0.000000	0.000000	-1.000000	1.000000	1.000000	0.000000	0.000000
cut.c:436	0.000000	0.000000	0.000000	0.000000	-0.500000	0.000000	0.000000	-1.000000	1.000000	1.000000	0.000000	0.000000
cut.c:437	0.000000	0.000000	0.000000	0.000000	-0.500000	0.000000	0.000000	-1.000000	1.000000	1.000000	0.000000	0.000000
cut.c:439	0.000000	0.000000	0.000000	0.000000	-0.500000	0.000000	0.000000	-1.000000	1.000000	1.000000	0.000000	0.000000
cut.c:445	0.000000	0.000000	0.000000	0.000000	-0.500000	0.000000	0.000000	-1.000000	1.000000	1.000000	0.000000	0.000000
cut.c:446	0.000000	0.000000	0.000000	0.000000	-0.500000	0.000000	0.000000	-1.000000	1.000000	1.000000	0.000000	0.000000
cut.c:447	0.000000	0.000000	0.000000	0.000000	-0.500000	0.000000	0.000000	-1.000000	1.000000	1.000000	0.000000	0.000000
cut.c:450	0.500000	0.707107	0.500000	1.000000	0.500000	0.500000	1.000000	0.000000	3.000000	0.000000	1.333333	0.000000
cut.c:452	0.500000	0.707107	0.500000	1.000000	0.500000	0.500000	1.000000	0.000000	3.000000	0.000000	1.333333	0.000000
cut.c:455	0.000000	0.000000	0.000000	0.000000	-0.500000	0.000000	0.000000	-1.000000	1.000000	1.000000	0.000000	0.000000
cut.c:456	0.000000	0.000000	0.000000	0.000000	-0.500000	0.000000	0.000000	-1.000000	1.000000	1.000000	0.000000	0.000000
cut.c:457	0.000000	0.000000	0.000000	0.000000	-0.500000	0.000000	0.000000	-1.000000	1.000000	1.000000	0.000000	0.000000
cut.c:459	0.500000	0.707107	0.500000	1.000000	0.500000	0.500000	1.000000	0.000000	3.000000	0.000000	1.333333	0.000000
cut.c:464	0.500000	0.707107	0.500000	1.000000	0.500000	0.500000	1.000000	0.000000	3.000000	0.000000	1.333333	0.000000
cut.c:465	0.500000	0.707107	0.500000	1.000000	0.500000	0.500000	1.000000	0.000000	3.000000	0.000000	1.333333	0.000000
cut.c:466	0.500000	0.707107	0.500000	1.000000	0.500000	0.500000	1.000000	0.000000	3.000000	0.000000	1.333333	0.000000
cut.c:468	0.500000	0.707107	0.500000	1.000000	0.500000	0.500000	1.000000	0.000000	3.000000	0.000000	1.333333	0.000000
cut.c:469	0.000000	0.000000	0.000000	0.000000	-0.500000	0.000000	0.000000	-1.000000	1.000000	1.000000	0.000000	0.000000
cut.c:471	0.500000	0.707107	0.500000	1.000000	0.500000	0.500000	1.000000	0.000000	3.000000	0.000000	1.333333	0.000000
cut.c:474	0.500000	0.707107	0.500000	1.000000	0.500000	0.500000	1.000000	0.000000	3.000000	0.000000	1.333333	0.000000
cut.c:491	0.500000	0.707107	0.500000	1.000000	0.500000	0.500000	1.000000	0.000000	3.000000	0.000000	1.333333	0.000000
cut.c:495	0.500000	0.707107	0.500000	1.000000	0.500000	0.500000	1.000000	0.000000	3.000000	0.000000	1.333333	0.000000
cut.c:497	0.500000	0.707107	0.500000	1.000000	0.500000	0.500000	1.000000	0.000000	3.000000	0.000000	1.333333	0.000000
cut.c:498	0.500000	0.707107	0.500000	1.000000	0.500000	0.500000	1.000000	0.000000	3.000000	0.000000	1.333333	0.000000
cut.c:500	0.000000	0.000000	0.000000	0.000000	-0.500000	0.000000	0.000000	-1.000000	1.000000	1.000000	0.000000	0.000000
cut.c:501	0.000000	0.000000	0.000000	0.000000	-0.500000	0.000000	0.000000	-1.000000	1.000000	1.000000	0.000000	0.000000
cut.c:503	0.500000	0.707107	0.500000	1.000000	0.500000	0.500000	1.000000	0.000000	3.000000	0.000000	1.333333	0.000000
cut.c:504	0.500000	0.707107	0.500000	1.000000	0.500000	0.500000	1.000000	0.000000	3.000000	0.000000	1.333333	0.000000
cut.c:510	0.500000	0.707107	0.500000	1.000000	0.500000	0.500000	1.000000	0.000000	3.000000	0.000000	1.333333	0.000000
cut.c:512	0.000000	0.000000	0.000000	0.000000	-0.500000	0.000000	0.000000	-1.000000	1.000000	1.000000	0.000000	0.000000
cut.c:515	0.000000	0.000000	0.000000	0.000000	-0.500000	0.000000	0.000000	-1.000000	1.000000	1.000000	0.000000	0.000000
cut.c:518	0.000000	0.000000	0.000000	0.000000	-0.500000	0.000000	0.000000	-1.000000	1.000000	1.000000	0.000000	0.000000
cut.c:519	0.000000	0.000000	0.000000	0.000000	-0.500000	0.000000	0.000000	-1.000000	1.000000	1.000000	0.000000	0.000000
cut.c:523	0.000000	0.000000	0.000000	0.000000	-0.500000	0.000000	0.000000	-1.000000	1.000000	1.000000	0.000000	0.000000
cut.c:524	0.000000	0.000000	0.000000	0.000000	-0.500000	0.000000	0.000000	-1.000000	1.000000	1.000000	0.000000	0.000000
cut.c:525	0.000000	0.000000	0.000000	0.000000	-0.500000	0.000000	0.000000	-1.000000	1.000000	1.000000	0.000000	0.000000
cut.c:526	0.000000	0.000000	0.000000	0.000000	-0.500000	0.000000	0.000000	-1.000000	1.000000	1.000000	0.000000	0.000000
cut.c:528	0.000000	0.000000	0.000000	0.000000	-0.500000	0.000000	0.000000	-1.000000	1.000000	1.000000	0.000000	0.000000
cut.c:529	0.000000	0.000000	0.000000	0.000000	-0.500000	0.000000	0.000000	-1.000000	1.000000	1.000000	0.000000	0.000000
cut.c:532	0.000000	0.000000	0.000000	0.000000	-0.500000	0.000000	0.000000	-1.000000	1.000000	1.000000	0.000000	0.000000
cut.c:533	0.000000	0.000000	0.000000	0.000000	-0.500000	0.000000	0.000000	-1.000000	1.000000	1.000000	0.000000	0.000000
cut.c:534	0.000000	0.000000	0.000000	0.000000	-0.500000	0.000000	0.000000	-1.000000	1.000000	1.000000	0.000000	0.000000
cut.c:535	0.000000	0.000000	0.000000	0.000000	-0.500000	0.000000	0.000000	-1.000000	1.000000	1.000000	0.000000	0.000000
cut.c:537	0.000000	0.000000	0.000000	0.000000	-0.500000	0.000000	0.000000	-1.000000	1.000000	1.000000	0.000000	0.000000
cut.c:539	0.000000	0.000000	0.000000	0.000000	-0.500000	0.000000	0.000000	-1.000000	1.000000	1.000000	0.000000	0.000000
cut.c:545	0.000000	0.000000	0.000000	0.000000	-0.500000	0.000000	0.000000	-1.000000	1.000000	1.000000	0.000000	0.000000
cut.c:552	0.000000	0.000000	0.000000	0.000000	-0.500000	0.000000	0.000000	-1.000000	1.000000	1.000000	0.000000	0.000000
cut.c:553	0.000000	0.000000	0.000000	0.000000	-0.500000	0.000000	0.000000	-1.000000	1.000000	1.000000	0.000000	0.000000
cut.c:558	0.000000	0.000000	0.000000	0.000000	-0.500000	0.000000	0.000000	-1.000000	1.000000	1.000000	0.000000	0.000000
cut.c:560	0.000000	0.000000	0.000000	0.000000	-0.500000	0.000000	0.000000	-1.000000	1.000000	1.000000	0.000000	0.000000
cut.c:562	0.000000	0.000000	0.000000	0.000000	-0.500000	0.000000	0.000000	-1.000000	1.000000	1.000000	0.000000	0.000000
cut.c:563	0.000000	0.000000	0.000000	0.000000	-0.500000	0.000000	0.000000	-1.000000	1.000000	1.000000	0.000000	0.000000
cut.c:564	0.000000	0.000000	0.000000	0.000000	-0.500000	0.000000	0.000000	-1.000000	1.000000	1.000000	0.000000	0.000000
cut.c:566	0.000000	0.000000	0.000000	0.000000	-0.500000	0.000000	0.000000	-1.000000	1.000000	1.000000	0.000000	0.000000
cut.c:568	0.000000	0.000000	0.000000	0.000000	-0.500000	0.000000	0.000000	-1.000000	1.000000	1.000000	0.000000	0.000000
cut.c:569	0.000000	0.000000	0.000000	0.000000	-0.500000	0.000000	0.000000	-1.000000	1.000000	1.000000	0.000000	0.000000
cut.c:570	0.000000	0.000000	0.000000	0.000000	-0.500000	0.000000	0.000000	-1.000000	1.000000	1.000000	0.000000	0.000000
cut.c:575	0.000000	0.000000	0.000000	0.000000	-0.500000	0.000000	0.000000	-1.000000	1.000000	1.000000	0.000000	0.000000
cut.c:576	0.000000	0.000000	0.000000	0.000000	-0.500000	0.000000	0.000000	-1.000000	1.000000	1.000000	0.000000	0.000000
cut.c:578	0.000000	0.000000	0.000000	0.000000	-0.500000	0.000000	0.000000	-1.000000	1.000000	1.000000	0.000000	0.000000
cut.c:580	0.000000	0.000000	0.000000	0.000000	-0.500000	0.000000	0.000000	-1.000000	1.000000	1.000000	0.000000	0.000000
cut.c:583	0.000000	0.000000	0.000000	0.000000	-0.500000	0.000000	0.000000	-1.000000	1.000000	1.000000	0.000000	0.000000
cut.c:584	0.000000	0.000000	0.000000	0.000000	-0.500000	0.000000	0.000000	-1.000000	1.000000	1.000000	0.000000	0.000000
cut.c:587	0.000000	0.000000	0.000000	0.000000	-0.500000	0.000000	0.000000	-1.000000	1.000000	1.000000	0.000000	0.000000
cut.c:588	0.000000	0.000000	0.000000	0.000000	-0.500000	0.000000	0.000000	-1.000000	1.000000	1.000000	0.000000	0.000000
cut.c:593	0.000000	0.000000	0.000000	0.000000	-0.500000	0.000000	0.000000	-1.000000	1.000000	1.000000	0.000000	0.000000
cut.c:596	0.000000	0.000000	0.000000	0.000000	-0.500000	0.000000	0.000000	-1.000000	1.000000	1.000000	0.000000	0.000000
cut.c:597	0.000000	0.000000	0.000000	0.000000	-0.500000	0.000000	0.000000	-1.000000	1.000000	1.000000	0.000000	0.000000
cut.c:600	0.000000	0.000000	0.000000	0.000000	-0.500000	0.000000	0.000000	-1.000000	1.000000	1.000000	0.000000	0.000000
cut.c:601	0.000000	0.000000	0.000000	0.000000	-0.500000	0.000000	0.000000	-1.000000	1.000000	1.000000	0.000000	0.000000
cut.c:602	0.000000	0.000000	0.000000	0.000000	-0.500000	0.000000	0.000000	-1.000000	1.000000	1.000000	0.000000	0.000000
cut.c:604	0.000000	0.000000	0.000000	0.000000	-0.500000	0.000000	0.000000	-1.000000	1.000000	1.000000	0.000000	0.000000
cut.c:612	0.000000	0.000000	0.000000	0.000000	-0.500000	0.000000	0.000000	-1.000000	1.000000	1.000000	0.000000	0.000000
cut.c:616	0.000000	0.000000	0.000000	0.000000	-0.500000	0.000000	0.000000	-1.000000	1.000000	1.000000	0.000000	0.000000
cut.c:621	0.000000	0.000000	0.000000	0.000000	-0.500000	0.000000	0.000000	-1.000000	1.000000	1.000000	0.000000	0.000000
cut.c:623	0.000000	0.000000	0.000000	0.000000	-0.500000	0.000000	0.000000	-1.000000	1.000000	1.000000	0.000000	0.000000
cut.c:625	0.000000	0.000000	0.000000	0.000000	-0.500000	0.000000	0.000000	-1.000000	1.000000	1.000000	0.000000	0.000000
cut.c:626	0.000000	0.000000	0.000000	0.000000	-0.500000	0.000000	0.000000	-1.000000	1.000000	1.000000	0.000000	0.000000
cut.c:627	0.000000	0.000000	0.000000	0.000000	-0.500000	0.000000	0.000000	-1.000000	1.000000	1.000000	0.000000	0.000000
cut.c:632	0.000000	0.000000	0.000000	0.000000	-0.500000	0.000000	0.000000	-1.000000	1.000000	1.000000	0.000000	0.000000
cut.c:633	0.000000	0.000000	0.000000	0.000000	-0.500000	0.000000	0.000000	-1.000000	1.000000	1.000000	0.000000	0.000000
cut.c:638	0.000000	0.000000	0.000000	0.000000	-0.500000	0.000000	0.000000	-1.000000	1.000000	1.000000	0.000000	0.000000
cut.c:640	0.000000	0.000000	0.000000	0.000000	-0.500000	0.000000	0.000000	-1.000000	1.000000	1.000000	0.000000	0.000000
cut.c:646	0.000000	0.000000	0.000000	0.000000	-0.500000	0.000000	0.000000	-1.000000	1.000000	1.000000	0.000000	0.000000
cut.c:648	0.000000	0.000000	0.000000	0.000000	-0.500000	0.000000	0.000000	-1.000000	1.000000	1.000000	0.000000	0.000000
cut.c:649	0.000000	0.000000	0.000000	0.000000	-0.500000	0.000000	0.000000	-1.000000	1.000000	1.000000	0.000000	0.000000
cut.c:651	0.000000	0.000000	0.000000	0.000000	-0.500000	0.000000	0.000000	-1.000000	1.000000	1.000000	0.000000	0.000000
cut.c:653	0.000000	0.000000	0.000000	0.000000	-0.500000	0.000000	0.000000	-1.000000	1.000000	1.000000	0.000000	0.000000
cut.c:656	0.000000	0.000000	0.000000	0.000000	-0.500000	0.000000	0.000000	-1.000000	1.000000	1.000000	0.000000	0.000000
cut.c:657	0.000000	0.000000	0.000000	0.000000	-0.500000	0.000000	0.000000	-1.000000	1.000000	1.000000	0.000000	0.000000
cut.c:659	0.000000	0.000000	0.000000	0.000000	-0.500000	0.000000	0.000000	-1.000000	1.000000	1.000000	0.000000	0.000000
cut.c:662	0.000000	0.000000	0.000000	0.000000	-0.500000	0.000000	0.000000	-1.000000	1.000000	1.000000	0.000000	0.000000
cut.c:664	0.000000	0.000000	0.000000	0.000000	-0.500000	0.000000	0.000000	-1.000000	1.000000	1.000000	0.000000	0.000000
cut.c:666	0.000000	0.000000	0.000000	0.000000	-0.500000	0.000000	0.000000	-1.000000	1.000000	1.000000	0.000000	0.000000
cut.c:668	0.000000	0.000000	0.000000	0.000000	-0.500000	0.000000	0.000000	-1.000000	1.000000	1.000000	0.000000	0.000000
cut.c:671	0.000000	0.000000	0.000000	0.000000	-0.500000	0.000000	0.000000	-1.000000	1.000000	1.000000	0.000000	0.000000
cut.c:673	0.000000	0.000000	0.000000	0.000000	-0.500000	0.000000	0.000000	-1.000000	1.000000	1.000000	0.000000	0.000000
cut.c:675	0.000000	0.000000	0.000000	0.000000	-0.500000	0.000000	0.000000	-1.000000	1.000000	1.000000	0.000000	0.000000
cut.c:680	0.000000	0.000000	0.000000	0.000000	-0.500000	0.000000	0.000000	-1.000000	1.000000	1.000000	0.000000	0.000000
cut.c:687	0.000000	0.000000	0.000000	0.000000	-0.500000	0.000000	0.000000	-1.000000	1.000000	1.000000	0.000000	0.000000
cut.c:689	0.000000	0.000000	0.000000	0.000000	-0.500000	0.000000	0.000000	-1.000000	1.000000	1.000000	0.000000	0.000000
cut.c:690	0.000000	0.000000	0.000000	0.000000	-0.500000	0.000000	0.000000	-1.000000	1.000000	1.000000	0.000000	0.000000
cut.c:692	0.000000	0.000000	0.000000	0.000000	-0.500000	0.000000	0.000000	-1.000000	1.000000	1.000000	0.000000	0.000000
cut.c:693	0.000000	0.000000	0.000000	0.000000	-0.500000	0.000000	0.000000	-1.000000	1.000000	1.000000	0.000000	0.000000
cut.c:697	0.000000	0.000000	0.000000	0.000000	-0.500000	0.000000	0.000000	-1.000000	1.000000	1.000000	0.000000	0.000000
cut.c:698	0.000000	0.000000	0.000000	0.000000	-0.500000	0.000000	0.000000	-1.000000	1.000000	1.000000	0.000000	0.000000
cut.c:699	0.000000	0.000000	0.000000	0.000000	-0.500000	0.000000	0.000000	-1.000000	1.000000	1.000000	0.000000	0.000000
cut.c:701	0.000000	0.000000	0.000000	0.000000	-0.500000	0.000000	0.000000	-1.000000	1.000000	1.000000	0.000000	0.000000
cut.c:702	0.000000	0.000000	0.000000	0.000000	-0.500000	0.000000	0.000000	-1.000000	1.000000	1.000000	0.000000	0.000000
cut.c:703	0.000000	0.000000	0.000000	0.000000	-0.500000	0.000000	0.000000	-1.000000	1.000000	1.000000	0.000000	0.000000
cut.c:704	0.000000	0.000000	0.000000	0.000000	-0.500000	0.000000	0.000000	-1.000000	1.000000	1.000000	0.000000	0.000000
cut.c:705	0.000000	0.000000	0.000000	0.000000	-0.500000	0.000000	0.000000	-1.000000	1.000000	1.000000	0.000000	0.000000
cut.c:706	0.000000	0.000000	0.000000	0.000000	-0.500000	0.000000	0.000000	-1.000000	1.000000	1.000000	0.000000	0.000000
cut.c:707	0.000000	0.000000	0.000000	0.000000	-0.500000	0.000000	0.000000	-1.000000	1.000000	1.000000	0.000000	0.000000
cut.c:709	0.000000	0.000000	0.000000	0.000000	-0.500000	0.000000	0.000000	-1.000000	1.000000	1.000000	0.000000	0.000000
cut.c:713	0.000000	0.000000	0.000000	0.000000	-0.500000	0.000000	0.000000	-1.000000	1.000000	1.000000	0.000000	0.000000
cut.c:715	0.000000	0.000000	0.000000	0.000000	-0.500000	0.000000	0.000000	-1.000000	1.000000	1.000000	0.000000	0.000000
cut.c:716	0.000000	0.000000	0.000000	0.000000	-0.500000	0.000000	0.000000	-1.000000	1.000000	1.000000	0.000000	0.000000
cut.c:718	0.000000	0.000000	0.000000	0.000000	-0.500000	0.000000	0.000000	-1.000000	1.000000	1.000000	0.000000	0.000000
cut.c:719	0.000000	0.000000	0.000000	0.000000	-0.500000	0.000000	0.000000	-1.000000	1.000000	1.000000	0.000000	0.000000
cut.c:725	0.000000	0.000000	0.000000	0.000000	-0.500000	0.000000	0.000000	-1.000000	1.000000	1.000000	0.000000	0.000000
cut.c:729	0.000000	0.000000	0.000000	0.000000	-0.500000	0.000000	0.000000	-1.000000	1.000000	1.000000	0.000000	0.000000
cut.c:731	0.000000	0.000000	0.000000	0.000000	-0.500000	0.000000	0.000000	-1.000000	1.000000	1.000000	0.000000	0.000000
cut.c:732	0.000000	0.000000	0.000000	0.000000	-0.500000	0.000000	0.000000	-1.000000	1.000000	1.000000	0.000000	0.000000
cut.c:736	0.000000	0.000000	0.000000	0.000000	-0.500000	0.000000	0.000000	-1.000000	1.000000	1.000000	0.000000	0.000000
cut.c:737	0.000000	0.000000	0.000000	0.000000	-0.500000	0.000000	0.000000	-1.000000	1.000000	1.000000	0.000000	0.000000
cut.c:744	0.000000	0.000000	0.000000	0.000000	-0.500000	0.000000	0.000000	-1.000000	1.000000	1.000000	0.000000	0.000000
cut.c:746	0.000000	0.000000	0.000000	0.000000	-0.500000	0.000000	0.000000	-1.000000	1.000000	1.000000	0.000000	0.000000
cut.c:748	0.000000	0.000000	0.000000	0.000000	-0.500000	0.000000	0.000000	-1.000000	1.000000	1.000000	0.000000	0.000000
cut.c:753	0.000000	0.000000	0.000000	0.000000	-0.500000	0.000000	0.000000	-1.000000	1.000000	1.000000	0.000000	0.000000
cut.c:754	0.000000	0.000000	0.000000	0.000000	-0.500000	0.000000	0.000000	-1.000000	1.000000	1.000000	0.000000	0.000000
cut.c:755	0.000000	0.000000	0.000000	0.000000	-0.500000	0.000000	0.000000	-1.000000	1.000000	1.000000	0.000000	0.000000
cut.c:760	0.000000	0.000000	0.000000	0.000000	-0.500000	0.000000	0.000000	-1.000000	1.000000	1.000000	0.000000	0.000000
cut.c:764	0.500000	0.707107	0.500000	1.000000	0.500000	0.500000	1.000000	0.000000	3.000000	0.000000	1.333333	0.000000
cut.c:768	0.500000	0.707107	0.500000	1.000000	0.500000	0.500000	1.000000	0.000000	3.000000	0.000000	1.333333	0.000000
cut.c:769	0.500000	0.707107	0.500000	1.000000	0.500000	0.500000	1.000000	0.000000	3.000000	0.000000	1.333333	0.000000
cut.c:772	0.500000	0.707107	0.500000	1.000000	0.500000	0.500000	1.000000	0.000000	3.000000	0.000000	1.333333	0.000000
cut.c:773	0.500000	0.707107	0.500000	1.000000	0.500000	0.500000	1.000000	0.000000	3.000000	0.000000	1.333333	0.000000
cut.c:777	0.500000	0.707107	0.500000	1.000000	0.500000	0.500000	1.000000	0.000000	3.000000	0.000000	1.333333	0.000000
cut.c:779	0.500000	0.707107	0.500000	1.000000	0.500000	0.500000	1.000000	0.000000	3.000000	0.000000	1.333333	0.000000
cut.c:782	0.500000	0.707107	0.500000	1.000000	0.500000	0.500000	1.000000	0.000000	3.000000	0.000000	1.333333	0.000000
cut.c:784	0.500000	0.707107	0.500000	1.000000	0.500000	0.500000	1.000000	0.000000	3.000000	0.000000	1.333333	0.000000
cut.c:785	0.500000	0.707107	0.500000	1.000000	0.500000	0.500000	1.000000	0.000000	3.000000	0.000000	1.333333	0.000000
cut.c:787	0.500000	0.707107	0.500000	1.000000	0.500000	0.500000	1.000000	0.000000	3.000000	0.000000	1.333333	0.000000
cut.c:789	0.500000	0.707107	0.500000	1.000000	0.500000	0.500000	1.000000	0.000000	3.000000	0.000000	1.333333	0.000000
cut.c:794	0.500000	0.707107	0.500000	1.000000	0.500000	0.500000	1.000000	0.000000	3.000000	0.000000	1.333333	0.000000
cut.c:796	0.500000	0.707107	0.500000	1.000000	0.500000	0.500000	1.000000	0.000000	3.000000	0.000000	1.333333	0.000000
cut.c:797	0.500000	0.707107	0.500000	1.000000	0.500000	0.500000	1.000000	0.000000	3.000000	0.000000	1.333333	0.000000
cut.c:798	0.500000	0.707107	0.500000	1.000000	0.500000	0.500000	1.000000	0.000000	3.000000	0.000000	1.333333	0.000000
cut.c:802	0.000000	0.000000	0.000000	0.000000	-0.500000	0.000000	0.000000	-1.000000	1.000000	1.000000	0.000000	0.000000
cut.c:804	0.000000	0.000000	0.000000	0.000000	-0.500000	0.000000	0.000000	-1.000000	1.000000	1.000000	0.000000	0.000000
cut.c:805	0.000000	0.000000	0.000000	0.000000	-0.500000	0.000000	0.000000	-1.000000	1.000000	1.000000	0.000000	0.000000
cut.c:806	0.000000	0.000000	0.000000	0.000000	-0.500000	0.000000	0.000000	-1.000000	1.000000	1.000000	0.000000	0.000000
cut.c:811	0.000000	0.000000	0.000000	0.000000	-0.500000	0.000000	0.000000	-1.000000	1.000000	1.000000	0.000000	0.000000
cut.c:813	0.000000	0.000000	0.000000	0.000000	-0.500000	0.000000	0.000000	-1.000000	1.000000	1.000000	0.000000	0.000000
cut.c:814	0.000000	0.000000	0.000000	0.000000	-0.500000	0.000000	0.000000	-1.000000	1.000000	1.000000	0.000000	0.000000
cut.c:815	0.000000	0.000000	0.000000	0.000000	-0.500000	0.000000	0.000000	-1.000000	1.000000	1.000000	0.000000	0.000000
cut.c:818	0.000000	0.000000	0.000000	0.000000	-0.500000	0.000000	0.000000	-1.000000	1.000000	1.000000	0.000000	0.000000
cut.c:821	0.000000	0.000000	0.000000	0.000000	-0.500000	0.000000	0.000000	-1.000000	1.000000	1.000000	0.000000	0.000000
cut.c:822	0.000000	0.000000	0.000000	0.000000	-0.500000	0.000000	0.000000	-1.000000	1.000000	1.000000	0.000000	0.000000
cut.c:823	0.000000	0.000000	0.000000	0.000000	-0.500000	0.000000	0.000000	-1.000000	1.000000	1.000000	0.000000	0.000000
cut.c:824	0.000000	0.000000	0.000000	0.000000	-0.500000	0.000000	0.000000	-1.000000	1.000000	1.000000	0.000000	0.000000
cut.c:830	0.000000	0.000000	0.000000	0.000000	-0.500000	0.000000	0.000000	-1.000000	1.000000	1.000000	0.000000	0.000000
cut.c:831	0.000000	0.000000	0.000000	0.000000	-0.500000	0.000000	0.000000	-1.000000	1.000000	1.000000	0.000000	0.000000
cut.c:834	0.000000	0.000000	0.000000	0.000000	-0.500000	0.000000	0.000000	-1.000000	1.000000	1.000000	0.000000	0.000000
cut.c:835	0.000000	0.000000	0.000000	0.000000	-0.500000	0.000000	0.000000	-1.000000	1.000000	1.000000	0.000000	0.000000
cut.c:839	0.000000	0.000000	0.000000	0.000000	-0.500000	0.000000	0.000000	-1.000000	1.000000	1.000000	0.000000	0.000000
cut.c:846	0.500000	0.707107	0.500000	1.000000	0.500000	0.500000	1.000000	0.000000	3.000000	0.000000	1.333333	0.000000
cut.c:847	0.000000	0.000000	0.000000	0.000000	-0.500000	0.000000	0.000000	-1.000000	1.000000	1.000000	0.000000	0.000000
cut.c:849	0.500000	0.707107	0.500000	1.000000	0.500000	0.500000	1.000000	0.000000	3.000000	0.000000	1.333333	0.000000
cut.c:850	0.000000	0.000000	0.000000	0.000000	-0.500000	0.000000	0.000000	-1.000000	1.000000	1.000000	0.000000	0.000000
cut.c:853	0.500000	0.707107	0.500000	1.000000	0.500000	0.500000	1.000000	0.000000	3.000000	0.000000	1.333333	0.000000
cut.c:854	0.000000	0.000000	0.000000	0.000000	-0.500000	0.000000	0.000000	-1.000000	1.000000	1.000000	0.000000	0.000000
cut.c:857	0.500000	0.707107	0.500000	1.000000	0.500000	0.500000	1.000000	0.000000	3.000000	0.000000	1.333333	0.000000
cut.c:859	0.000000	0.000000	0.000000	0.000000	-0.500000	0.000000	0.000000	-1.000000	1.000000	1.000000	0.000000	0.000000
cut.c:862	0.000000	0.000000	0.000000	0.000000	-0.500000	0.000000	0.000000	-1.000000	1.000000	1.000000	0.000000	0.000000
cut.c:867	0.500000	0.707107	0.500000	1.000000	0.500000	0.500000	1.000000	0.000000	3.000000	0.000000	1.333333	0.000000
cut.c:875	0.000000	0.000000	0.000000	0.000000	-0.500000	0.000000	0.000000	-1.000000	1.000000	1.000000	0.000000	0.000000
cut.c:876	0.000000	0.000000	0.000000	0.000000	-0.500000	0.000000	0.000000	-1.000000	1.000000	1.000000	0.000000	0.000000
cut.c:878	0.000000	0.000000	0.000000	0.000000	-0.500000	0.000000	0.000000	-1.000000	1.000000	1.000000	0.000000	0.000000
cut.c:881	0.000000	0.000000	0.000000	0.000000	-0.500000	0.000000	0.000000	-1.000000	1.000000	1.000000	0.000000	0.000000
cut.c:882	0.000000	0.000000	0.000000	0.000000	-0.500000	0.000000	0.000000	-1.000000	1.000000	1.000000	0.000000	0.000000
cut.c:883	0.000000	0.000000	0.000000	0.000000	-0.500000	0.000000	0.000000	-1.000000	1.000000	1.000000	0.000000	0.000000
cut.c:884	0.000000	0.000000	0.000000	0.000000	-0.500000	0.000000	0.000000	-1.000000	1.000000	1.000000	0.000000	0.000000
cut.c:887	0.000000	0.000000	0.000000	0.000000	-0.500000	0.000000	0.000000	-1.000000	1.000000	1.000000	0.000000	0.000000
cut.c:888	0.000000	0.000000	0.000000	0.000000	-0.500000	0.000000	0.000000	-1.000000	1.000000	1.000000	0.000000	0.000000
cut.c:890	0.000000	0.000000	0.000000	0.000000	-0.500000	0.000000	0.000000	-1.000000	1.000000	1.000000	0.000000	0.000000
cut.c:891	0.000000	0.000000	0.000000	0.000000	-0.500000	0.000000	0.000000	-1.000000	1.000000	1.000000	0.000000	0.000000
cut.c:893	0.000000	0.000000	0.000000	0.000000	-0.500000	0.000000	0.000000	-1.000000	1.000000	1.000000	0.000000	0.000000
cut.c:894	0.000000	0.000000	0.000000	0.000000	-0.500000	0.000000	0.000000	-1.000000	1.000000	1.000000	0.000000	0.000000
cut.c:896	0.000000	0.000000	0.000000	0.000000	-0.500000	0.000000	0.000000	-1.000000	1.000000	1.000000	0.000000	0.000000
cut.c:902	0.000000	0.000000	0.000000	0.000000	-0.500000	0.000000	0.000000	-1.000000	1.000000	1.000000	0.000000	0.000000
