ftsfind.c:104	0.000000	0.000000	0.000000	0.000000	-0.962500	0.000000	0.000000	-1.000000	11.603392	2.962257	0.000000	0.000000
ftsfind.c:106	0.000000	0.000000	0.000000	0.000000	-0.962500	0.000000	0.000000	-1.000000	11.603392	2.962257	0.000000	0.000000
ftsfind.c:118	0.000000	0.000000	0.000000	0.000000	-0.962500	0.000000	0.000000	-1.000000	11.603392	2.962257	0.000000	0.000000
ftsfind.c:122	0.506410	0.113228	0.012821	1.000000	0.037500	0.012500	1.000000	2.000000	13.603392	2.788362	1.006452	8.602325
ftsfind.c:124	0.506410	0.113228	0.012821	1.000000	0.037500	0.012500	1.000000	2.000000	13.603392	2.788362	1.006452	8.602325
ftsfind.c:136	0.506410	0.113228	0.012821	1.000000	0.037500	0.012500	1.000000	2.000000	13.603392	2.788362	1.006452	8.602325
ftsfind.c:143	0.506410	0.113228	0.012821	1.000000	0.037500	0.012500	1.000000	2.000000	13.603392	2.788362	1.006452	8.602325
ftsfind.c:145	0.506410	0.113228	0.012821	1.000000	0.037500	0.012500	1.000000	2.000000	13.603392	2.788362	1.006452	8.602325
ftsfind.c:178	0.506410	0.113228	0.012821	1.000000	0.037500	0.012500	1.000000	2.000000	13.603392	2.788362	1.006452	8.602325
ftsfind.c:229	0.506410	0.113228	0.012821	1.000000	0.037500	0.012500	1.000000	2.000000	13.603392	2.788362	1.006452	8.602325
ftsfind.c:233	0.506410	0.113228	0.012821	1.000000	0.037500	0.012500	1.000000	2.000000	13.603392	2.788362	1.006452	8.602325
ftsfind.c:234	0.506410	0.113228	0.012821	1.000000	0.037500	0.012500	1.000000	2.000000	13.603392	2.788362	1.006452	8.602325
ftsfind.c:235	0.506410	0.113228	0.012821	1.000000	0.037500	0.012500	1.000000	2.000000	13.603392	2.788362	1.006452	8.602325
ftsfind.c:236	0.506410	0.113228	0.012821	1.000000	0.037500	0.012500	1.000000	2.000000	13.603392	2.788362	1.006452	8.602325
ftsfind.c:239	0.506410	0.113228	0.012821	1.000000	0.037500	0.012500	1.000000	2.000000	13.603392	2.788362	1.006452	8.602325
ftsfind.c:240	0.506410	0.113228	0.012821	1.000000	0.037500	0.012500	1.000000	2.000000	13.603392	2.788362	1.006452	8.602325
ftsfind.c:243	0.519737	0.116248	0.013514	1.000000	0.087500	0.012500	1.000000	6.000000	15.442983	2.746635	1.006803	8.124038
ftsfind.c:245	0.000000	0.000000	0.000000	0.000000	-0.062500	0.000000	0.000000	-1.000000	19.440719	1.495349	0.000000	0.000000
ftsfind.c:247	0.519737	0.116248	0.013514	1.000000	0.087500	0.012500	1.000000	6.000000	15.442983	2.746635	1.006803	8.124038
ftsfind.c:318	0.000000	0.000000	0.000000	0.000000	-0.050000	0.000000	0.000000	-1.000000	19.320508	1.414214	0.000000	0.000000
ftsfind.c:322	0.000000	0.000000	0.000000	0.000000	-0.050000	0.000000	0.000000	-1.000000	19.320508	1.414214	0.000000	0.000000
ftsfind.c:323	0.000000	0.000000	0.000000	0.000000	-0.050000	0.000000	0.000000	-1.000000	19.320508	1.414214	0.000000	0.000000
ftsfind.c:326	0.000000	0.000000	0.000000	0.000000	-0.050000	0.000000	0.000000	-1.000000	19.320508	1.414214	0.000000	0.000000
ftsfind.c:331	0.000000	0.000000	0.000000	0.000000	-0.050000	0.000000	0.000000	-1.000000	19.320508	1.414214	0.000000	0.000000
ftsfind.c:335	0.000000	0.000000	0.000000	0.000000	-0.050000	0.000000	0.000000	-1.000000	19.320508	1.414214	0.000000	0.000000
ftsfind.c:336	0.000000	0.000000	0.000000	0.000000	-0.050000	0.000000	0.000000	-1.000000	19.320508	1.414214	0.000000	0.000000
ftsfind.c:339	0.000000	0.000000	0.000000	0.000000	-0.050000	0.000000	0.000000	-1.000000	19.320508	1.414214	0.000000	0.000000
ftsfind.c:341	0.000000	0.000000	0.000000	0.000000	-0.050000	0.000000	0.000000	-1.000000	19.320508	1.414214	0.000000	0.000000
ftsfind.c:383	0.000000	0.000000	0.000000	0.000000	-0.050000	0.000000	0.000000	-1.000000	19.320508	1.414214	0.000000	0.000000
ftsfind.c:389	0.506410	0.113228	0.012821	1.000000	0.037500	0.012500	1.000000	2.000000	13.603392	2.788362	1.006452	8.602325
ftsfind.c:396	0.506410	0.113228	0.012821	1.000000	0.037500	0.012500	1.000000	2.000000	13.603392	2.788362	1.006452	8.602325
ftsfind.c:405	0.506410	0.113228	0.012821	1.000000	0.037500	0.012500	1.000000	2.000000	13.603392	2.788362	1.006452	8.602325
ftsfind.c:407	0.000000	0.000000	0.000000	0.000000	-0.775000	0.000000	0.000000	-1.000000	16.120219	2.806066	0.000000	0.000000
ftsfind.c:409	0.506410	0.113228	0.012821	1.000000	0.037500	0.012500	1.000000	2.000000	13.603392	2.788362	1.006452	8.602325
ftsfind.c:411	0.506410	0.113228	0.012821	1.000000	0.037500	0.012500	1.000000	2.000000	13.603392	2.788362	1.006452	8.602325
ftsfind.c:413	0.506410	0.113228	0.012821	1.000000	0.037500	0.012500	1.000000	2.000000	13.603392	2.788362	1.006452	8.602325
ftsfind.c:414	0.506410	0.113228	0.012821	1.000000	0.037500	0.012500	1.000000	2.000000	13.603392	2.788362	1.006452	8.602325
ftsfind.c:418	0.506410	0.113228	0.012821	1.000000	0.037500	0.012500	1.000000	2.000000	13.603392	2.788362	1.006452	8.602325
ftsfind.c:419	0.506410	0.113228	0.012821	1.000000	0.037500	0.012500	1.000000	2.000000	13.603392	2.788362	1.006452	8.602325
ftsfind.c:425	0.506410	0.113228	0.012821	1.000000	0.037500	0.012500	1.000000	2.000000	13.603392	2.788362	1.006452	8.602325
ftsfind.c:431	0.506410	0.113228	0.012821	1.000000	0.037500	0.012500	1.000000	2.000000	13.603392	2.788362	1.006452	8.602325
ftsfind.c:440	0.000000	0.000000	0.000000	0.000000	-0.050000	0.000000	0.000000	-1.000000	19.320508	1.414214	0.000000	0.000000
ftsfind.c:449	0.506410	0.113228	0.012821	1.000000	0.037500	0.012500	1.000000	2.000000	13.603392	2.788362	1.006452	8.602325
ftsfind.c:451	0.000000	0.000000	0.000000	0.000000	-0.312500	0.000000	0.000000	-1.000000	19.696938	2.236068	0.000000	0.000000
ftsfind.c:452	0.000000	0.000000	0.000000	0.000000	-0.312500	0.000000	0.000000	-1.000000	19.696938	2.236068	0.000000	0.000000
ftsfind.c:453	0.000000	0.000000	0.000000	0.000000	-0.312500	0.000000	0.000000	-1.000000	19.696938	2.236068	0.000000	0.000000
ftsfind.c:457	0.506410	0.113228	0.012821	1.000000	0.037500	0.012500	1.000000	2.000000	13.603392	2.788362	1.006452	8.602325
ftsfind.c:458	0.506410	0.113228	0.012821	1.000000	0.037500	0.012500	1.000000	2.000000	13.603392	2.788362	1.006452	8.602325
ftsfind.c:459	0.506410	0.113228	0.012821	1.000000	0.037500	0.012500	1.000000	2.000000	13.603392	2.788362	1.006452	8.602325
ftsfind.c:460	0.506410	0.113228	0.012821	1.000000	0.037500	0.012500	1.000000	2.000000	13.603392	2.788362	1.006452	8.602325
ftsfind.c:463	0.506410	0.113228	0.012821	1.000000	0.037500	0.012500	1.000000	2.000000	13.603392	2.788362	1.006452	8.602325
ftsfind.c:465	0.506410	0.113228	0.012821	1.000000	0.037500	0.012500	1.000000	2.000000	13.603392	2.788362	1.006452	8.602325
ftsfind.c:470	0.506410	0.113228	0.012821	1.000000	0.037500	0.012500	1.000000	2.000000	13.603392	2.788362	1.006452	8.602325
ftsfind.c:471	0.506410	0.113228	0.012821	1.000000	0.037500	0.012500	1.000000	2.000000	13.603392	2.788362	1.006452	8.602325
ftsfind.c:472	0.669492	0.158114	0.025000	1.000000	0.512500	0.012500	1.000000	40.000000	20.894109	2.290196	1.012658	1.414214
ftsfind.c:473	0.669492	0.158114	0.025000	1.000000	0.512500	0.012500	1.000000	40.000000	20.894109	2.290196	1.012658	1.414214
ftsfind.c:474	0.506410	0.113228	0.012821	1.000000	0.037500	0.012500	1.000000	2.000000	13.603392	2.788362	1.006452	8.602325
ftsfind.c:476	0.506410	0.113228	0.012821	1.000000	0.037500	0.012500	1.000000	2.000000	13.603392	2.788362	1.006452	8.602325
ftsfind.c:483	0.000000	0.000000	0.000000	0.000000	-0.125000	0.000000	0.000000	-1.000000	19.775525	1.778279	0.000000	0.000000
ftsfind.c:484	0.000000	0.000000	0.000000	0.000000	-0.125000	0.000000	0.000000	-1.000000	19.775525	1.778279	0.000000	0.000000
ftsfind.c:487	0.506410	0.113228	0.012821	1.000000	0.037500	0.012500	1.000000	2.000000	13.603392	2.788362	1.006452	8.602325
ftsfind.c:489	0.000000	0.000000	0.000000	0.000000	-0.062500	0.000000	0.000000	-1.000000	19.440719	1.495349	0.000000	0.000000
ftsfind.c:491	0.000000	0.000000	0.000000	0.000000	-0.062500	0.000000	0.000000	-1.000000	19.440719	1.495349	0.000000	0.000000
ftsfind.c:493	0.000000	0.000000	0.000000	0.000000	-0.062500	0.000000	0.000000	-1.000000	19.440719	1.495349	0.000000	0.000000
ftsfind.c:498	0.506410	0.113228	0.012821	1.000000	0.037500	0.012500	1.000000	2.000000	13.603392	2.788362	1.006452	8.602325
ftsfind.c:501	0.000000	0.000000	0.000000	0.000000	-0.112500	0.000000	0.000000	-1.000000	19.733201	1.732051	0.000000	0.000000
ftsfind.c:503	0.506410	0.113228	0.012821	1.000000	0.037500	0.012500	1.000000	2.000000	13.603392	2.788362	1.006452	8.602325
ftsfind.c:506	0.000000	0.000000	0.000000	0.000000	-0.675000	0.000000	0.000000	-1.000000	17.348469	2.710806	0.000000	0.000000
ftsfind.c:508	0.506410	0.113228	0.012821	1.000000	0.037500	0.012500	1.000000	2.000000	13.603392	2.788362	1.006452	8.602325
ftsfind.c:510	0.000000	0.000000	0.000000	0.000000	-0.050000	0.000000	0.000000	-1.000000	19.320508	1.414214	0.000000	0.000000
ftsfind.c:513	0.506410	0.113228	0.012821	1.000000	0.037500	0.012500	1.000000	2.000000	13.603392	2.788362	1.006452	8.602325
ftsfind.c:515	0.506410	0.113228	0.012821	1.000000	0.037500	0.012500	1.000000	2.000000	13.603392	2.788362	1.006452	8.602325
ftsfind.c:530	0.519737	0.116248	0.013514	1.000000	0.087500	0.012500	1.000000	6.000000	15.442983	2.746635	1.006803	8.124038
ftsfind.c:532	0.000000	0.000000	0.000000	0.000000	-0.050000	0.000000	0.000000	-1.000000	19.320508	1.414214	0.000000	0.000000
ftsfind.c:533	0.000000	0.000000	0.000000	0.000000	-0.050000	0.000000	0.000000	-1.000000	19.320508	1.414214	0.000000	0.000000
ftsfind.c:536	0.519737	0.116248	0.013514	1.000000	0.087500	0.012500	1.000000	6.000000	15.442983	2.746635	1.006803	8.124038
ftsfind.c:539	0.000000	0.000000	0.000000	0.000000	-0.775000	0.000000	0.000000	-1.000000	16.120219	2.806066	0.000000	0.000000
ftsfind.c:546	0.506410	0.113228	0.012821	1.000000	0.037500	0.012500	1.000000	2.000000	13.603392	2.788362	1.006452	8.602325
ftsfind.c:553	0.506410	0.113228	0.012821	1.000000	0.037500	0.012500	1.000000	2.000000	13.603392	2.788362	1.006452	8.602325
ftsfind.c:554	0.506410	0.113228	0.012821	1.000000	0.037500	0.012500	1.000000	2.000000	13.603392	2.788362	1.006452	8.602325
ftsfind.c:556	0.506410	0.113228	0.012821	1.000000	0.037500	0.012500	1.000000	2.000000	13.603392	2.788362	1.006452	8.602325
ftsfind.c:557	0.506410	0.113228	0.012821	1.000000	0.037500	0.012500	1.000000	2.000000	13.603392	2.788362	1.006452	8.602325
ftsfind.c:559	0.506410	0.113228	0.012821	1.000000	0.037500	0.012500	1.000000	2.000000	13.603392	2.788362	1.006452	8.602325
ftsfind.c:562	0.963415	0.500000	0.250000	1.000000	0.962500	0.012500	1.000000	76.000000	21.167647	0.855600	1.142857	8.602325
ftsfind.c:563	0.963415	0.500000	0.250000	1.000000	0.962500	0.012500	1.000000	76.000000	21.167647	0.855600	1.142857	8.602325
ftsfind.c:566	0.000000	0.000000	0.000000	0.000000	-0.037500	0.000000	0.000000	-1.000000	19.167647	1.316074	0.000000	0.000000
ftsfind.c:567	0.000000	0.000000	0.000000	0.000000	-0.037500	0.000000	0.000000	-1.000000	19.167647	1.316074	0.000000	0.000000
ftsfind.c:570	0.000000	0.000000	0.000000	0.000000	-0.887500	0.000000	0.000000	-1.000000	14.083004	2.902783	0.000000	0.000000
ftsfind.c:571	0.000000	0.000000	0.000000	0.000000	-0.887500	0.000000	0.000000	-1.000000	14.083004	2.902783	0.000000	0.000000
ftsfind.c:574	0.506410	0.113228	0.012821	1.000000	0.037500	0.012500	1.000000	2.000000	13.603392	2.788362	1.006452	8.602325
ftsfind.c:577	0.506410	0.113228	0.012821	1.000000	0.037500	0.012500	1.000000	2.000000	13.603392	2.788362	1.006452	8.602325
ftsfind.c:578	0.506410	0.113228	0.012821	1.000000	0.037500	0.012500	1.000000	2.000000	13.603392	2.788362	1.006452	8.602325
ftsfind.c:586	0.506410	0.113228	0.012821	1.000000	0.037500	0.012500	1.000000	2.000000	13.603392	2.788362	1.006452	8.602325
ftsfind.c:588	0.506410	0.113228	0.012821	1.000000	0.037500	0.012500	1.000000	2.000000	13.603392	2.788362	1.006452	8.602325
ftsfind.c:589	0.506410	0.113228	0.012821	1.000000	0.037500	0.012500	1.000000	2.000000	13.603392	2.788362	1.006452	8.602325
ftsfind.c:590	0.506410	0.113228	0.012821	1.000000	0.037500	0.012500	1.000000	2.000000	13.603392	2.788362	1.006452	8.602325
ftsfind.c:591	0.506410	0.113228	0.012821	1.000000	0.037500	0.012500	1.000000	2.000000	13.603392	2.788362	1.006452	8.602325
ftsfind.c:593	0.000000	0.000000	0.000000	0.000000	-0.900000	0.000000	0.000000	-1.000000	13.776784	2.912951	0.000000	0.000000
ftsfind.c:594	0.000000	0.000000	0.000000	0.000000	-0.900000	0.000000	0.000000	-1.000000	13.776784	2.912951	0.000000	0.000000
ftsfind.c:596	0.000000	0.000000	0.000000	0.000000	-0.900000	0.000000	0.000000	-1.000000	13.776784	2.912951	0.000000	0.000000
ftsfind.c:600	0.506410	0.113228	0.012821	1.000000	0.037500	0.012500	1.000000	2.000000	13.603392	2.788362	1.006452	8.602325
ftsfind.c:605	0.506410	0.113228	0.012821	1.000000	0.037500	0.012500	1.000000	2.000000	13.603392	2.788362	1.006452	8.602325
ftsfind.c:607	0.000000	0.000000	0.000000	0.000000	-0.950000	0.000000	0.000000	-1.000000	12.181900	2.952592	0.000000	0.000000
ftsfind.c:608	0.000000	0.000000	0.000000	0.000000	-0.950000	0.000000	0.000000	-1.000000	12.181900	2.952592	0.000000	0.000000
ftsfind.c:611	0.523179	0.117041	0.013699	1.000000	0.100000	0.012500	1.000000	7.000000	15.776784	2.735924	1.006897	8.000000
ftsfind.c:619	0.987500	0.707107	0.500000	1.000000	0.987500	0.012500	1.000000	78.000000	20.663522	0.000000	1.333333	8.831761
ftsfind.c:620	0.987500	0.707107	0.500000	1.000000	0.987500	0.012500	1.000000	78.000000	20.663522	0.000000	1.333333	8.831761
ftsfind.c:622	0.000000	0.000000	0.000000	0.000000	-0.900000	0.000000	0.000000	-1.000000	13.776784	2.912951	0.000000	0.000000
ftsfind.c:628	0.500000	0.111803	0.012500	1.000000	0.012500	0.012500	1.000000	0.000000	10.888194	2.808593	1.006289	8.831761
ftsfind.c:630	0.500000	0.111803	0.012500	1.000000	0.012500	0.012500	1.000000	0.000000	10.888194	2.808593	1.006289	8.831761
ftsfind.c:633	0.500000	0.111803	0.012500	1.000000	0.012500	0.012500	1.000000	0.000000	10.888194	2.808593	1.006289	8.831761
ftsfind.c:634	0.500000	0.111803	0.012500	1.000000	0.012500	0.012500	1.000000	0.000000	10.888194	2.808593	1.006289	8.831761
ftsfind.c:635	0.500000	0.111803	0.012500	1.000000	0.012500	0.012500	1.000000	0.000000	10.888194	2.808593	1.006289	8.831761
ftsfind.c:636	0.500000	0.111803	0.012500	1.000000	0.012500	0.012500	1.000000	0.000000	10.888194	2.808593	1.006289	8.831761
ftsfind.c:642	0.500000	0.111803	0.012500	1.000000	0.012500	0.012500	1.000000	0.000000	10.888194	2.808593	1.006289	8.831761
ftsfind.c:645	0.500000	0.111803	0.012500	1.000000	0.012500	0.012500	1.000000	0.000000	10.888194	2.808593	1.006289	8.831761
ftsfind.c:650	0.500000	0.111803	0.012500	1.000000	0.012500	0.012500	1.000000	0.000000	10.888194	2.808593	1.006289	8.831761
ftsfind.c:655	0.500000	0.111803	0.012500	1.000000	0.012500	0.012500	1.000000	0.000000	10.888194	2.808593	1.006289	8.831761
ftsfind.c:657	0.500000	0.111803	0.012500	1.000000	0.012500	0.012500	1.000000	0.000000	10.888194	2.808593	1.006289	8.831761
ftsfind.c:668	0.500000	0.111803	0.012500	1.000000	0.012500	0.012500	1.000000	0.000000	10.888194	2.808593	1.006289	8.831761
ftsfind.c:680	0.506410	0.113228	0.012821	1.000000	0.037500	0.012500	1.000000	2.000000	13.603392	2.788362	1.006452	8.602325
ftsfind.c:688	0.506410	0.113228	0.012821	1.000000	0.037500	0.012500	1.000000	2.000000	13.603392	2.788362	1.006452	8.602325
ftsfind.c:693	0.506410	0.113228	0.012821	1.000000	0.037500	0.012500	1.000000	2.000000	13.603392	2.788362	1.006452	8.602325
ftsfind.c:698	0.506410	0.113228	0.012821	1.000000	0.037500	0.012500	1.000000	2.000000	13.603392	2.788362	1.006452	8.602325
ftsfind.c:706	0.506410	0.113228	0.012821	1.000000	0.037500	0.012500	1.000000	2.000000	13.603392	2.788362	1.006452	8.602325
ftsfind.c:712	0.000000	0.000000	0.000000	0.000000	-0.900000	0.000000	0.000000	-1.000000	13.776784	2.912951	0.000000	0.000000
ftsfind.c:713	0.000000	0.000000	0.000000	0.000000	-0.900000	0.000000	0.000000	-1.000000	13.776784	2.912951	0.000000	0.000000
ftsfind.c:717	0.000000	0.000000	0.000000	0.000000	-0.987500	0.000000	0.000000	-1.000000	8.888194	2.981308	0.000000	0.000000
ftsfind.c:720	0.000000	0.000000	0.000000	0.000000	-0.987500	0.000000	0.000000	-1.000000	8.888194	2.981308	0.000000	0.000000
ftsfind.c:721	0.000000	0.000000	0.000000	0.000000	-0.987500	0.000000	0.000000	-1.000000	8.888194	2.981308	0.000000	0.000000
