50	0.504762	0.106803	0.011407	18.000000	17.019485	0.011194	1.000000	30.000000	86.451286	16.867222	18.005736	699.919995
51	0.504762	0.106803	0.011407	18.000000	17.019485	0.011194	1.000000	30.000000	86.451286	16.867222	18.005736	699.919995
52	0.504762	0.106803	0.011407	18.000000	17.019485	0.011194	1.000000	30.000000	86.451286	16.867222	18.005736	699.919995
53	0.504762	0.106803	0.011407	18.000000	17.019485	0.011194	1.000000	30.000000	86.451286	16.867222	18.005736	699.919995
54	0.504762	0.106803	0.011407	18.000000	17.019485	0.011194	1.000000	30.000000	86.451286	16.867222	18.005736	699.919995
58	0.736111	0.174964	0.030612	18.000000	17.641735	0.011194	1.000000	1020.000000	123.749550	17.324126	18.015544	389.399538
63	0.646867	0.142534	0.020316	18.000000	17.454431	0.011194	1.000000	722.000000	119.201955	17.162114	18.010262	203.646753
72	0.646867	0.142534	0.020316	18.000000	17.454431	0.011194	1.000000	722.000000	119.201955	17.162114	18.010262	203.646753
73	0.646867	0.142534	0.020316	18.000000	17.454431	0.011194	1.000000	722.000000	119.201955	17.162114	18.010262	203.646753
75	0.762224	0.187135	0.035019	18.000000	17.688246	0.011194	1.000000	1094.000000	124.422399	17.370347	18.017822	446.748251
76	0.762224	0.187135	0.035019	18.000000	17.688246	0.011194	1.000000	1094.000000	124.422399	17.370347	18.017822	446.748251
79	0.000000	0.000000	0.000000	0.000000	-0.233815	0.000000	0.000000	-1.000000	89.087015	4.391731	0.000000	0.000000
81	0.646867	0.142534	0.020316	18.000000	17.454431	0.011194	1.000000	722.000000	119.201955	17.162114	18.010262	203.646753
90	0.646867	0.142534	0.020316	18.000000	17.454431	0.011194	1.000000	722.000000	119.201955	17.162114	18.010262	203.646753
91	0.646867	0.142534	0.020316	18.000000	17.454431	0.011194	1.000000	722.000000	119.201955	17.162114	18.010262	203.646753
93	0.000000	0.000000	0.000000	0.000000	-0.300440	0.000000	0.000000	-1.000000	88.556539	4.675811	0.000000	0.000000
94	0.000000	0.000000	0.000000	0.000000	-0.300440	0.000000	0.000000	-1.000000	88.556539	4.675811	0.000000	0.000000
97	0.803030	0.210042	0.044118	18.000000	17.754871	0.011194	1.000000	1200.000000	125.030450	17.442809	18.022556	517.949805
99	0.646867	0.142534	0.020316	18.000000	17.454431	0.011194	1.000000	722.000000	119.201955	17.162114	18.010262	203.646753
104	0.721743	0.168897	0.028526	18.000000	17.614708	0.011194	1.000000	977.000000	123.272835	17.298588	18.014469	351.806765
109	0.738162	0.175863	0.030928	18.000000	17.645506	0.011194	1.000000	1026.000000	123.811154	17.327761	18.015707	394.360241
118	0.504762	0.106803	0.011407	18.000000	17.019485	0.011194	1.000000	30.000000	86.451286	16.867222	18.005736	699.919995
119	0.504762	0.106803	0.011407	18.000000	17.019485	0.011194	1.000000	30.000000	86.451286	16.867222	18.005736	699.919995
120	0.504762	0.106803	0.011407	18.000000	17.019485	0.011194	1.000000	30.000000	86.451286	16.867222	18.005736	699.919995
122	0.504762	0.106803	0.011407	18.000000	17.019485	0.011194	1.000000	30.000000	86.451286	16.867222	18.005736	699.919995
124	0.504762	0.106803	0.011407	18.000000	17.019485	0.011194	1.000000	30.000000	86.451286	16.867222	18.005736	699.919995
126	0.646867	0.142534	0.020316	18.000000	17.454431	0.011194	1.000000	722.000000	119.201955	17.162114	18.010262	203.646753
127	0.646867	0.142534	0.020316	18.000000	17.454431	0.011194	1.000000	722.000000	119.201955	17.162114	18.010262	203.646753
128	0.646867	0.142534	0.020316	18.000000	17.454431	0.011194	1.000000	722.000000	119.201955	17.162114	18.010262	203.646753
133	0.646867	0.142534	0.020316	18.000000	17.454431	0.011194	1.000000	722.000000	119.201955	17.162114	18.010262	203.646753
134	0.916427	0.332309	0.110429	18.000000	17.908862	0.011194	1.000000	1445.000000	124.067906	17.662344	18.058442	653.476855
135	0.000000	0.000000	0.000000	0.000000	-0.454431	0.000000	0.000000	-1.000000	85.778387	5.185428	0.000000	0.000000
136	0.000000	0.000000	0.000000	0.000000	-0.079195	0.000000	0.000000	-1.000000	87.749478	3.350369	0.000000	0.000000
138	0.000000	0.000000	0.000000	0.000000	-0.375236	0.000000	0.000000	-1.000000	87.457388	4.943034	0.000000	0.000000
139	0.646867	0.142534	0.020316	18.000000	17.454431	0.011194	1.000000	722.000000	119.201955	17.162114	18.010262	203.646753
141	0.504762	0.106803	0.011407	18.000000	17.019485	0.011194	1.000000	30.000000	86.451286	16.867222	18.005736	699.919995
148	0.500000	0.105802	0.011194	18.000000	17.000629	0.011194	1.000000	0.000000	75.874804	16.856014	18.005629	713.672194
150	0.000000	0.000000	0.000000	0.000000	-0.018856	0.000000	0.000000	-1.000000	84.470896	2.340347	0.000000	0.000000
151	0.000000	0.000000	0.000000	0.000000	-0.018856	0.000000	0.000000	-1.000000	84.470896	2.340347	0.000000	0.000000
152	0.000000	0.000000	0.000000	0.000000	-0.018856	0.000000	0.000000	-1.000000	84.470896	2.340347	0.000000	0.000000
153	0.000000	0.000000	0.000000	0.000000	-0.018856	0.000000	0.000000	-1.000000	84.470896	2.340347	0.000000	0.000000
154	0.000000	0.000000	0.000000	0.000000	-0.018856	0.000000	0.000000	-1.000000	84.470896	2.340347	0.000000	0.000000
155	0.000000	0.000000	0.000000	0.000000	-0.018856	0.000000	0.000000	-1.000000	84.470896	2.340347	0.000000	0.000000
157	0.504762	0.106803	0.011407	18.000000	17.019485	0.011194	1.000000	30.000000	86.451286	16.867222	18.005736	699.919995
158	0.504762	0.106803	0.011407	18.000000	17.019485	0.011194	1.000000	30.000000	86.451286	16.867222	18.005736	699.919995
159	0.504762	0.106803	0.011407	18.000000	17.019485	0.011194	1.000000	30.000000	86.451286	16.867222	18.005736	699.919995
160	0.504762	0.106803	0.011407	18.000000	17.019485	0.011194	1.000000	30.000000	86.451286	16.867222	18.005736	699.919995
161	0.504762	0.106803	0.011407	18.000000	17.019485	0.011194	1.000000	30.000000	86.451286	16.867222	18.005736	699.919995
162	0.504762	0.106803	0.011407	18.000000	17.019485	0.011194	1.000000	30.000000	86.451286	16.867222	18.005736	699.919995
163	0.504762	0.106803	0.011407	18.000000	17.019485	0.011194	1.000000	30.000000	86.451286	16.867222	18.005736	699.919995
164	0.504762	0.106803	0.011407	18.000000	17.019485	0.011194	1.000000	30.000000	86.451286	16.867222	18.005736	699.919995
165	0.504762	0.106803	0.011407	18.000000	17.019485	0.011194	1.000000	30.000000	86.451286	16.867222	18.005736	699.919995
166	0.504762	0.106803	0.011407	18.000000	17.019485	0.011194	1.000000	30.000000	86.451286	16.867222	18.005736	699.919995
167	0.504762	0.106803	0.011407	18.000000	17.019485	0.011194	1.000000	30.000000	86.451286	16.867222	18.005736	699.919995
168	0.504762	0.106803	0.011407	18.000000	17.019485	0.011194	1.000000	30.000000	86.451286	16.867222	18.005736	699.919995
169	0.504762	0.106803	0.011407	18.000000	17.019485	0.011194	1.000000	30.000000	86.451286	16.867222	18.005736	699.919995
171	0.504762	0.106803	0.011407	18.000000	17.019485	0.011194	1.000000	30.000000	86.451286	16.867222	18.005736	699.919995
172	0.504762	0.106803	0.011407	18.000000	17.019485	0.011194	1.000000	30.000000	86.451286	16.867222	18.005736	699.919995
