seq.c:135	1.000000	1.000000	1.000000	1.000000	1.000000	0.500000	1.000000	1.000000	4.000000	1.000000	2.000000	1.414214
seq.c:139	1.000000	1.000000	1.000000	1.000000	1.000000	0.500000	1.000000	1.000000	4.000000	1.000000	2.000000	1.414214
seq.c:146	1.000000	1.000000	1.000000	1.000000	1.000000	0.500000	1.000000	1.000000	4.000000	1.000000	2.000000	1.414214
seq.c:149	1.000000	1.000000	1.000000	1.000000	1.000000	0.500000	1.000000	1.000000	4.000000	1.000000	2.000000	1.414214
seq.c:150	1.000000	1.000000	1.000000	1.000000	1.000000	0.500000	1.000000	1.000000	4.000000	1.000000	2.000000	1.414214
seq.c:152	1.000000	1.000000	1.000000	1.000000	1.000000	0.500000	1.000000	1.000000	4.000000	1.000000	2.000000	1.414214
seq.c:154	1.000000	1.000000	1.000000	1.000000	1.000000	0.500000	1.000000	1.000000	4.000000	1.000000	2.000000	1.414214
seq.c:155	1.000000	1.000000	1.000000	1.000000	1.000000	0.500000	1.000000	1.000000	4.000000	1.000000	2.000000	1.414214
seq.c:156	1.000000	1.000000	1.000000	1.000000	1.000000	0.500000	1.000000	1.000000	4.000000	1.000000	2.000000	1.414214
seq.c:167	1.000000	1.000000	1.000000	1.000000	1.000000	0.500000	1.000000	1.000000	4.000000	1.000000	2.000000	1.414214
seq.c:168	1.000000	1.000000	1.000000	1.000000	1.000000	0.500000	1.000000	1.000000	4.000000	1.000000	2.000000	1.414214
seq.c:169	1.000000	1.000000	1.000000	1.000000	1.000000	0.500000	1.000000	1.000000	4.000000	1.000000	2.000000	1.414214
seq.c:170	1.000000	1.000000	1.000000	1.000000	1.000000	0.500000	1.000000	1.000000	4.000000	1.000000	2.000000	1.414214
seq.c:177	1.000000	1.000000	1.000000	1.000000	1.000000	0.500000	1.000000	1.000000	4.000000	1.000000	2.000000	1.414214
seq.c:186	1.000000	1.000000	1.000000	1.000000	1.000000	0.500000	1.000000	1.000000	4.000000	1.000000	2.000000	1.414214
seq.c:189	1.000000	1.000000	1.000000	1.000000	1.000000	0.500000	1.000000	1.000000	4.000000	1.000000	2.000000	1.414214
seq.c:190	1.000000	1.000000	1.000000	1.000000	1.000000	0.500000	1.000000	1.000000	4.000000	1.000000	2.000000	1.414214
seq.c:194	1.000000	1.000000	1.000000	1.000000	1.000000	0.500000	1.000000	1.000000	4.000000	1.000000	2.000000	1.414214
seq.c:200	1.000000	1.000000	1.000000	1.000000	1.000000	0.500000	1.000000	1.000000	4.000000	1.000000	2.000000	1.414214
seq.c:201	1.000000	1.000000	1.000000	1.000000	1.000000	0.500000	1.000000	1.000000	4.000000	1.000000	2.000000	1.414214
seq.c:202	1.000000	1.000000	1.000000	1.000000	1.000000	0.500000	1.000000	1.000000	4.000000	1.000000	2.000000	1.414214
seq.c:203	1.000000	1.000000	1.000000	1.000000	1.000000	0.500000	1.000000	1.000000	4.000000	1.000000	2.000000	1.414214
seq.c:209	1.000000	1.000000	1.000000	1.000000	1.000000	0.500000	1.000000	1.000000	4.000000	1.000000	2.000000	1.414214
seq.c:210	1.000000	1.000000	1.000000	1.000000	1.000000	0.500000	1.000000	1.000000	4.000000	1.000000	2.000000	1.414214
seq.c:211	1.000000	1.000000	1.000000	1.000000	1.000000	0.500000	1.000000	1.000000	4.000000	1.000000	2.000000	1.414214
seq.c:212	1.000000	1.000000	1.000000	1.000000	1.000000	0.500000	1.000000	1.000000	4.000000	1.000000	2.000000	1.414214
seq.c:215	1.000000	1.000000	1.000000	1.000000	1.000000	0.500000	1.000000	1.000000	4.000000	1.000000	2.000000	1.414214
seq.c:216	1.000000	1.000000	1.000000	1.000000	1.000000	0.500000	1.000000	1.000000	4.000000	1.000000	2.000000	1.414214
seq.c:217	1.000000	1.000000	1.000000	1.000000	1.000000	0.500000	1.000000	1.000000	4.000000	1.000000	2.000000	1.414214
seq.c:220	1.000000	1.000000	1.000000	1.000000	1.000000	0.500000	1.000000	1.000000	4.000000	1.000000	2.000000	1.414214
seq.c:221	1.000000	1.000000	1.000000	1.000000	1.000000	0.500000	1.000000	1.000000	4.000000	1.000000	2.000000	1.414214
seq.c:222	1.000000	1.000000	1.000000	1.000000	1.000000	0.500000	1.000000	1.000000	4.000000	1.000000	2.000000	1.414214
seq.c:223	1.000000	1.000000	1.000000	1.000000	1.000000	0.500000	1.000000	1.000000	4.000000	1.000000	2.000000	1.414214
seq.c:224	1.000000	1.000000	1.000000	1.000000	1.000000	0.500000	1.000000	1.000000	4.000000	1.000000	2.000000	1.414214
seq.c:225	1.000000	1.000000	1.000000	1.000000	1.000000	0.500000	1.000000	1.000000	4.000000	1.000000	2.000000	1.414214
seq.c:226	1.000000	1.000000	1.000000	1.000000	1.000000	0.500000	1.000000	1.000000	4.000000	1.000000	2.000000	1.414214
seq.c:227	1.000000	1.000000	1.000000	1.000000	1.000000	0.500000	1.000000	1.000000	4.000000	1.000000	2.000000	1.414214
seq.c:228	1.000000	1.000000	1.000000	1.000000	1.000000	0.500000	1.000000	1.000000	4.000000	1.000000	2.000000	1.414214
seq.c:238	1.000000	1.000000	1.000000	1.000000	1.000000	0.500000	1.000000	1.000000	4.000000	1.000000	2.000000	1.414214
seq.c:241	1.000000	1.000000	1.000000	1.000000	1.000000	0.500000	1.000000	1.000000	4.000000	1.000000	2.000000	1.414214
seq.c:243	1.000000	1.000000	1.000000	1.000000	1.000000	0.500000	1.000000	1.000000	4.000000	1.000000	2.000000	1.414214
seq.c:245	1.000000	1.000000	1.000000	1.000000	1.000000	0.500000	1.000000	1.000000	4.000000	1.000000	2.000000	1.414214
seq.c:248	1.000000	1.000000	1.000000	1.000000	1.000000	0.500000	1.000000	1.000000	4.000000	1.000000	2.000000	1.414214
seq.c:250	1.000000	1.000000	1.000000	1.000000	1.000000	0.500000	1.000000	1.000000	4.000000	1.000000	2.000000	1.414214
seq.c:251	1.000000	1.000000	1.000000	1.000000	1.000000	0.500000	1.000000	1.000000	4.000000	1.000000	2.000000	1.414214
seq.c:252	1.000000	1.000000	1.000000	1.000000	1.000000	0.500000	1.000000	1.000000	4.000000	1.000000	2.000000	1.414214
seq.c:254	1.000000	1.000000	1.000000	1.000000	1.000000	0.500000	1.000000	1.000000	4.000000	1.000000	2.000000	1.414214
seq.c:255	1.000000	1.000000	1.000000	1.000000	1.000000	0.500000	1.000000	1.000000	4.000000	1.000000	2.000000	1.414214
seq.c:257	1.000000	1.000000	1.000000	1.000000	1.000000	0.500000	1.000000	1.000000	4.000000	1.000000	2.000000	1.414214
seq.c:266	1.000000	1.000000	1.000000	1.000000	1.000000	0.500000	1.000000	1.000000	4.000000	1.000000	2.000000	1.414214
seq.c:269	1.000000	1.000000	1.000000	1.000000	1.000000	0.500000	1.000000	1.000000	4.000000	1.000000	2.000000	1.414214
seq.c:270	1.000000	1.000000	1.000000	1.000000	1.000000	0.500000	1.000000	1.000000	4.000000	1.000000	2.000000	1.414214
seq.c:271	1.000000	1.000000	1.000000	1.000000	1.000000	0.500000	1.000000	1.000000	4.000000	1.000000	2.000000	1.414214
seq.c:333	1.000000	1.000000	1.000000	1.000000	1.000000	0.500000	1.000000	1.000000	4.000000	1.000000	2.000000	1.414214
seq.c:336	1.000000	1.000000	1.000000	1.000000	1.000000	0.500000	1.000000	1.000000	4.000000	1.000000	2.000000	1.414214
seq.c:337	1.000000	1.000000	1.000000	1.000000	1.000000	0.500000	1.000000	1.000000	4.000000	1.000000	2.000000	1.414214
seq.c:339	1.000000	1.000000	1.000000	1.000000	1.000000	0.500000	1.000000	1.000000	4.000000	1.000000	2.000000	1.414214
seq.c:342	1.000000	1.000000	1.000000	1.000000	1.000000	0.500000	1.000000	1.000000	4.000000	1.000000	2.000000	1.414214
seq.c:345	1.000000	1.000000	1.000000	1.000000	1.000000	0.500000	1.000000	1.000000	4.000000	1.000000	2.000000	1.414214
seq.c:346	1.000000	1.000000	1.000000	1.000000	1.000000	0.500000	1.000000	1.000000	4.000000	1.000000	2.000000	1.414214
seq.c:350	1.000000	1.000000	1.000000	1.000000	1.000000	0.500000	1.000000	1.000000	4.000000	1.000000	2.000000	1.414214
seq.c:352	1.000000	1.000000	1.000000	1.000000	1.000000	0.500000	1.000000	1.000000	4.000000	1.000000	2.000000	1.414214
seq.c:353	1.000000	1.000000	1.000000	1.000000	1.000000	0.500000	1.000000	1.000000	4.000000	1.000000	2.000000	1.414214
seq.c:358	1.000000	1.000000	1.000000	1.000000	1.000000	0.500000	1.000000	1.000000	4.000000	1.000000	2.000000	1.414214
seq.c:360	1.000000	1.000000	1.000000	1.000000	1.000000	0.500000	1.000000	1.000000	4.000000	1.000000	2.000000	1.414214
seq.c:361	1.000000	1.000000	1.000000	1.000000	1.000000	0.500000	1.000000	1.000000	4.000000	1.000000	2.000000	1.414214
seq.c:367	1.000000	1.000000	1.000000	1.000000	1.000000	0.500000	1.000000	1.000000	4.000000	1.000000	2.000000	1.414214
seq.c:368	1.000000	1.000000	1.000000	1.000000	1.000000	0.500000	1.000000	1.000000	4.000000	1.000000	2.000000	1.414214
seq.c:369	1.000000	1.000000	1.000000	1.000000	1.000000	0.500000	1.000000	1.000000	4.000000	1.000000	2.000000	1.414214
seq.c:371	1.000000	1.000000	1.000000	1.000000	1.000000	0.500000	1.000000	1.000000	4.000000	1.000000	2.000000	1.414214
seq.c:374	1.000000	1.000000	1.000000	1.000000	1.000000	0.500000	1.000000	1.000000	4.000000	1.000000	2.000000	1.414214
seq.c:375	1.000000	1.000000	1.000000	1.000000	1.000000	0.500000	1.000000	1.000000	4.000000	1.000000	2.000000	1.414214
seq.c:394	1.000000	1.000000	1.000000	1.000000	1.000000	0.500000	1.000000	1.000000	4.000000	1.000000	2.000000	1.414214
seq.c:400	1.000000	1.000000	1.000000	1.000000	1.000000	0.500000	1.000000	1.000000	4.000000	1.000000	2.000000	1.414214
seq.c:406	1.000000	1.000000	1.000000	1.000000	1.000000	0.500000	1.000000	1.000000	4.000000	1.000000	2.000000	1.414214
seq.c:408	1.000000	1.000000	1.000000	1.000000	1.000000	0.500000	1.000000	1.000000	4.000000	1.000000	2.000000	1.414214
seq.c:409	1.000000	1.000000	1.000000	1.000000	1.000000	0.500000	1.000000	1.000000	4.000000	1.000000	2.000000	1.414214
seq.c:414	1.000000	1.000000	1.000000	1.000000	1.000000	0.500000	1.000000	1.000000	4.000000	1.000000	2.000000	1.414214
seq.c:417	1.000000	1.000000	1.000000	1.000000	1.000000	0.500000	1.000000	1.000000	4.000000	1.000000	2.000000	1.414214
seq.c:419	1.000000	1.000000	1.000000	1.000000	1.000000	0.500000	1.000000	1.000000	4.000000	1.000000	2.000000	1.414214
seq.c:431	1.000000	1.000000	1.000000	1.000000	1.000000	0.500000	1.000000	1.000000	4.000000	1.000000	2.000000	1.414214
seq.c:438	1.000000	1.000000	1.000000	1.000000	1.000000	0.500000	1.000000	1.000000	4.000000	1.000000	2.000000	1.414214
seq.c:441	1.000000	1.000000	1.000000	1.000000	1.000000	0.500000	1.000000	1.000000	4.000000	1.000000	2.000000	1.414214
