0.000 0.000 0.000
0.000 0.000 0.000
0.000 0.000 0.000
0.000 0.000 0.000
0.000 0.000 0.000
0.000 0.000 0.000
0.000 0.000 0.000
0.000 0.000 0.000
0.000 0.000 0.000
0.000 0.000 0.000
0.000 0.000 0.000
0.000 0.000 0.000
0.000 0.000 0.000
0.000 0.000 0.000
0.000 0.000 0.000
0.000 0.000 0.000
0.000 0.000 0.000
0.000 0.000 0.000
0.000 0.000 0.000
0.000 0.000 0.000
0.000 0.000 0.000
0.000 0.000 0.000
0.000 0.000 0.000
0.000 0.000 0.000
0.000 0.000 0.000
0.000 0.000 0.000
0.000 0.000 0.000
0.000 0.000 0.000
0.000 0.000 0.000
0.000 0.000 0.000
0.000 0.000 0.000
0.000 0.000 0.000
0.000 0.000 0.000
0.000 0.000 0.000
0.000 0.000 0.000
0.000 0.000 0.000
0.000 0.000 0.000
0.000 0.000 0.000
0.000 0.000 0.000
0.000 0.000 0.000
0.000 0.000 0.000
0.000 0.000 0.000
0.000 0.000 0.000
0.000 0.000 0.000
0.000 0.000 0.000
0.000 0.000 0.000
0.000 0.000 0.000
0.000 0.000 0.000
0.000 0.000 0.000
0.000 0.000 0.000
0.000 0.000 0.000
0.000 0.000 0.000
0.000 0.000 0.000
0.000 0.000 0.000
0.000 0.000 0.000
0.000 0.000 0.000
0.000 0.000 0.000
0.000 0.000 0.000
0.000 0.000 0.000
0.000 0.000 0.000
0.000 0.000 0.000
0.000 0.000 0.000
0.000 0.000 0.000
0.000 0.000 0.000
0.000 0.000 0.000
0.000 0.000 0.000
0.000 0.000 0.000
0.000 0.000 0.000
0.000 0.000 0.000
0.000 0.000 0.000
0.000 0.000 0.000
0.000 0.000 0.000
0.000 0.000 0.000
0.000 0.000 0.000
0.000 0.000 0.000
0.000 0.000 0.000
0.000 0.000 0.000
0.000 0.000 0.000
0.000 0.000 0.000
0.000 0.000 0.000
0.000 0.000 0.000
0.000 0.000 0.000
0.000 0.000 0.000
0.000 0.000 0.000
0.527 0.312 0.874
0.000 0.000 0.000
0.527 0.312 0.874
0.527 0.312 0.874
0.527 0.312 0.874
0.000 0.000 0.000
0.000 0.000 0.000
0.000 0.000 0.000
0.000 0.000 0.000
0.000 0.000 0.000
0.000 0.000 0.000
0.000 0.000 0.000
0.000 0.000 0.000
0.000 0.000 0.000
0.000 0.000 0.000
0.000 0.000 0.000
0.000 0.000 0.000
0.000 0.000 0.000
0.000 0.000 0.000
0.000 0.000 0.000
0.000 0.000 0.000
0.000 0.000 0.000
0.000 0.000 0.000
0.000 0.000 0.000
0.000 0.000 0.000
0.000 0.000 0.000
0.000 0.000 0.000
0.000 0.000 0.000
0.000 0.000 0.000
0.000 0.000 0.000
0.000 0.000 0.000
0.000 0.000 0.000
0.000 0.000 0.000
0.000 0.000 0.000
0.000 0.000 0.000
0.000 0.000 0.000
0.000 0.000 0.000
0.263 0.069 0.506
0.000 0.000 0.000
0.000 0.000 0.000
0.000 0.000 0.000
0.263 0.069 0.506
0.263 0.069 0.506
0.263 0.069 0.506
0.000 0.000 0.000
0.000 0.000 0.000
0.263 0.069 0.506
0.263 0.069 0.506
0.000 0.000 0.000
0.000 0.000 0.000
0.269 0.072 0.519
0.000 0.000 0.000
0.000 0.000 0.000
0.000 0.000 0.000
0.269 0.072 0.519
0.000 0.000 0.000
0.000 0.000 0.000
0.527 0.312 0.874
0.000 0.000 0.000
0.527 0.312 0.874
0.000 0.000 0.000
0.000 0.000 0.000
0.000 0.000 0.000
0.000 0.000 0.000
0.000 0.000 0.000
0.000 0.000 0.000
0.000 0.000 0.000
0.000 0.000 0.000
0.527 0.312 0.874
0.527 0.312 0.874
0.527 0.312 0.874
0.527 0.312 0.874
0.527 0.312 0.874
0.000 0.000 0.000
0.000 0.000 0.000
0.000 0.000 0.000
0.000 0.000 0.000
0.000 0.000 0.000
0.000 0.000 0.000
0.000 0.000 0.000
0.000 0.000 0.000
0.000 0.000 0.000
0.000 0.000 0.000
0.000 0.000 0.000
0.000 0.000 0.000
0.000 0.000 0.000
0.000 0.000 0.000
0.000 0.000 0.000
0.000 0.000 0.000
0.527 0.312 0.874
0.000 0.000 0.000
0.527 0.312 0.874
0.000 0.000 0.000
0.000 0.000 0.000
0.000 0.000 0.000
0.000 0.000 0.000
0.000 0.000 0.000
0.000 0.000 0.000
0.000 0.000 0.000
0.000 0.000 0.000
0.000 0.000 0.000
0.000 0.000 0.000
0.000 0.000 0.000
0.000 0.000 0.000
0.000 0.000 0.000
0.000 0.000 0.000
0.000 0.000 0.000
0.527 0.312 0.874
0.000 0.000 0.000
0.000 0.000 0.000
0.527 0.312 0.874
0.000 0.000 0.000
0.527 0.312 0.874
0.527 0.312 0.874
0.000 0.000 0.000
0.000 0.000 0.000
0.527 0.312 0.874
0.000 0.000 0.000
0.000 0.000 0.000
0.000 0.000 0.000
0.000 0.000 0.000
0.000 0.000 0.000
0.000 0.000 0.000
0.000 0.000 0.000
0.000 0.000 0.000
0.000 0.000 0.000
0.000 0.000 0.000
0.000 0.000 0.000
0.000 0.000 0.000
0.000 0.000 0.000
0.000 0.000 0.000
0.000 0.000 0.000
0.000 0.000 0.000
0.000 0.000 0.000
0.000 0.000 0.000
0.000 0.000 0.000
0.000 0.000 0.000
0.000 0.000 0.000
0.263 0.069 0.506
0.000 0.000 0.000
0.000 0.000 0.000
0.000 0.000 0.000
0.000 0.000 0.000
0.000 0.000 0.000
0.263 0.069 0.506
0.000 0.000 0.000
0.000 0.000 0.000
0.000 0.000 0.000
0.000 0.000 0.000
0.000 0.000 0.000
0.000 0.000 0.000
0.000 0.000 0.000
0.000 0.000 0.000
0.263 0.069 0.506
0.263 0.069 0.506
0.263 0.069 0.506
0.000 0.000 0.000
0.408 0.250 0.874
0.408 0.250 0.874
0.000 0.000 0.000
0.000 0.000 0.000
0.263 0.069 0.506
0.000 0.000 0.000
0.527 0.312 0.874
0.527 0.312 0.874
0.000 0.000 0.000
0.000 0.000 0.000
0.263 0.069 0.506
0.000 0.000 0.000
0.000 0.000 0.000
0.000 0.000 0.000
0.000 0.000 0.000
0.000 0.000 0.000
0.000 0.000 0.000
0.000 0.000 0.000
0.000 0.000 0.000
0.000 0.000 0.000
0.000 0.000 0.000
0.000 0.000 0.000
0.000 0.000 0.000
0.000 0.000 0.000
0.000 0.000 0.000
0.000 0.000 0.000
0.000 0.000 0.000
0.000 0.000 0.000
0.263 0.069 0.506
0.000 0.000 0.000
0.298 0.125 0.680
0.298 0.125 0.680
0.298 0.125 0.680
0.000 0.000 0.000
0.000 0.000 0.000
0.000 0.000 0.000
0.263 0.069 0.506
0.263 0.069 0.506
0.263 0.069 0.506
0.263 0.069 0.506
0.000 0.000 0.000
0.000 0.000 0.000
0.263 0.069 0.506
0.263 0.069 0.506
0.000 0.000 0.000
0.263 0.069 0.506
0.000 0.000 0.000
0.263 0.069 0.506
0.000 0.000 0.000
0.000 0.000 0.000
0.000 0.000 0.000
0.000 0.000 0.000
0.263 0.069 0.506
0.263 0.069 0.506
0.249 0.089 0.587
0.249 0.089 0.587
0.263 0.069 0.506
0.000 0.000 0.000
0.263 0.069 0.506
0.000 0.000 0.000
0.000 0.000 0.000
0.000 0.000 0.000
0.000 0.000 0.000
0.000 0.000 0.000
0.000 0.000 0.000
0.408 0.250 0.874
0.000 0.000 0.000
0.000 0.000 0.000
0.000 0.000 0.000
0.263 0.069 0.506
0.000 0.000 0.000
0.306 0.158 0.761
0.000 0.000 0.000
0.306 0.158 0.761
0.000 0.000 0.000
0.306 0.158 0.761
0.000 0.000 0.000
0.000 0.000 0.000
0.000 0.000 0.000
0.000 0.000 0.000
0.263 0.069 0.506
0.000 0.000 0.000
0.000 0.000 0.000
0.000 0.000 0.000
0.000 0.000 0.000
0.263 0.069 0.506
0.000 0.000 0.000
0.000 0.000 0.000
0.304 0.092 0.585
0.000 0.000 0.000
0.263 0.069 0.506
0.000 0.000 0.000
0.000 0.000 0.000
0.000 0.000 0.000
0.000 0.000 0.000
0.263 0.069 0.506
0.000 0.000 0.000
0.263 0.069 0.506
0.000 0.000 0.000
0.000 0.000 0.000
0.000 0.000 0.000
0.269 0.072 0.519
0.000 0.000 0.000
0.000 0.000 0.000
0.287 0.082 0.553
0.287 0.082 0.553
0.000 0.000 0.000
0.000 0.000 0.000
0.000 0.000 0.000
0.000 0.000 0.000
0.000 0.000 0.000
0.263 0.069 0.506
0.000 0.000 0.000
0.000 0.000 0.000
0.000 0.000 0.000
0.000 0.000 0.000
0.000 0.000 0.000
0.000 0.000 0.000
0.000 0.000 0.000
0.263 0.069 0.506
0.263 0.069 0.506
0.000 0.000 0.000
0.263 0.069 0.506
0.263 0.069 0.506
0.000 0.000 0.000
0.000 0.000 0.000
0.481 0.263 0.842
0.481 0.263 0.842
0.000 0.000 0.000
0.000 0.000 0.000
0.327 0.176 0.790
0.327 0.176 0.790
0.000 0.000 0.000
0.000 0.000 0.000
0.184 0.049 0.425
0.184 0.049 0.425
0.000 0.000 0.000
0.000 0.000 0.000
0.263 0.069 0.506
0.000 0.000 0.000
0.000 0.000 0.000
0.263 0.069 0.506
0.263 0.069 0.506
0.000 0.000 0.000
0.000 0.000 0.000
0.000 0.000 0.000
0.000 0.000 0.000
0.000 0.000 0.000
0.000 0.000 0.000
0.000 0.000 0.000
0.263 0.069 0.506
0.000 0.000 0.000
0.263 0.069 0.506
0.263 0.069 0.506
0.263 0.069 0.506
0.000 0.000 0.000
0.263 0.069 0.506
0.000 0.000 0.000
0.271 0.073 0.522
0.271 0.073 0.522
0.000 0.000 0.000
0.271 0.073 0.522
0.000 0.000 0.000
0.000 0.000 0.000
0.000 0.000 0.000
0.263 0.069 0.506
0.000 0.000 0.000
0.000 0.000 0.000
0.000 0.000 0.000
0.000 0.000 0.000
0.263 0.069 0.506
0.000 0.000 0.000
0.264 0.070 0.509
0.000 0.000 0.000
0.000 0.000 0.000
0.271 0.073 0.522
0.000 0.000 0.000
0.000 0.000 0.000
0.000 0.000 0.000
0.000 0.000 0.000
0.000 0.000 0.000
0.000 0.000 0.000
0.000 0.000 0.000
0.387 0.231 0.856
0.387 0.231 0.856
0.000 0.000 0.000
0.271 0.073 0.522
0.000 0.000 0.000
0.000 0.000 0.000
0.000 0.000 0.000
0.000 0.000 0.000
0.000 0.000 0.000
0.260 0.067 0.500
0.000 0.000 0.000
0.260 0.067 0.500
0.000 0.000 0.000
0.000 0.000 0.000
0.260 0.067 0.500
0.260 0.067 0.500
0.000 0.000 0.000
0.000 0.000 0.000
0.000 0.000 0.000
0.000 0.000 0.000
0.000 0.000 0.000
0.000 0.000 0.000
0.260 0.067 0.500
0.000 0.000 0.000
0.000 0.000 0.000
0.260 0.067 0.500
0.000 0.000 0.000
0.000 0.000 0.000
0.260 0.067 0.500
0.260 0.067 0.500
0.260 0.067 0.500
0.000 0.000 0.000
0.000 0.000 0.000
0.000 0.000 0.000
0.000 0.000 0.000
0.260 0.067 0.500
0.000 0.000 0.000
0.260 0.067 0.500
0.000 0.000 0.000
0.000 0.000 0.000
0.000 0.000 0.000
0.000 0.000 0.000
0.000 0.000 0.000
0.000 0.000 0.000
0.000 0.000 0.000
0.000 0.000 0.000
0.000 0.000 0.000
0.000 0.000 0.000
0.260 0.067 0.500
0.000 0.000 0.000
0.000 0.000 0.000
0.000 0.000 0.000
0.000 0.000 0.000
0.000 0.000 0.000
0.000 0.000 0.000
0.000 0.000 0.000
0.000 0.000 0.000
0.000 0.000 0.000
0.000 0.000 0.000
0.000 0.000 0.000
0.263 0.069 0.506
0.000 0.000 0.000
0.000 0.000 0.000
0.000 0.000 0.000
0.000 0.000 0.000
0.000 0.000 0.000
0.000 0.000 0.000
0.000 0.000 0.000
0.263 0.069 0.506
0.263 0.069 0.506
0.000 0.000 0.000
0.000 0.000 0.000
0.000 0.000 0.000
0.000 0.000 0.000
0.263 0.069 0.506
0.000 0.000 0.000
0.000 0.000 0.000
0.000 0.000 0.000
0.000 0.000 0.000
0.000 0.000 0.000
0.000 0.000 0.000
0.000 0.000 0.000
0.263 0.069 0.506
0.000 0.000 0.000
0.000 0.000 0.000
0.000 0.000 0.000
0.000 0.000 0.000
0.000 0.000 0.000
0.271 0.073 0.522
0.271 0.073 0.522
0.000 0.000 0.000
0.000 0.000 0.000
0.000 0.000 0.000
0.000 0.000 0.000
0.000 0.000 0.000
0.000 0.000 0.000
0.000 0.000 0.000
