cut.c:183	0.000000	0.000000	0.000000	0.000000	-0.500000	0.000000	0.000000	-1.000000	1.000000	1.000000	0.000000	0.000000
cut.c:185	0.000000	0.000000	0.000000	0.000000	-0.500000	0.000000	0.000000	-1.000000	1.000000	1.000000	0.000000	0.000000
cut.c:186	0.000000	0.000000	0.000000	0.000000	-0.500000	0.000000	0.000000	-1.000000	1.000000	1.000000	0.000000	0.000000
cut.c:240	0.000000	0.000000	0.000000	0.000000	-0.500000	0.000000	0.000000	-1.000000	1.000000	1.000000	0.000000	0.000000
cut.c:244	0.500000	0.707107	0.500000	1.000000	0.500000	0.500000	1.000000	0.000000	3.000000	0.000000	1.333333	0.000000
cut.c:247	0.500000	0.707107	0.500000	1.000000	0.500000	0.500000	1.000000	0.000000	3.000000	0.000000	1.333333	0.000000
cut.c:248	0.500000	0.707107	0.500000	1.000000	0.500000	0.500000	1.000000	0.000000	3.000000	0.000000	1.333333	0.000000
cut.c:253	0.500000	0.707107	0.500000	1.000000	0.500000	0.500000	1.000000	0.000000	3.000000	0.000000	1.333333	0.000000
cut.c:254	0.500000	0.707107	0.500000	1.000000	0.500000	0.500000	1.000000	0.000000	3.000000	0.000000	1.333333	0.000000
cut.c:257	0.500000	0.707107	0.500000	1.000000	0.500000	0.500000	1.000000	0.000000	3.000000	0.000000	1.333333	0.000000
cut.c:259	0.500000	0.707107	0.500000	1.000000	0.500000	0.500000	1.000000	0.000000	3.000000	0.000000	1.333333	0.000000
cut.c:260	0.500000	0.707107	0.500000	1.000000	0.500000	0.500000	1.000000	0.000000	3.000000	0.000000	1.333333	0.000000
cut.c:261	0.500000	0.707107	0.500000	1.000000	0.500000	0.500000	1.000000	0.000000	3.000000	0.000000	1.333333	0.000000
cut.c:264	0.500000	0.707107	0.500000	1.000000	0.500000	0.500000	1.000000	0.000000	3.000000	0.000000	1.333333	0.000000
cut.c:266	0.500000	0.707107	0.500000	1.000000	0.500000	0.500000	1.000000	0.000000	3.000000	0.000000	1.333333	0.000000
cut.c:267	0.500000	0.707107	0.500000	1.000000	0.500000	0.500000	1.000000	0.000000	3.000000	0.000000	1.333333	0.000000
cut.c:271	0.500000	0.707107	0.500000	1.000000	0.500000	0.500000	1.000000	0.000000	3.000000	0.000000	1.333333	0.000000
cut.c:274	0.500000	0.707107	0.500000	1.000000	0.500000	0.500000	1.000000	0.000000	3.000000	0.000000	1.333333	0.000000
cut.c:278	0.500000	0.707107	0.500000	1.000000	0.500000	0.500000	1.000000	0.000000	3.000000	0.000000	1.333333	0.000000
cut.c:288	0.500000	0.707107	0.500000	1.000000	0.500000	0.500000	1.000000	0.000000	3.000000	0.000000	1.333333	0.000000
cut.c:290	0.500000	0.707107	0.500000	1.000000	0.500000	0.500000	1.000000	0.000000	3.000000	0.000000	1.333333	0.000000
cut.c:299	0.500000	0.707107	0.500000	1.000000	0.500000	0.500000	1.000000	0.000000	3.000000	0.000000	1.333333	0.000000
cut.c:301	0.500000	0.707107	0.500000	1.000000	0.500000	0.500000	1.000000	0.000000	3.000000	0.000000	1.333333	0.000000
cut.c:302	0.500000	0.707107	0.500000	1.000000	0.500000	0.500000	1.000000	0.000000	3.000000	0.000000	1.333333	0.000000
cut.c:303	0.500000	0.707107	0.500000	1.000000	0.500000	0.500000	1.000000	0.000000	3.000000	0.000000	1.333333	0.000000
cut.c:305	0.500000	0.707107	0.500000	1.000000	0.500000	0.500000	1.000000	0.000000	3.000000	0.000000	1.333333	0.000000
cut.c:306	0.500000	0.707107	0.500000	1.000000	0.500000	0.500000	1.000000	0.000000	3.000000	0.000000	1.333333	0.000000
cut.c:307	0.500000	0.707107	0.500000	1.000000	0.500000	0.500000	1.000000	0.000000	3.000000	0.000000	1.333333	0.000000
cut.c:309	0.500000	0.707107	0.500000	1.000000	0.500000	0.500000	1.000000	0.000000	3.000000	0.000000	1.333333	0.000000
cut.c:315	0.500000	0.707107	0.500000	1.000000	0.500000	0.500000	1.000000	0.000000	3.000000	0.000000	1.333333	0.000000
cut.c:317	0.500000	0.707107	0.500000	1.000000	0.500000	0.500000	1.000000	0.000000	3.000000	0.000000	1.333333	0.000000
cut.c:318	0.500000	0.707107	0.500000	1.000000	0.500000	0.500000	1.000000	0.000000	3.000000	0.000000	1.333333	0.000000
cut.c:319	0.500000	0.707107	0.500000	1.000000	0.500000	0.500000	1.000000	0.000000	3.000000	0.000000	1.333333	0.000000
cut.c:342	0.500000	0.707107	0.500000	1.000000	0.500000	0.500000	1.000000	0.000000	3.000000	0.000000	1.333333	0.000000
cut.c:344	0.500000	0.707107	0.500000	1.000000	0.500000	0.500000	1.000000	0.000000	3.000000	0.000000	1.333333	0.000000
cut.c:345	0.500000	0.707107	0.500000	1.000000	0.500000	0.500000	1.000000	0.000000	3.000000	0.000000	1.333333	0.000000
cut.c:346	0.500000	0.707107	0.500000	1.000000	0.500000	0.500000	1.000000	0.000000	3.000000	0.000000	1.333333	0.000000
cut.c:347	0.500000	0.707107	0.500000	1.000000	0.500000	0.500000	1.000000	0.000000	3.000000	0.000000	1.333333	0.000000
cut.c:348	0.500000	0.707107	0.500000	1.000000	0.500000	0.500000	1.000000	0.000000	3.000000	0.000000	1.333333	0.000000
cut.c:349	0.500000	0.707107	0.500000	1.000000	0.500000	0.500000	1.000000	0.000000	3.000000	0.000000	1.333333	0.000000
cut.c:352	0.500000	0.707107	0.500000	1.000000	0.500000	0.500000	1.000000	0.000000	3.000000	0.000000	1.333333	0.000000
cut.c:353	0.500000	0.707107	0.500000	1.000000	0.500000	0.500000	1.000000	0.000000	3.000000	0.000000	1.333333	0.000000
cut.c:354	0.500000	0.707107	0.500000	1.000000	0.500000	0.500000	1.000000	0.000000	3.000000	0.000000	1.333333	0.000000
cut.c:356	0.500000	0.707107	0.500000	1.000000	0.500000	0.500000	1.000000	0.000000	3.000000	0.000000	1.333333	0.000000
cut.c:363	0.500000	0.707107	0.500000	1.000000	0.500000	0.500000	1.000000	0.000000	3.000000	0.000000	1.333333	0.000000
cut.c:365	0.500000	0.707107	0.500000	1.000000	0.500000	0.500000	1.000000	0.000000	3.000000	0.000000	1.333333	0.000000
cut.c:367	0.500000	0.707107	0.500000	1.000000	0.500000	0.500000	1.000000	0.000000	3.000000	0.000000	1.333333	0.000000
cut.c:368	0.000000	0.000000	0.000000	0.000000	-0.500000	0.000000	0.000000	-1.000000	1.000000	1.000000	0.000000	0.000000
cut.c:369	0.500000	0.707107	0.500000	1.000000	0.500000	0.500000	1.000000	0.000000	3.000000	0.000000	1.333333	0.000000
cut.c:370	0.500000	0.707107	0.500000	1.000000	0.500000	0.500000	1.000000	0.000000	3.000000	0.000000	1.333333	0.000000
cut.c:372	0.500000	0.707107	0.500000	1.000000	0.500000	0.500000	1.000000	0.000000	3.000000	0.000000	1.333333	0.000000
cut.c:373	0.000000	0.000000	0.000000	0.000000	-0.500000	0.000000	0.000000	-1.000000	1.000000	1.000000	0.000000	0.000000
cut.c:375	0.500000	0.707107	0.500000	1.000000	0.500000	0.500000	1.000000	0.000000	3.000000	0.000000	1.333333	0.000000
cut.c:376	0.500000	0.707107	0.500000	1.000000	0.500000	0.500000	1.000000	0.000000	3.000000	0.000000	1.333333	0.000000
cut.c:378	0.500000	0.707107	0.500000	1.000000	0.500000	0.500000	1.000000	0.000000	3.000000	0.000000	1.333333	0.000000
cut.c:379	0.500000	0.707107	0.500000	1.000000	0.500000	0.500000	1.000000	0.000000	3.000000	0.000000	1.333333	0.000000
cut.c:381	0.500000	0.707107	0.500000	1.000000	0.500000	0.500000	1.000000	0.000000	3.000000	0.000000	1.333333	0.000000
cut.c:383	0.500000	0.707107	0.500000	1.000000	0.500000	0.500000	1.000000	0.000000	3.000000	0.000000	1.333333	0.000000
cut.c:385	0.500000	0.707107	0.500000	1.000000	0.500000	0.500000	1.000000	0.000000	3.000000	0.000000	1.333333	0.000000
cut.c:387	0.500000	0.707107	0.500000	1.000000	0.500000	0.500000	1.000000	0.000000	3.000000	0.000000	1.333333	0.000000
cut.c:388	0.000000	0.000000	0.000000	0.000000	-0.500000	0.000000	0.000000	-1.000000	1.000000	1.000000	0.000000	0.000000
cut.c:392	0.500000	0.707107	0.500000	1.000000	0.500000	0.500000	1.000000	0.000000	3.000000	0.000000	1.333333	0.000000
cut.c:396	0.500000	0.707107	0.500000	1.000000	0.500000	0.500000	1.000000	0.000000	3.000000	0.000000	1.333333	0.000000
cut.c:397	0.500000	0.707107	0.500000	1.000000	0.500000	0.500000	1.000000	0.000000	3.000000	0.000000	1.333333	0.000000
cut.c:398	0.500000	0.707107	0.500000	1.000000	0.500000	0.500000	1.000000	0.000000	3.000000	0.000000	1.333333	0.000000
cut.c:403	0.500000	0.707107	0.500000	1.000000	0.500000	0.500000	1.000000	0.000000	3.000000	0.000000	1.333333	0.000000
cut.c:404	0.000000	0.000000	0.000000	0.000000	-0.500000	0.000000	0.000000	-1.000000	1.000000	1.000000	0.000000	0.000000
cut.c:407	0.500000	0.707107	0.500000	1.000000	0.500000	0.500000	1.000000	0.000000	3.000000	0.000000	1.333333	0.000000
cut.c:412	0.500000	0.707107	0.500000	1.000000	0.500000	0.500000	1.000000	0.000000	3.000000	0.000000	1.333333	0.000000
cut.c:417	0.000000	0.000000	0.000000	0.000000	-0.500000	0.000000	0.000000	-1.000000	1.000000	1.000000	0.000000	0.000000
cut.c:426	0.000000	0.000000	0.000000	0.000000	-0.500000	0.000000	0.000000	-1.000000	1.000000	1.000000	0.000000	0.000000
cut.c:430	0.000000	0.000000	0.000000	0.000000	-0.500000	0.000000	0.000000	-1.000000	1.000000	1.000000	0.000000	0.000000
cut.c:436	0.500000	0.707107	0.500000	1.000000	0.500000	0.500000	1.000000	0.000000	3.000000	0.000000	1.333333	0.000000
cut.c:437	0.500000	0.707107	0.500000	1.000000	0.500000	0.500000	1.000000	0.000000	3.000000	0.000000	1.333333	0.000000
cut.c:439	0.500000	0.707107	0.500000	1.000000	0.500000	0.500000	1.000000	0.000000	3.000000	0.000000	1.333333	0.000000
cut.c:445	0.500000	0.707107	0.500000	1.000000	0.500000	0.500000	1.000000	0.000000	3.000000	0.000000	1.333333	0.000000
cut.c:446	0.500000	0.707107	0.500000	1.000000	0.500000	0.500000	1.000000	0.000000	3.000000	0.000000	1.333333	0.000000
cut.c:447	0.500000	0.707107	0.500000	1.000000	0.500000	0.500000	1.000000	0.000000	3.000000	0.000000	1.333333	0.000000
cut.c:450	0.500000	0.707107	0.500000	1.000000	0.500000	0.500000	1.000000	0.000000	3.000000	0.000000	1.333333	0.000000
cut.c:452	0.500000	0.707107	0.500000	1.000000	0.500000	0.500000	1.000000	0.000000	3.000000	0.000000	1.333333	0.000000
cut.c:455	0.500000	0.707107	0.500000	1.000000	0.500000	0.500000	1.000000	0.000000	3.000000	0.000000	1.333333	0.000000
cut.c:456	0.500000	0.707107	0.500000	1.000000	0.500000	0.500000	1.000000	0.000000	3.000000	0.000000	1.333333	0.000000
cut.c:457	0.500000	0.707107	0.500000	1.000000	0.500000	0.500000	1.000000	0.000000	3.000000	0.000000	1.333333	0.000000
cut.c:459	0.500000	0.707107	0.500000	1.000000	0.500000	0.500000	1.000000	0.000000	3.000000	0.000000	1.333333	0.000000
cut.c:464	0.500000	0.707107	0.500000	1.000000	0.500000	0.500000	1.000000	0.000000	3.000000	0.000000	1.333333	0.000000
cut.c:465	0.500000	0.707107	0.500000	1.000000	0.500000	0.500000	1.000000	0.000000	3.000000	0.000000	1.333333	0.000000
cut.c:466	0.500000	0.707107	0.500000	1.000000	0.500000	0.500000	1.000000	0.000000	3.000000	0.000000	1.333333	0.000000
cut.c:468	0.500000	0.707107	0.500000	1.000000	0.500000	0.500000	1.000000	0.000000	3.000000	0.000000	1.333333	0.000000
cut.c:469	0.500000	0.707107	0.500000	1.000000	0.500000	0.500000	1.000000	0.000000	3.000000	0.000000	1.333333	0.000000
cut.c:471	0.500000	0.707107	0.500000	1.000000	0.500000	0.500000	1.000000	0.000000	3.000000	0.000000	1.333333	0.000000
cut.c:474	0.500000	0.707107	0.500000	1.000000	0.500000	0.500000	1.000000	0.000000	3.000000	0.000000	1.333333	0.000000
cut.c:491	0.500000	0.707107	0.500000	1.000000	0.500000	0.500000	1.000000	0.000000	3.000000	0.000000	1.333333	0.000000
cut.c:495	0.500000	0.707107	0.500000	1.000000	0.500000	0.500000	1.000000	0.000000	3.000000	0.000000	1.333333	0.000000
cut.c:497	0.500000	0.707107	0.500000	1.000000	0.500000	0.500000	1.000000	0.000000	3.000000	0.000000	1.333333	0.000000
cut.c:498	0.500000	0.707107	0.500000	1.000000	0.500000	0.500000	1.000000	0.000000	3.000000	0.000000	1.333333	0.000000
cut.c:500	0.500000	0.707107	0.500000	1.000000	0.500000	0.500000	1.000000	0.000000	3.000000	0.000000	1.333333	0.000000
cut.c:501	0.500000	0.707107	0.500000	1.000000	0.500000	0.500000	1.000000	0.000000	3.000000	0.000000	1.333333	0.000000
cut.c:503	0.500000	0.707107	0.500000	1.000000	0.500000	0.500000	1.000000	0.000000	3.000000	0.000000	1.333333	0.000000
cut.c:504	0.000000	0.000000	0.000000	0.000000	-0.500000	0.000000	0.000000	-1.000000	1.000000	1.000000	0.000000	0.000000
cut.c:510	0.500000	0.707107	0.500000	1.000000	0.500000	0.500000	1.000000	0.000000	3.000000	0.000000	1.333333	0.000000
cut.c:512	0.500000	0.707107	0.500000	1.000000	0.500000	0.500000	1.000000	0.000000	3.000000	0.000000	1.333333	0.000000
cut.c:515	0.500000	0.707107	0.500000	1.000000	0.500000	0.500000	1.000000	0.000000	3.000000	0.000000	1.333333	0.000000
cut.c:522	0.500000	0.707107	0.500000	1.000000	0.500000	0.500000	1.000000	0.000000	3.000000	0.000000	1.333333	0.000000
cut.c:523	0.500000	0.707107	0.500000	1.000000	0.500000	0.500000	1.000000	0.000000	3.000000	0.000000	1.333333	0.000000
cut.c:524	0.500000	0.707107	0.500000	1.000000	0.500000	0.500000	1.000000	0.000000	3.000000	0.000000	1.333333	0.000000
cut.c:525	0.500000	0.707107	0.500000	1.000000	0.500000	0.500000	1.000000	0.000000	3.000000	0.000000	1.333333	0.000000
cut.c:527	0.500000	0.707107	0.500000	1.000000	0.500000	0.500000	1.000000	0.000000	3.000000	0.000000	1.333333	0.000000
cut.c:528	0.500000	0.707107	0.500000	1.000000	0.500000	0.500000	1.000000	0.000000	3.000000	0.000000	1.333333	0.000000
cut.c:531	0.500000	0.707107	0.500000	1.000000	0.500000	0.500000	1.000000	0.000000	3.000000	0.000000	1.333333	0.000000
cut.c:532	0.500000	0.707107	0.500000	1.000000	0.500000	0.500000	1.000000	0.000000	3.000000	0.000000	1.333333	0.000000
cut.c:533	0.500000	0.707107	0.500000	1.000000	0.500000	0.500000	1.000000	0.000000	3.000000	0.000000	1.333333	0.000000
cut.c:534	0.500000	0.707107	0.500000	1.000000	0.500000	0.500000	1.000000	0.000000	3.000000	0.000000	1.333333	0.000000
cut.c:536	0.500000	0.707107	0.500000	1.000000	0.500000	0.500000	1.000000	0.000000	3.000000	0.000000	1.333333	0.000000
cut.c:538	0.500000	0.707107	0.500000	1.000000	0.500000	0.500000	1.000000	0.000000	3.000000	0.000000	1.333333	0.000000
cut.c:544	0.500000	0.707107	0.500000	1.000000	0.500000	0.500000	1.000000	0.000000	3.000000	0.000000	1.333333	0.000000
cut.c:551	0.500000	0.707107	0.500000	1.000000	0.500000	0.500000	1.000000	0.000000	3.000000	0.000000	1.333333	0.000000
cut.c:552	0.500000	0.707107	0.500000	1.000000	0.500000	0.500000	1.000000	0.000000	3.000000	0.000000	1.333333	0.000000
cut.c:557	0.500000	0.707107	0.500000	1.000000	0.500000	0.500000	1.000000	0.000000	3.000000	0.000000	1.333333	0.000000
cut.c:559	0.500000	0.707107	0.500000	1.000000	0.500000	0.500000	1.000000	0.000000	3.000000	0.000000	1.333333	0.000000
cut.c:561	0.500000	0.707107	0.500000	1.000000	0.500000	0.500000	1.000000	0.000000	3.000000	0.000000	1.333333	0.000000
cut.c:562	0.500000	0.707107	0.500000	1.000000	0.500000	0.500000	1.000000	0.000000	3.000000	0.000000	1.333333	0.000000
cut.c:563	0.500000	0.707107	0.500000	1.000000	0.500000	0.500000	1.000000	0.000000	3.000000	0.000000	1.333333	0.000000
cut.c:565	0.500000	0.707107	0.500000	1.000000	0.500000	0.500000	1.000000	0.000000	3.000000	0.000000	1.333333	0.000000
cut.c:567	0.500000	0.707107	0.500000	1.000000	0.500000	0.500000	1.000000	0.000000	3.000000	0.000000	1.333333	0.000000
cut.c:568	0.000000	0.000000	0.000000	0.000000	-0.500000	0.000000	0.000000	-1.000000	1.000000	1.000000	0.000000	0.000000
cut.c:569	0.500000	0.707107	0.500000	1.000000	0.500000	0.500000	1.000000	0.000000	3.000000	0.000000	1.333333	0.000000
cut.c:574	0.500000	0.707107	0.500000	1.000000	0.500000	0.500000	1.000000	0.000000	3.000000	0.000000	1.333333	0.000000
cut.c:575	0.500000	0.707107	0.500000	1.000000	0.500000	0.500000	1.000000	0.000000	3.000000	0.000000	1.333333	0.000000
cut.c:577	0.500000	0.707107	0.500000	1.000000	0.500000	0.500000	1.000000	0.000000	3.000000	0.000000	1.333333	0.000000
cut.c:579	0.500000	0.707107	0.500000	1.000000	0.500000	0.500000	1.000000	0.000000	3.000000	0.000000	1.333333	0.000000
cut.c:582	0.500000	0.707107	0.500000	1.000000	0.500000	0.500000	1.000000	0.000000	3.000000	0.000000	1.333333	0.000000
cut.c:583	0.500000	0.707107	0.500000	1.000000	0.500000	0.500000	1.000000	0.000000	3.000000	0.000000	1.333333	0.000000
cut.c:586	0.500000	0.707107	0.500000	1.000000	0.500000	0.500000	1.000000	0.000000	3.000000	0.000000	1.333333	0.000000
cut.c:587	0.500000	0.707107	0.500000	1.000000	0.500000	0.500000	1.000000	0.000000	3.000000	0.000000	1.333333	0.000000
cut.c:592	0.000000	0.000000	0.000000	0.000000	-0.500000	0.000000	0.000000	-1.000000	1.000000	1.000000	0.000000	0.000000
cut.c:595	0.000000	0.000000	0.000000	0.000000	-0.500000	0.000000	0.000000	-1.000000	1.000000	1.000000	0.000000	0.000000
cut.c:596	0.000000	0.000000	0.000000	0.000000	-0.500000	0.000000	0.000000	-1.000000	1.000000	1.000000	0.000000	0.000000
cut.c:599	0.000000	0.000000	0.000000	0.000000	-0.500000	0.000000	0.000000	-1.000000	1.000000	1.000000	0.000000	0.000000
cut.c:600	0.000000	0.000000	0.000000	0.000000	-0.500000	0.000000	0.000000	-1.000000	1.000000	1.000000	0.000000	0.000000
cut.c:601	0.000000	0.000000	0.000000	0.000000	-0.500000	0.000000	0.000000	-1.000000	1.000000	1.000000	0.000000	0.000000
cut.c:603	0.000000	0.000000	0.000000	0.000000	-0.500000	0.000000	0.000000	-1.000000	1.000000	1.000000	0.000000	0.000000
cut.c:611	0.000000	0.000000	0.000000	0.000000	-0.500000	0.000000	0.000000	-1.000000	1.000000	1.000000	0.000000	0.000000
cut.c:615	0.000000	0.000000	0.000000	0.000000	-0.500000	0.000000	0.000000	-1.000000	1.000000	1.000000	0.000000	0.000000
cut.c:620	0.000000	0.000000	0.000000	0.000000	-0.500000	0.000000	0.000000	-1.000000	1.000000	1.000000	0.000000	0.000000
cut.c:622	0.000000	0.000000	0.000000	0.000000	-0.500000	0.000000	0.000000	-1.000000	1.000000	1.000000	0.000000	0.000000
cut.c:624	0.000000	0.000000	0.000000	0.000000	-0.500000	0.000000	0.000000	-1.000000	1.000000	1.000000	0.000000	0.000000
cut.c:625	0.000000	0.000000	0.000000	0.000000	-0.500000	0.000000	0.000000	-1.000000	1.000000	1.000000	0.000000	0.000000
cut.c:626	0.000000	0.000000	0.000000	0.000000	-0.500000	0.000000	0.000000	-1.000000	1.000000	1.000000	0.000000	0.000000
cut.c:631	0.000000	0.000000	0.000000	0.000000	-0.500000	0.000000	0.000000	-1.000000	1.000000	1.000000	0.000000	0.000000
cut.c:632	0.000000	0.000000	0.000000	0.000000	-0.500000	0.000000	0.000000	-1.000000	1.000000	1.000000	0.000000	0.000000
cut.c:637	0.000000	0.000000	0.000000	0.000000	-0.500000	0.000000	0.000000	-1.000000	1.000000	1.000000	0.000000	0.000000
cut.c:639	0.000000	0.000000	0.000000	0.000000	-0.500000	0.000000	0.000000	-1.000000	1.000000	1.000000	0.000000	0.000000
cut.c:645	0.000000	0.000000	0.000000	0.000000	-0.500000	0.000000	0.000000	-1.000000	1.000000	1.000000	0.000000	0.000000
cut.c:647	0.000000	0.000000	0.000000	0.000000	-0.500000	0.000000	0.000000	-1.000000	1.000000	1.000000	0.000000	0.000000
cut.c:648	0.000000	0.000000	0.000000	0.000000	-0.500000	0.000000	0.000000	-1.000000	1.000000	1.000000	0.000000	0.000000
cut.c:650	0.000000	0.000000	0.000000	0.000000	-0.500000	0.000000	0.000000	-1.000000	1.000000	1.000000	0.000000	0.000000
cut.c:652	0.000000	0.000000	0.000000	0.000000	-0.500000	0.000000	0.000000	-1.000000	1.000000	1.000000	0.000000	0.000000
cut.c:655	0.000000	0.000000	0.000000	0.000000	-0.500000	0.000000	0.000000	-1.000000	1.000000	1.000000	0.000000	0.000000
cut.c:656	0.000000	0.000000	0.000000	0.000000	-0.500000	0.000000	0.000000	-1.000000	1.000000	1.000000	0.000000	0.000000
cut.c:658	0.000000	0.000000	0.000000	0.000000	-0.500000	0.000000	0.000000	-1.000000	1.000000	1.000000	0.000000	0.000000
cut.c:661	0.000000	0.000000	0.000000	0.000000	-0.500000	0.000000	0.000000	-1.000000	1.000000	1.000000	0.000000	0.000000
cut.c:663	0.000000	0.000000	0.000000	0.000000	-0.500000	0.000000	0.000000	-1.000000	1.000000	1.000000	0.000000	0.000000
cut.c:665	0.000000	0.000000	0.000000	0.000000	-0.500000	0.000000	0.000000	-1.000000	1.000000	1.000000	0.000000	0.000000
cut.c:667	0.000000	0.000000	0.000000	0.000000	-0.500000	0.000000	0.000000	-1.000000	1.000000	1.000000	0.000000	0.000000
cut.c:670	0.000000	0.000000	0.000000	0.000000	-0.500000	0.000000	0.000000	-1.000000	1.000000	1.000000	0.000000	0.000000
cut.c:672	0.000000	0.000000	0.000000	0.000000	-0.500000	0.000000	0.000000	-1.000000	1.000000	1.000000	0.000000	0.000000
cut.c:674	0.000000	0.000000	0.000000	0.000000	-0.500000	0.000000	0.000000	-1.000000	1.000000	1.000000	0.000000	0.000000
cut.c:679	0.000000	0.000000	0.000000	0.000000	-0.500000	0.000000	0.000000	-1.000000	1.000000	1.000000	0.000000	0.000000
cut.c:686	0.000000	0.000000	0.000000	0.000000	-0.500000	0.000000	0.000000	-1.000000	1.000000	1.000000	0.000000	0.000000
cut.c:688	0.000000	0.000000	0.000000	0.000000	-0.500000	0.000000	0.000000	-1.000000	1.000000	1.000000	0.000000	0.000000
cut.c:689	0.000000	0.000000	0.000000	0.000000	-0.500000	0.000000	0.000000	-1.000000	1.000000	1.000000	0.000000	0.000000
cut.c:691	0.000000	0.000000	0.000000	0.000000	-0.500000	0.000000	0.000000	-1.000000	1.000000	1.000000	0.000000	0.000000
cut.c:692	0.000000	0.000000	0.000000	0.000000	-0.500000	0.000000	0.000000	-1.000000	1.000000	1.000000	0.000000	0.000000
cut.c:696	0.000000	0.000000	0.000000	0.000000	-0.500000	0.000000	0.000000	-1.000000	1.000000	1.000000	0.000000	0.000000
cut.c:697	0.000000	0.000000	0.000000	0.000000	-0.500000	0.000000	0.000000	-1.000000	1.000000	1.000000	0.000000	0.000000
cut.c:698	0.000000	0.000000	0.000000	0.000000	-0.500000	0.000000	0.000000	-1.000000	1.000000	1.000000	0.000000	0.000000
cut.c:700	0.000000	0.000000	0.000000	0.000000	-0.500000	0.000000	0.000000	-1.000000	1.000000	1.000000	0.000000	0.000000
cut.c:701	0.000000	0.000000	0.000000	0.000000	-0.500000	0.000000	0.000000	-1.000000	1.000000	1.000000	0.000000	0.000000
cut.c:702	0.000000	0.000000	0.000000	0.000000	-0.500000	0.000000	0.000000	-1.000000	1.000000	1.000000	0.000000	0.000000
cut.c:703	0.000000	0.000000	0.000000	0.000000	-0.500000	0.000000	0.000000	-1.000000	1.000000	1.000000	0.000000	0.000000
cut.c:704	0.000000	0.000000	0.000000	0.000000	-0.500000	0.000000	0.000000	-1.000000	1.000000	1.000000	0.000000	0.000000
cut.c:705	0.000000	0.000000	0.000000	0.000000	-0.500000	0.000000	0.000000	-1.000000	1.000000	1.000000	0.000000	0.000000
cut.c:706	0.000000	0.000000	0.000000	0.000000	-0.500000	0.000000	0.000000	-1.000000	1.000000	1.000000	0.000000	0.000000
cut.c:708	0.000000	0.000000	0.000000	0.000000	-0.500000	0.000000	0.000000	-1.000000	1.000000	1.000000	0.000000	0.000000
cut.c:712	0.500000	0.707107	0.500000	1.000000	0.500000	0.500000	1.000000	0.000000	3.000000	0.000000	1.333333	0.000000
cut.c:714	0.500000	0.707107	0.500000	1.000000	0.500000	0.500000	1.000000	0.000000	3.000000	0.000000	1.333333	0.000000
cut.c:715	0.500000	0.707107	0.500000	1.000000	0.500000	0.500000	1.000000	0.000000	3.000000	0.000000	1.333333	0.000000
cut.c:717	0.000000	0.000000	0.000000	0.000000	-0.500000	0.000000	0.000000	-1.000000	1.000000	1.000000	0.000000	0.000000
cut.c:718	0.500000	0.707107	0.500000	1.000000	0.500000	0.500000	1.000000	0.000000	3.000000	0.000000	1.333333	0.000000
cut.c:724	0.500000	0.707107	0.500000	1.000000	0.500000	0.500000	1.000000	0.000000	3.000000	0.000000	1.333333	0.000000
cut.c:728	0.500000	0.707107	0.500000	1.000000	0.500000	0.500000	1.000000	0.000000	3.000000	0.000000	1.333333	0.000000
cut.c:730	0.500000	0.707107	0.500000	1.000000	0.500000	0.500000	1.000000	0.000000	3.000000	0.000000	1.333333	0.000000
cut.c:731	0.500000	0.707107	0.500000	1.000000	0.500000	0.500000	1.000000	0.000000	3.000000	0.000000	1.333333	0.000000
cut.c:735	0.000000	0.000000	0.000000	0.000000	-0.500000	0.000000	0.000000	-1.000000	1.000000	1.000000	0.000000	0.000000
cut.c:736	0.000000	0.000000	0.000000	0.000000	-0.500000	0.000000	0.000000	-1.000000	1.000000	1.000000	0.000000	0.000000
cut.c:743	0.500000	0.707107	0.500000	1.000000	0.500000	0.500000	1.000000	0.000000	3.000000	0.000000	1.333333	0.000000
cut.c:745	0.500000	0.707107	0.500000	1.000000	0.500000	0.500000	1.000000	0.000000	3.000000	0.000000	1.333333	0.000000
cut.c:747	0.500000	0.707107	0.500000	1.000000	0.500000	0.500000	1.000000	0.000000	3.000000	0.000000	1.333333	0.000000
cut.c:752	0.500000	0.707107	0.500000	1.000000	0.500000	0.500000	1.000000	0.000000	3.000000	0.000000	1.333333	0.000000
cut.c:753	0.500000	0.707107	0.500000	1.000000	0.500000	0.500000	1.000000	0.000000	3.000000	0.000000	1.333333	0.000000
cut.c:754	0.000000	0.000000	0.000000	0.000000	-0.500000	0.000000	0.000000	-1.000000	1.000000	1.000000	0.000000	0.000000
cut.c:759	0.500000	0.707107	0.500000	1.000000	0.500000	0.500000	1.000000	0.000000	3.000000	0.000000	1.333333	0.000000
cut.c:763	0.500000	0.707107	0.500000	1.000000	0.500000	0.500000	1.000000	0.000000	3.000000	0.000000	1.333333	0.000000
cut.c:767	0.500000	0.707107	0.500000	1.000000	0.500000	0.500000	1.000000	0.000000	3.000000	0.000000	1.333333	0.000000
cut.c:768	0.500000	0.707107	0.500000	1.000000	0.500000	0.500000	1.000000	0.000000	3.000000	0.000000	1.333333	0.000000
cut.c:771	0.500000	0.707107	0.500000	1.000000	0.500000	0.500000	1.000000	0.000000	3.000000	0.000000	1.333333	0.000000
cut.c:772	0.500000	0.707107	0.500000	1.000000	0.500000	0.500000	1.000000	0.000000	3.000000	0.000000	1.333333	0.000000
cut.c:776	0.500000	0.707107	0.500000	1.000000	0.500000	0.500000	1.000000	0.000000	3.000000	0.000000	1.333333	0.000000
cut.c:778	0.500000	0.707107	0.500000	1.000000	0.500000	0.500000	1.000000	0.000000	3.000000	0.000000	1.333333	0.000000
cut.c:781	0.500000	0.707107	0.500000	1.000000	0.500000	0.500000	1.000000	0.000000	3.000000	0.000000	1.333333	0.000000
cut.c:783	0.500000	0.707107	0.500000	1.000000	0.500000	0.500000	1.000000	0.000000	3.000000	0.000000	1.333333	0.000000
cut.c:784	0.500000	0.707107	0.500000	1.000000	0.500000	0.500000	1.000000	0.000000	3.000000	0.000000	1.333333	0.000000
cut.c:786	0.500000	0.707107	0.500000	1.000000	0.500000	0.500000	1.000000	0.000000	3.000000	0.000000	1.333333	0.000000
cut.c:788	0.500000	0.707107	0.500000	1.000000	0.500000	0.500000	1.000000	0.000000	3.000000	0.000000	1.333333	0.000000
cut.c:793	0.500000	0.707107	0.500000	1.000000	0.500000	0.500000	1.000000	0.000000	3.000000	0.000000	1.333333	0.000000
cut.c:795	0.500000	0.707107	0.500000	1.000000	0.500000	0.500000	1.000000	0.000000	3.000000	0.000000	1.333333	0.000000
cut.c:796	0.500000	0.707107	0.500000	1.000000	0.500000	0.500000	1.000000	0.000000	3.000000	0.000000	1.333333	0.000000
cut.c:797	0.500000	0.707107	0.500000	1.000000	0.500000	0.500000	1.000000	0.000000	3.000000	0.000000	1.333333	0.000000
cut.c:801	0.000000	0.000000	0.000000	0.000000	-0.500000	0.000000	0.000000	-1.000000	1.000000	1.000000	0.000000	0.000000
cut.c:803	0.000000	0.000000	0.000000	0.000000	-0.500000	0.000000	0.000000	-1.000000	1.000000	1.000000	0.000000	0.000000
cut.c:804	0.000000	0.000000	0.000000	0.000000	-0.500000	0.000000	0.000000	-1.000000	1.000000	1.000000	0.000000	0.000000
cut.c:805	0.000000	0.000000	0.000000	0.000000	-0.500000	0.000000	0.000000	-1.000000	1.000000	1.000000	0.000000	0.000000
cut.c:810	0.000000	0.000000	0.000000	0.000000	-0.500000	0.000000	0.000000	-1.000000	1.000000	1.000000	0.000000	0.000000
cut.c:812	0.000000	0.000000	0.000000	0.000000	-0.500000	0.000000	0.000000	-1.000000	1.000000	1.000000	0.000000	0.000000
cut.c:813	0.000000	0.000000	0.000000	0.000000	-0.500000	0.000000	0.000000	-1.000000	1.000000	1.000000	0.000000	0.000000
cut.c:814	0.000000	0.000000	0.000000	0.000000	-0.500000	0.000000	0.000000	-1.000000	1.000000	1.000000	0.000000	0.000000
cut.c:817	0.500000	0.707107	0.500000	1.000000	0.500000	0.500000	1.000000	0.000000	3.000000	0.000000	1.333333	0.000000
cut.c:820	0.500000	0.707107	0.500000	1.000000	0.500000	0.500000	1.000000	0.000000	3.000000	0.000000	1.333333	0.000000
cut.c:821	0.500000	0.707107	0.500000	1.000000	0.500000	0.500000	1.000000	0.000000	3.000000	0.000000	1.333333	0.000000
cut.c:822	0.500000	0.707107	0.500000	1.000000	0.500000	0.500000	1.000000	0.000000	3.000000	0.000000	1.333333	0.000000
cut.c:823	0.500000	0.707107	0.500000	1.000000	0.500000	0.500000	1.000000	0.000000	3.000000	0.000000	1.333333	0.000000
cut.c:829	0.000000	0.000000	0.000000	0.000000	-0.500000	0.000000	0.000000	-1.000000	1.000000	1.000000	0.000000	0.000000
cut.c:830	0.000000	0.000000	0.000000	0.000000	-0.500000	0.000000	0.000000	-1.000000	1.000000	1.000000	0.000000	0.000000
cut.c:838	0.000000	0.000000	0.000000	0.000000	-0.500000	0.000000	0.000000	-1.000000	1.000000	1.000000	0.000000	0.000000
cut.c:845	0.500000	0.707107	0.500000	1.000000	0.500000	0.500000	1.000000	0.000000	3.000000	0.000000	1.333333	0.000000
cut.c:846	0.000000	0.000000	0.000000	0.000000	-0.500000	0.000000	0.000000	-1.000000	1.000000	1.000000	0.000000	0.000000
cut.c:848	0.500000	0.707107	0.500000	1.000000	0.500000	0.500000	1.000000	0.000000	3.000000	0.000000	1.333333	0.000000
cut.c:852	0.500000	0.707107	0.500000	1.000000	0.500000	0.500000	1.000000	0.000000	3.000000	0.000000	1.333333	0.000000
cut.c:853	0.000000	0.000000	0.000000	0.000000	-0.500000	0.000000	0.000000	-1.000000	1.000000	1.000000	0.000000	0.000000
cut.c:856	0.500000	0.707107	0.500000	1.000000	0.500000	0.500000	1.000000	0.000000	3.000000	0.000000	1.333333	0.000000
cut.c:858	0.500000	0.707107	0.500000	1.000000	0.500000	0.500000	1.000000	0.000000	3.000000	0.000000	1.333333	0.000000
cut.c:861	0.500000	0.707107	0.500000	1.000000	0.500000	0.500000	1.000000	0.000000	3.000000	0.000000	1.333333	0.000000
cut.c:866	0.500000	0.707107	0.500000	1.000000	0.500000	0.500000	1.000000	0.000000	3.000000	0.000000	1.333333	0.000000
cut.c:874	0.500000	0.707107	0.500000	1.000000	0.500000	0.500000	1.000000	0.000000	3.000000	0.000000	1.333333	0.000000
cut.c:875	0.500000	0.707107	0.500000	1.000000	0.500000	0.500000	1.000000	0.000000	3.000000	0.000000	1.333333	0.000000
cut.c:877	0.500000	0.707107	0.500000	1.000000	0.500000	0.500000	1.000000	0.000000	3.000000	0.000000	1.333333	0.000000
cut.c:880	0.000000	0.000000	0.000000	0.000000	-0.500000	0.000000	0.000000	-1.000000	1.000000	1.000000	0.000000	0.000000
cut.c:881	0.000000	0.000000	0.000000	0.000000	-0.500000	0.000000	0.000000	-1.000000	1.000000	1.000000	0.000000	0.000000
cut.c:882	0.000000	0.000000	0.000000	0.000000	-0.500000	0.000000	0.000000	-1.000000	1.000000	1.000000	0.000000	0.000000
cut.c:883	0.000000	0.000000	0.000000	0.000000	-0.500000	0.000000	0.000000	-1.000000	1.000000	1.000000	0.000000	0.000000
cut.c:886	0.500000	0.707107	0.500000	1.000000	0.500000	0.500000	1.000000	0.000000	3.000000	0.000000	1.333333	0.000000
cut.c:887	0.500000	0.707107	0.500000	1.000000	0.500000	0.500000	1.000000	0.000000	3.000000	0.000000	1.333333	0.000000
cut.c:889	0.000000	0.000000	0.000000	0.000000	-0.500000	0.000000	0.000000	-1.000000	1.000000	1.000000	0.000000	0.000000
cut.c:890	0.000000	0.000000	0.000000	0.000000	-0.500000	0.000000	0.000000	-1.000000	1.000000	1.000000	0.000000	0.000000
cut.c:892	0.500000	0.707107	0.500000	1.000000	0.500000	0.500000	1.000000	0.000000	3.000000	0.000000	1.333333	0.000000
cut.c:893	0.500000	0.707107	0.500000	1.000000	0.500000	0.500000	1.000000	0.000000	3.000000	0.000000	1.333333	0.000000
cut.c:895	0.500000	0.707107	0.500000	1.000000	0.500000	0.500000	1.000000	0.000000	3.000000	0.000000	1.333333	0.000000
cut.c:901	0.500000	0.707107	0.500000	1.000000	0.500000	0.500000	1.000000	0.000000	3.000000	0.000000	1.333333	0.000000
