copy.c:1000	0.500000	0.129099	0.016667	1.000000	0.016667	0.016667	1.000000	0.000000	9.681146	2.584791	1.008403	7.615773
copy.c:1001	0.500000	0.129099	0.016667	1.000000	0.016667	0.016667	1.000000	0.000000	9.681146	2.584791	1.008403	7.615773
copy.c:1003	0.500000	0.129099	0.016667	1.000000	0.016667	0.016667	1.000000	0.000000	9.681146	2.584791	1.008403	7.615773
copy.c:1006	0.500000	0.129099	0.016667	1.000000	0.016667	0.016667	1.000000	0.000000	9.681146	2.584791	1.008403	7.615773
copy.c:1007	0.500000	0.129099	0.016667	1.000000	0.016667	0.016667	1.000000	0.000000	9.681146	2.584791	1.008403	7.615773
copy.c:1009	0.500000	0.129099	0.016667	1.000000	0.016667	0.016667	1.000000	0.000000	9.681146	2.584791	1.008403	7.615773
copy.c:1013	0.500000	0.129099	0.016667	1.000000	0.016667	0.016667	1.000000	0.000000	9.681146	2.584791	1.008403	7.615773
copy.c:1014	0.000000	0.000000	0.000000	0.000000	-0.033333	0.000000	0.000000	-1.000000	16.513882	1.189207	0.000000	0.000000
copy.c:1020	0.500000	0.129099	0.016667	1.000000	0.016667	0.016667	1.000000	0.000000	9.681146	2.584791	1.008403	7.615773
copy.c:1021	0.500000	0.129099	0.016667	1.000000	0.016667	0.016667	1.000000	0.000000	9.681146	2.584791	1.008403	7.615773
copy.c:1027	0.500000	0.129099	0.016667	1.000000	0.016667	0.016667	1.000000	0.000000	9.681146	2.584791	1.008403	7.615773
copy.c:1031	0.500000	0.129099	0.016667	1.000000	0.016667	0.016667	1.000000	0.000000	9.681146	2.584791	1.008403	7.615773
copy.c:1032	0.500000	0.129099	0.016667	1.000000	0.016667	0.016667	1.000000	0.000000	9.681146	2.584791	1.008403	7.615773
copy.c:1037	0.500000	0.129099	0.016667	1.000000	0.016667	0.016667	1.000000	0.000000	9.681146	2.584791	1.008403	7.615773
copy.c:1038	0.500000	0.129099	0.016667	1.000000	0.016667	0.016667	1.000000	0.000000	9.681146	2.584791	1.008403	7.615773
copy.c:1043	0.500000	0.129099	0.016667	1.000000	0.016667	0.016667	1.000000	0.000000	9.681146	2.584791	1.008403	7.615773
copy.c:1044	0.500000	0.129099	0.016667	1.000000	0.016667	0.016667	1.000000	0.000000	9.681146	2.584791	1.008403	7.615773
copy.c:1045	0.500000	0.129099	0.016667	1.000000	0.016667	0.016667	1.000000	0.000000	9.681146	2.584791	1.008403	7.615773
copy.c:1050	0.500000	0.129099	0.016667	1.000000	0.016667	0.016667	1.000000	0.000000	9.681146	2.584791	1.008403	7.615773
copy.c:1051	0.500000	0.129099	0.016667	1.000000	0.016667	0.016667	1.000000	0.000000	9.681146	2.584791	1.008403	7.615773
copy.c:1053	0.500000	0.129099	0.016667	1.000000	0.016667	0.016667	1.000000	0.000000	9.681146	2.584791	1.008403	7.615773
copy.c:1061	0.000000	0.000000	0.000000	0.000000	-0.016667	0.000000	0.000000	-1.000000	16.231546	1.000000	0.000000	0.000000
copy.c:1063	0.000000	0.000000	0.000000	0.000000	-0.016667	0.000000	0.000000	-1.000000	16.231546	1.000000	0.000000	0.000000
copy.c:1067	0.000000	0.000000	0.000000	0.000000	-0.016667	0.000000	0.000000	-1.000000	16.231546	1.000000	0.000000	0.000000
copy.c:1076	0.500000	0.129099	0.016667	1.000000	0.016667	0.016667	1.000000	0.000000	9.681146	2.584791	1.008403	7.615773
copy.c:1080	0.500000	0.129099	0.016667	1.000000	0.016667	0.016667	1.000000	0.000000	9.681146	2.584791	1.008403	7.615773
copy.c:1081	0.000000	0.000000	0.000000	0.000000	-0.016667	0.000000	0.000000	-1.000000	16.231546	1.000000	0.000000	0.000000
copy.c:1090	0.500000	0.129099	0.016667	1.000000	0.016667	0.016667	1.000000	0.000000	9.681146	2.584791	1.008403	7.615773
copy.c:1093	0.000000	0.000000	0.000000	0.000000	-0.983333	0.000000	0.000000	-1.000000	7.681146	2.771488	0.000000	0.000000
copy.c:1094	0.000000	0.000000	0.000000	0.000000	-0.983333	0.000000	0.000000	-1.000000	7.681146	2.771488	0.000000	0.000000
copy.c:1096	0.000000	0.000000	0.000000	0.000000	-0.983333	0.000000	0.000000	-1.000000	7.681146	2.771488	0.000000	0.000000
copy.c:1109	0.500000	0.129099	0.016667	1.000000	0.016667	0.016667	1.000000	0.000000	9.681146	2.584791	1.008403	7.615773
copy.c:1111	0.000000	0.000000	0.000000	0.000000	-0.983333	0.000000	0.000000	-1.000000	7.681146	2.771488	0.000000	0.000000
copy.c:1126	0.500000	0.129099	0.016667	1.000000	0.016667	0.016667	1.000000	0.000000	9.681146	2.584791	1.008403	7.615773
copy.c:1128	0.000000	0.000000	0.000000	0.000000	-0.983333	0.000000	0.000000	-1.000000	7.681146	2.771488	0.000000	0.000000
copy.c:1130	0.000000	0.000000	0.000000	0.000000	-0.983333	0.000000	0.000000	-1.000000	7.681146	2.771488	0.000000	0.000000
copy.c:1133	0.000000	0.000000	0.000000	0.000000	-0.983333	0.000000	0.000000	-1.000000	7.681146	2.771488	0.000000	0.000000
copy.c:1137	0.000000	0.000000	0.000000	0.000000	-0.983333	0.000000	0.000000	-1.000000	7.681146	2.771488	0.000000	0.000000
copy.c:1141	0.500000	0.129099	0.016667	1.000000	0.016667	0.016667	1.000000	0.000000	9.681146	2.584791	1.008403	7.615773
copy.c:1143	0.500000	0.129099	0.016667	1.000000	0.016667	0.016667	1.000000	0.000000	9.681146	2.584791	1.008403	7.615773
copy.c:1145	0.000000	0.000000	0.000000	0.000000	-0.983333	0.000000	0.000000	-1.000000	7.681146	2.771488	0.000000	0.000000
copy.c:1149	0.766234	0.229416	0.052632	1.000000	0.700000	0.016667	1.000000	41.000000	19.048889	1.800733	1.027027	4.898979
copy.c:1154	0.766234	0.229416	0.052632	1.000000	0.700000	0.016667	1.000000	41.000000	19.048889	1.800733	1.027027	4.898979
copy.c:1156	0.967213	0.577350	0.333333	1.000000	0.966667	0.016667	1.000000	57.000000	18.513882	0.643594	1.200000	7.483315
copy.c:1157	0.967213	0.577350	0.333333	1.000000	0.966667	0.016667	1.000000	57.000000	18.513882	0.643594	1.200000	7.483315
copy.c:1159	0.000000	0.000000	0.000000	0.000000	-0.283333	0.000000	0.000000	-1.000000	17.084587	2.030543	0.000000	0.000000
copy.c:1161	0.000000	0.000000	0.000000	0.000000	-0.016667	0.000000	0.000000	-1.000000	16.231546	1.000000	0.000000	0.000000
copy.c:1162	0.000000	0.000000	0.000000	0.000000	-0.016667	0.000000	0.000000	-1.000000	16.231546	1.000000	0.000000	0.000000
copy.c:1163	0.000000	0.000000	0.000000	0.000000	-0.016667	0.000000	0.000000	-1.000000	16.231546	1.000000	0.000000	0.000000
copy.c:1173	0.500000	0.129099	0.016667	1.000000	0.016667	0.016667	1.000000	0.000000	9.681146	2.584791	1.008403	7.615773
copy.c:1179	0.500000	0.129099	0.016667	1.000000	0.016667	0.016667	1.000000	0.000000	9.681146	2.584791	1.008403	7.615773
copy.c:1185	0.500000	0.129099	0.016667	1.000000	0.016667	0.016667	1.000000	0.000000	9.681146	2.584791	1.008403	7.615773
copy.c:1186	0.500000	0.129099	0.016667	1.000000	0.016667	0.016667	1.000000	0.000000	9.681146	2.584791	1.008403	7.615773
copy.c:1187	0.500000	0.129099	0.016667	1.000000	0.016667	0.016667	1.000000	0.000000	9.681146	2.584791	1.008403	7.615773
copy.c:1208	0.000000	0.000000	0.000000	0.000000	-0.450000	0.000000	0.000000	-1.000000	16.509861	2.279507	0.000000	0.000000
copy.c:1218	0.000000	0.000000	0.000000	0.000000	-0.450000	0.000000	0.000000	-1.000000	16.509861	2.279507	0.000000	0.000000
copy.c:1220	0.000000	0.000000	0.000000	0.000000	-0.450000	0.000000	0.000000	-1.000000	16.509861	2.279507	0.000000	0.000000
copy.c:1221	0.000000	0.000000	0.000000	0.000000	-0.450000	0.000000	0.000000	-1.000000	16.509861	2.279507	0.000000	0.000000
copy.c:1228	0.000000	0.000000	0.000000	0.000000	-0.450000	0.000000	0.000000	-1.000000	16.509861	2.279507	0.000000	0.000000
copy.c:1230	0.000000	0.000000	0.000000	0.000000	-0.016667	0.000000	0.000000	-1.000000	16.231546	1.000000	0.000000	0.000000
copy.c:1231	0.000000	0.000000	0.000000	0.000000	-0.016667	0.000000	0.000000	-1.000000	16.231546	1.000000	0.000000	0.000000
copy.c:1234	0.000000	0.000000	0.000000	0.000000	-0.450000	0.000000	0.000000	-1.000000	16.509861	2.279507	0.000000	0.000000
copy.c:1236	0.000000	0.000000	0.000000	0.000000	-0.300000	0.000000	0.000000	-1.000000	17.048889	2.059767	0.000000	0.000000
copy.c:1241	0.000000	0.000000	0.000000	0.000000	-0.300000	0.000000	0.000000	-1.000000	17.048889	2.059767	0.000000	0.000000
copy.c:1243	0.000000	0.000000	0.000000	0.000000	-0.050000	0.000000	0.000000	-1.000000	16.698680	1.316074	0.000000	0.000000
copy.c:1244	0.000000	0.000000	0.000000	0.000000	-0.050000	0.000000	0.000000	-1.000000	16.698680	1.316074	0.000000	0.000000
copy.c:1247	0.000000	0.000000	0.000000	0.000000	-0.050000	0.000000	0.000000	-1.000000	16.698680	1.316074	0.000000	0.000000
copy.c:1248	0.000000	0.000000	0.000000	0.000000	-0.016667	0.000000	0.000000	-1.000000	16.231546	1.000000	0.000000	0.000000
copy.c:1256	0.000000	0.000000	0.000000	0.000000	-0.050000	0.000000	0.000000	-1.000000	16.698680	1.316074	0.000000	0.000000
copy.c:1264	0.000000	0.000000	0.000000	0.000000	-0.050000	0.000000	0.000000	-1.000000	16.698680	1.316074	0.000000	0.000000
copy.c:1267	0.000000	0.000000	0.000000	0.000000	-0.283333	0.000000	0.000000	-1.000000	17.084587	2.030543	0.000000	0.000000
copy.c:1268	0.000000	0.000000	0.000000	0.000000	-0.283333	0.000000	0.000000	-1.000000	17.084587	2.030543	0.000000	0.000000
copy.c:127	0.000000	0.000000	0.000000	0.000000	-0.016667	0.000000	0.000000	-1.000000	16.231546	1.000000	0.000000	0.000000
copy.c:1272	0.000000	0.000000	0.000000	0.000000	-0.200000	0.000000	0.000000	-1.000000	17.175411	1.861210	0.000000	0.000000
copy.c:1273	0.000000	0.000000	0.000000	0.000000	-0.200000	0.000000	0.000000	-1.000000	17.175411	1.861210	0.000000	0.000000
copy.c:1275	0.000000	0.000000	0.000000	0.000000	-0.016667	0.000000	0.000000	-1.000000	16.231546	1.000000	0.000000	0.000000
copy.c:1276	0.000000	0.000000	0.000000	0.000000	-0.016667	0.000000	0.000000	-1.000000	16.231546	1.000000	0.000000	0.000000
copy.c:1279	0.000000	0.000000	0.000000	0.000000	-0.016667	0.000000	0.000000	-1.000000	16.231546	1.000000	0.000000	0.000000
copy.c:1280	0.000000	0.000000	0.000000	0.000000	-0.016667	0.000000	0.000000	-1.000000	16.231546	1.000000	0.000000	0.000000
copy.c:1282	0.000000	0.000000	0.000000	0.000000	-0.016667	0.000000	0.000000	-1.000000	16.231546	1.000000	0.000000	0.000000
copy.c:1289	0.000000	0.000000	0.000000	0.000000	-0.016667	0.000000	0.000000	-1.000000	16.231546	1.000000	0.000000	0.000000
copy.c:129	0.000000	0.000000	0.000000	0.000000	-0.016667	0.000000	0.000000	-1.000000	16.231546	1.000000	0.000000	0.000000
copy.c:1290	0.000000	0.000000	0.000000	0.000000	-0.016667	0.000000	0.000000	-1.000000	16.231546	1.000000	0.000000	0.000000
copy.c:1299	0.000000	0.000000	0.000000	0.000000	-0.283333	0.000000	0.000000	-1.000000	17.084587	2.030543	0.000000	0.000000
copy.c:1301	0.000000	0.000000	0.000000	0.000000	-0.066667	0.000000	0.000000	-1.000000	16.832397	1.414214	0.000000	0.000000
copy.c:1319	0.000000	0.000000	0.000000	0.000000	-0.066667	0.000000	0.000000	-1.000000	16.832397	1.414214	0.000000	0.000000
copy.c:1320	0.000000	0.000000	0.000000	0.000000	-0.050000	0.000000	0.000000	-1.000000	16.698680	1.316074	0.000000	0.000000
copy.c:1321	0.000000	0.000000	0.000000	0.000000	-0.016667	0.000000	0.000000	-1.000000	16.231546	1.000000	0.000000	0.000000
copy.c:1322	0.000000	0.000000	0.000000	0.000000	-0.016667	0.000000	0.000000	-1.000000	16.231546	1.000000	0.000000	0.000000
copy.c:1323	0.000000	0.000000	0.000000	0.000000	-0.016667	0.000000	0.000000	-1.000000	16.231546	1.000000	0.000000	0.000000
copy.c:1325	0.000000	0.000000	0.000000	0.000000	-0.066667	0.000000	0.000000	-1.000000	16.832397	1.414214	0.000000	0.000000
copy.c:1328	0.000000	0.000000	0.000000	0.000000	-0.016667	0.000000	0.000000	-1.000000	16.231546	1.000000	0.000000	0.000000
copy.c:133	0.000000	0.000000	0.000000	0.000000	-0.016667	0.000000	0.000000	-1.000000	16.231546	1.000000	0.000000	0.000000
copy.c:135	0.000000	0.000000	0.000000	0.000000	-0.016667	0.000000	0.000000	-1.000000	16.231546	1.000000	0.000000	0.000000
copy.c:1353	0.000000	0.000000	0.000000	0.000000	-0.250000	0.000000	0.000000	-1.000000	17.139483	1.967990	0.000000	0.000000
copy.c:1355	0.000000	0.000000	0.000000	0.000000	-0.066667	0.000000	0.000000	-1.000000	16.832397	1.414214	0.000000	0.000000
copy.c:1356	0.000000	0.000000	0.000000	0.000000	-0.016667	0.000000	0.000000	-1.000000	16.231546	1.000000	0.000000	0.000000
copy.c:1358	0.000000	0.000000	0.000000	0.000000	-0.066667	0.000000	0.000000	-1.000000	16.832397	1.414214	0.000000	0.000000
copy.c:1359	0.000000	0.000000	0.000000	0.000000	-0.016667	0.000000	0.000000	-1.000000	16.231546	1.000000	0.000000	0.000000
copy.c:1360	0.000000	0.000000	0.000000	0.000000	-0.016667	0.000000	0.000000	-1.000000	16.231546	1.000000	0.000000	0.000000
copy.c:1362	0.000000	0.000000	0.000000	0.000000	-0.016667	0.000000	0.000000	-1.000000	16.231546	1.000000	0.000000	0.000000
copy.c:1367	0.000000	0.000000	0.000000	0.000000	-0.016667	0.000000	0.000000	-1.000000	16.231546	1.000000	0.000000	0.000000
copy.c:1373	0.000000	0.000000	0.000000	0.000000	-0.250000	0.000000	0.000000	-1.000000	17.139483	1.967990	0.000000	0.000000
copy.c:1375	0.000000	0.000000	0.000000	0.000000	-0.250000	0.000000	0.000000	-1.000000	17.139483	1.967990	0.000000	0.000000
copy.c:1376	0.000000	0.000000	0.000000	0.000000	-0.183333	0.000000	0.000000	-1.000000	17.173031	1.821160	0.000000	0.000000
copy.c:1379	0.000000	0.000000	0.000000	0.000000	-0.066667	0.000000	0.000000	-1.000000	16.832397	1.414214	0.000000	0.000000
copy.c:1406	0.000000	0.000000	0.000000	0.000000	-0.066667	0.000000	0.000000	-1.000000	16.832397	1.414214	0.000000	0.000000
copy.c:1422	0.000000	0.000000	0.000000	0.000000	-0.066667	0.000000	0.000000	-1.000000	16.832397	1.414214	0.000000	0.000000
copy.c:1423	0.000000	0.000000	0.000000	0.000000	-0.016667	0.000000	0.000000	-1.000000	16.231546	1.000000	0.000000	0.000000
copy.c:1426	0.000000	0.000000	0.000000	0.000000	-0.066667	0.000000	0.000000	-1.000000	16.832397	1.414214	0.000000	0.000000
copy.c:1428	0.000000	0.000000	0.000000	0.000000	-0.066667	0.000000	0.000000	-1.000000	16.832397	1.414214	0.000000	0.000000
copy.c:1429	0.000000	0.000000	0.000000	0.000000	-0.066667	0.000000	0.000000	-1.000000	16.832397	1.414214	0.000000	0.000000
copy.c:1430	0.000000	0.000000	0.000000	0.000000	-0.016667	0.000000	0.000000	-1.000000	16.231546	1.000000	0.000000	0.000000
copy.c:1433	0.000000	0.000000	0.000000	0.000000	-0.066667	0.000000	0.000000	-1.000000	16.832397	1.414214	0.000000	0.000000
copy.c:1434	0.000000	0.000000	0.000000	0.000000	-0.066667	0.000000	0.000000	-1.000000	16.832397	1.414214	0.000000	0.000000
copy.c:1435	0.000000	0.000000	0.000000	0.000000	-0.016667	0.000000	0.000000	-1.000000	16.231546	1.000000	0.000000	0.000000
copy.c:1438	0.000000	0.000000	0.000000	0.000000	-0.066667	0.000000	0.000000	-1.000000	16.832397	1.414214	0.000000	0.000000
copy.c:1442	0.000000	0.000000	0.000000	0.000000	-0.066667	0.000000	0.000000	-1.000000	16.832397	1.414214	0.000000	0.000000
copy.c:1444	0.000000	0.000000	0.000000	0.000000	-0.016667	0.000000	0.000000	-1.000000	16.231546	1.000000	0.000000	0.000000
copy.c:1445	0.000000	0.000000	0.000000	0.000000	-0.016667	0.000000	0.000000	-1.000000	16.231546	1.000000	0.000000	0.000000
copy.c:1449	0.000000	0.000000	0.000000	0.000000	-0.066667	0.000000	0.000000	-1.000000	16.832397	1.414214	0.000000	0.000000
copy.c:1455	0.000000	0.000000	0.000000	0.000000	-0.016667	0.000000	0.000000	-1.000000	16.231546	1.000000	0.000000	0.000000
copy.c:1457	0.000000	0.000000	0.000000	0.000000	-0.016667	0.000000	0.000000	-1.000000	16.231546	1.000000	0.000000	0.000000
copy.c:1458	0.000000	0.000000	0.000000	0.000000	-0.016667	0.000000	0.000000	-1.000000	16.231546	1.000000	0.000000	0.000000
copy.c:1459	0.000000	0.000000	0.000000	0.000000	-0.016667	0.000000	0.000000	-1.000000	16.231546	1.000000	0.000000	0.000000
copy.c:1463	0.000000	0.000000	0.000000	0.000000	-0.016667	0.000000	0.000000	-1.000000	16.231546	1.000000	0.000000	0.000000
copy.c:1465	0.000000	0.000000	0.000000	0.000000	-0.016667	0.000000	0.000000	-1.000000	16.231546	1.000000	0.000000	0.000000
copy.c:1478	0.000000	0.000000	0.000000	0.000000	-0.016667	0.000000	0.000000	-1.000000	16.231546	1.000000	0.000000	0.000000
copy.c:1481	0.000000	0.000000	0.000000	0.000000	-0.016667	0.000000	0.000000	-1.000000	16.231546	1.000000	0.000000	0.000000
copy.c:1486	0.000000	0.000000	0.000000	0.000000	-0.083333	0.000000	0.000000	-1.000000	16.933006	1.495349	0.000000	0.000000
copy.c:1489	0.000000	0.000000	0.000000	0.000000	-0.083333	0.000000	0.000000	-1.000000	16.933006	1.495349	0.000000	0.000000
copy.c:1494	0.000000	0.000000	0.000000	0.000000	-0.083333	0.000000	0.000000	-1.000000	16.933006	1.495349	0.000000	0.000000
copy.c:1499	0.000000	0.000000	0.000000	0.000000	-0.083333	0.000000	0.000000	-1.000000	16.933006	1.495349	0.000000	0.000000
copy.c:150	0.500000	0.129099	0.016667	1.000000	0.016667	0.016667	1.000000	0.000000	9.681146	2.584791	1.008403	7.615773
copy.c:1511	0.000000	0.000000	0.000000	0.000000	-0.083333	0.000000	0.000000	-1.000000	16.933006	1.495349	0.000000	0.000000
copy.c:1516	0.000000	0.000000	0.000000	0.000000	-0.083333	0.000000	0.000000	-1.000000	16.933006	1.495349	0.000000	0.000000
copy.c:1525	0.000000	0.000000	0.000000	0.000000	-0.033333	0.000000	0.000000	-1.000000	16.513882	1.189207	0.000000	0.000000
copy.c:1529	0.000000	0.000000	0.000000	0.000000	-0.033333	0.000000	0.000000	-1.000000	16.513882	1.189207	0.000000	0.000000
copy.c:1530	0.000000	0.000000	0.000000	0.000000	-0.033333	0.000000	0.000000	-1.000000	16.513882	1.189207	0.000000	0.000000
copy.c:1531	0.000000	0.000000	0.000000	0.000000	-0.033333	0.000000	0.000000	-1.000000	16.513882	1.189207	0.000000	0.000000
copy.c:1532	0.000000	0.000000	0.000000	0.000000	-0.033333	0.000000	0.000000	-1.000000	16.513882	1.189207	0.000000	0.000000
copy.c:1533	0.000000	0.000000	0.000000	0.000000	-0.033333	0.000000	0.000000	-1.000000	16.513882	1.189207	0.000000	0.000000
copy.c:1543	0.000000	0.000000	0.000000	0.000000	-0.033333	0.000000	0.000000	-1.000000	16.513882	1.189207	0.000000	0.000000
copy.c:1545	0.000000	0.000000	0.000000	0.000000	-0.033333	0.000000	0.000000	-1.000000	16.513882	1.189207	0.000000	0.000000
copy.c:1546	0.000000	0.000000	0.000000	0.000000	-0.033333	0.000000	0.000000	-1.000000	16.513882	1.189207	0.000000	0.000000
copy.c:1548	0.000000	0.000000	0.000000	0.000000	-0.033333	0.000000	0.000000	-1.000000	16.513882	1.189207	0.000000	0.000000
copy.c:1549	0.000000	0.000000	0.000000	0.000000	-0.033333	0.000000	0.000000	-1.000000	16.513882	1.189207	0.000000	0.000000
copy.c:156	0.500000	0.129099	0.016667	1.000000	0.016667	0.016667	1.000000	0.000000	9.681146	2.584791	1.008403	7.615773
copy.c:1567	0.000000	0.000000	0.000000	0.000000	-0.100000	0.000000	0.000000	-1.000000	17.009710	1.565085	0.000000	0.000000
copy.c:157	0.500000	0.129099	0.016667	1.000000	0.016667	0.016667	1.000000	0.000000	9.681146	2.584791	1.008403	7.615773
copy.c:1571	0.000000	0.000000	0.000000	0.000000	-0.100000	0.000000	0.000000	-1.000000	17.009710	1.565085	0.000000	0.000000
copy.c:1575	0.000000	0.000000	0.000000	0.000000	-0.100000	0.000000	0.000000	-1.000000	17.009710	1.565085	0.000000	0.000000
copy.c:1577	0.000000	0.000000	0.000000	0.000000	-0.016667	0.000000	0.000000	-1.000000	16.231546	1.000000	0.000000	0.000000
copy.c:1582	0.000000	0.000000	0.000000	0.000000	-0.016667	0.000000	0.000000	-1.000000	16.231546	1.000000	0.000000	0.000000
copy.c:1584	0.000000	0.000000	0.000000	0.000000	-0.016667	0.000000	0.000000	-1.000000	16.231546	1.000000	0.000000	0.000000
copy.c:1587	0.000000	0.000000	0.000000	0.000000	-0.100000	0.000000	0.000000	-1.000000	17.009710	1.565085	0.000000	0.000000
copy.c:1589	0.000000	0.000000	0.000000	0.000000	-0.016667	0.000000	0.000000	-1.000000	16.231546	1.000000	0.000000	0.000000
copy.c:159	0.500000	0.129099	0.016667	1.000000	0.016667	0.016667	1.000000	0.000000	9.681146	2.584791	1.008403	7.615773
copy.c:1591	0.000000	0.000000	0.000000	0.000000	-0.016667	0.000000	0.000000	-1.000000	16.231546	1.000000	0.000000	0.000000
copy.c:1594	0.000000	0.000000	0.000000	0.000000	-0.100000	0.000000	0.000000	-1.000000	17.009710	1.565085	0.000000	0.000000
copy.c:161	0.500000	0.129099	0.016667	1.000000	0.016667	0.016667	1.000000	0.000000	9.681146	2.584791	1.008403	7.615773
copy.c:1610	0.500000	0.129099	0.016667	1.000000	0.016667	0.016667	1.000000	0.000000	9.681146	2.584791	1.008403	7.615773
copy.c:1623	0.500000	0.129099	0.016667	1.000000	0.016667	0.016667	1.000000	0.000000	9.681146	2.584791	1.008403	7.615773
copy.c:1626	0.500000	0.129099	0.016667	1.000000	0.016667	0.016667	1.000000	0.000000	9.681146	2.584791	1.008403	7.615773
copy.c:1627	0.500000	0.129099	0.016667	1.000000	0.016667	0.016667	1.000000	0.000000	9.681146	2.584791	1.008403	7.615773
copy.c:1628	0.500000	0.129099	0.016667	1.000000	0.016667	0.016667	1.000000	0.000000	9.681146	2.584791	1.008403	7.615773
copy.c:1629	0.500000	0.129099	0.016667	1.000000	0.016667	0.016667	1.000000	0.000000	9.681146	2.584791	1.008403	7.615773
copy.c:163	0.500000	0.129099	0.016667	1.000000	0.016667	0.016667	1.000000	0.000000	9.681146	2.584791	1.008403	7.615773
copy.c:1631	0.500000	0.129099	0.016667	1.000000	0.016667	0.016667	1.000000	0.000000	9.681146	2.584791	1.008403	7.615773
copy.c:1632	0.500000	0.129099	0.016667	1.000000	0.016667	0.016667	1.000000	0.000000	9.681146	2.584791	1.008403	7.615773
copy.c:1633	0.500000	0.129099	0.016667	1.000000	0.016667	0.016667	1.000000	0.000000	9.681146	2.584791	1.008403	7.615773
copy.c:1635	0.500000	0.129099	0.016667	1.000000	0.016667	0.016667	1.000000	0.000000	9.681146	2.584791	1.008403	7.615773
copy.c:1636	0.000000	0.000000	0.000000	0.000000	-0.983333	0.000000	0.000000	-1.000000	7.681146	2.771488	0.000000	0.000000
copy.c:1638	0.500000	0.129099	0.016667	1.000000	0.016667	0.016667	1.000000	0.000000	9.681146	2.584791	1.008403	7.615773
copy.c:164	0.500000	0.129099	0.016667	1.000000	0.016667	0.016667	1.000000	0.000000	9.681146	2.584791	1.008403	7.615773
copy.c:1640	0.500000	0.129099	0.016667	1.000000	0.016667	0.016667	1.000000	0.000000	9.681146	2.584791	1.008403	7.615773
copy.c:1646	0.500000	0.129099	0.016667	1.000000	0.016667	0.016667	1.000000	0.000000	9.681146	2.584791	1.008403	7.615773
copy.c:1648	0.500000	0.129099	0.016667	1.000000	0.016667	0.016667	1.000000	0.000000	9.681146	2.584791	1.008403	7.615773
copy.c:1658	0.500000	0.129099	0.016667	1.000000	0.016667	0.016667	1.000000	0.000000	9.681146	2.584791	1.008403	7.615773
copy.c:1660	0.500000	0.129099	0.016667	1.000000	0.016667	0.016667	1.000000	0.000000	9.681146	2.584791	1.008403	7.615773
copy.c:1661	0.500000	0.129099	0.016667	1.000000	0.016667	0.016667	1.000000	0.000000	9.681146	2.584791	1.008403	7.615773
copy.c:1662	0.500000	0.129099	0.016667	1.000000	0.016667	0.016667	1.000000	0.000000	9.681146	2.584791	1.008403	7.615773
copy.c:1669	0.500000	0.129099	0.016667	1.000000	0.016667	0.016667	1.000000	0.000000	9.681146	2.584791	1.008403	7.615773
copy.c:1672	0.500000	0.129099	0.016667	1.000000	0.016667	0.016667	1.000000	0.000000	9.681146	2.584791	1.008403	7.615773
copy.c:1680	0.500000	0.129099	0.016667	1.000000	0.016667	0.016667	1.000000	0.000000	9.681146	2.584791	1.008403	7.615773
copy.c:1681	0.500000	0.129099	0.016667	1.000000	0.016667	0.016667	1.000000	0.000000	9.681146	2.584791	1.008403	7.615773
copy.c:1682	0.000000	0.000000	0.000000	0.000000	-0.450000	0.000000	0.000000	-1.000000	16.509861	2.279507	0.000000	0.000000
copy.c:1683	0.000000	0.000000	0.000000	0.000000	-0.116667	0.000000	0.000000	-1.000000	17.067956	1.626577	0.000000	0.000000
copy.c:1684	0.500000	0.129099	0.016667	1.000000	0.016667	0.016667	1.000000	0.000000	9.681146	2.584791	1.008403	7.615773
copy.c:1685	0.694118	0.192450	0.037037	1.000000	0.566667	0.016667	1.000000	33.000000	18.588145	2.024604	1.018868	2.828427
copy.c:1686	0.702381	0.196116	0.038462	1.000000	0.583333	0.016667	1.000000	34.000000	18.661904	2.000000	1.019608	3.162278
copy.c:1687	0.500000	0.129099	0.016667	1.000000	0.016667	0.016667	1.000000	0.000000	9.681146	2.584791	1.008403	7.615773
copy.c:1688	0.702381	0.196116	0.038462	1.000000	0.583333	0.016667	1.000000	34.000000	18.661904	2.000000	1.019608	3.162278
copy.c:1689	0.000000	0.000000	0.000000	0.000000	-0.983333	0.000000	0.000000	-1.000000	7.681146	2.771488	0.000000	0.000000
copy.c:1690	0.500000	0.129099	0.016667	1.000000	0.016667	0.016667	1.000000	0.000000	9.681146	2.584791	1.008403	7.615773
copy.c:1692	0.500000	0.129099	0.016667	1.000000	0.016667	0.016667	1.000000	0.000000	9.681146	2.584791	1.008403	7.615773
copy.c:1699	0.500000	0.129099	0.016667	1.000000	0.016667	0.016667	1.000000	0.000000	9.681146	2.584791	1.008403	7.615773
copy.c:1708	0.000000	0.000000	0.000000	0.000000	-0.450000	0.000000	0.000000	-1.000000	16.509861	2.279507	0.000000	0.000000
copy.c:1709	0.000000	0.000000	0.000000	0.000000	-0.450000	0.000000	0.000000	-1.000000	16.509861	2.279507	0.000000	0.000000
copy.c:171	0.500000	0.129099	0.016667	1.000000	0.016667	0.016667	1.000000	0.000000	9.681146	2.584791	1.008403	7.615773
copy.c:1712	0.000000	0.000000	0.000000	0.000000	-0.066667	0.000000	0.000000	-1.000000	16.832397	1.414214	0.000000	0.000000
copy.c:1714	0.000000	0.000000	0.000000	0.000000	-0.150000	0.000000	0.000000	-1.000000	17.142136	1.732051	0.000000	0.000000
copy.c:1717	0.000000	0.000000	0.000000	0.000000	-0.400000	0.000000	0.000000	-1.000000	16.731139	2.213364	0.000000	0.000000
copy.c:172	0.500000	0.129099	0.016667	1.000000	0.016667	0.016667	1.000000	0.000000	9.681146	2.584791	1.008403	7.615773
copy.c:1723	0.000000	0.000000	0.000000	0.000000	-0.033333	0.000000	0.000000	-1.000000	16.513882	1.189207	0.000000	0.000000
copy.c:1724	0.000000	0.000000	0.000000	0.000000	-0.016667	0.000000	0.000000	-1.000000	16.231546	1.000000	0.000000	0.000000
copy.c:1727	0.000000	0.000000	0.000000	0.000000	-0.033333	0.000000	0.000000	-1.000000	16.513882	1.189207	0.000000	0.000000
copy.c:1729	0.000000	0.000000	0.000000	0.000000	-0.033333	0.000000	0.000000	-1.000000	16.513882	1.189207	0.000000	0.000000
copy.c:173	0.000000	0.000000	0.000000	0.000000	-0.983333	0.000000	0.000000	-1.000000	7.681146	2.771488	0.000000	0.000000
copy.c:1735	0.000000	0.000000	0.000000	0.000000	-0.033333	0.000000	0.000000	-1.000000	16.513882	1.189207	0.000000	0.000000
copy.c:174	0.000000	0.000000	0.000000	0.000000	-0.983333	0.000000	0.000000	-1.000000	7.681146	2.771488	0.000000	0.000000
copy.c:1743	0.000000	0.000000	0.000000	0.000000	-0.033333	0.000000	0.000000	-1.000000	16.513882	1.189207	0.000000	0.000000
copy.c:1745	0.000000	0.000000	0.000000	0.000000	-0.033333	0.000000	0.000000	-1.000000	16.513882	1.189207	0.000000	0.000000
copy.c:1749	0.000000	0.000000	0.000000	0.000000	-0.016667	0.000000	0.000000	-1.000000	16.231546	1.000000	0.000000	0.000000
copy.c:1750	0.000000	0.000000	0.000000	0.000000	-0.016667	0.000000	0.000000	-1.000000	16.231546	1.000000	0.000000	0.000000
copy.c:1756	0.000000	0.000000	0.000000	0.000000	-0.033333	0.000000	0.000000	-1.000000	16.513882	1.189207	0.000000	0.000000
copy.c:176	0.000000	0.000000	0.000000	0.000000	-0.983333	0.000000	0.000000	-1.000000	7.681146	2.771488	0.000000	0.000000
copy.c:1767	0.000000	0.000000	0.000000	0.000000	-0.383333	0.000000	0.000000	-1.000000	16.795832	2.189939	0.000000	0.000000
copy.c:1769	0.000000	0.000000	0.000000	0.000000	-0.033333	0.000000	0.000000	-1.000000	16.513882	1.189207	0.000000	0.000000
copy.c:1770	0.000000	0.000000	0.000000	0.000000	-0.033333	0.000000	0.000000	-1.000000	16.513882	1.189207	0.000000	0.000000
copy.c:1780	0.000000	0.000000	0.000000	0.000000	-0.033333	0.000000	0.000000	-1.000000	16.513882	1.189207	0.000000	0.000000
copy.c:1788	0.000000	0.000000	0.000000	0.000000	-0.366667	0.000000	0.000000	-1.000000	16.855941	2.165737	0.000000	0.000000
copy.c:1789	0.000000	0.000000	0.000000	0.000000	-0.266667	0.000000	0.000000	-1.000000	17.114877	2.000000	0.000000	0.000000
copy.c:179	0.000000	0.000000	0.000000	0.000000	-0.033333	0.000000	0.000000	-1.000000	16.513882	1.189207	0.000000	0.000000
copy.c:1790	0.000000	0.000000	0.000000	0.000000	-0.266667	0.000000	0.000000	-1.000000	17.114877	2.000000	0.000000	0.000000
copy.c:1791	0.000000	0.000000	0.000000	0.000000	-0.016667	0.000000	0.000000	-1.000000	16.231546	1.000000	0.000000	0.000000
copy.c:1792	0.000000	0.000000	0.000000	0.000000	-0.016667	0.000000	0.000000	-1.000000	16.231546	1.000000	0.000000	0.000000
copy.c:1793	0.000000	0.000000	0.000000	0.000000	-0.016667	0.000000	0.000000	-1.000000	16.231546	1.000000	0.000000	0.000000
copy.c:1796	0.000000	0.000000	0.000000	0.000000	-0.383333	0.000000	0.000000	-1.000000	16.795832	2.189939	0.000000	0.000000
copy.c:1797	0.000000	0.000000	0.000000	0.000000	-0.016667	0.000000	0.000000	-1.000000	16.231546	1.000000	0.000000	0.000000
copy.c:1799	0.000000	0.000000	0.000000	0.000000	-0.383333	0.000000	0.000000	-1.000000	16.795832	2.189939	0.000000	0.000000
copy.c:1801	0.000000	0.000000	0.000000	0.000000	-0.300000	0.000000	0.000000	-1.000000	17.048889	2.059767	0.000000	0.000000
copy.c:1803	0.000000	0.000000	0.000000	0.000000	-0.016667	0.000000	0.000000	-1.000000	16.231546	1.000000	0.000000	0.000000
copy.c:1810	0.000000	0.000000	0.000000	0.000000	-0.016667	0.000000	0.000000	-1.000000	16.231546	1.000000	0.000000	0.000000
copy.c:1813	0.000000	0.000000	0.000000	0.000000	-0.016667	0.000000	0.000000	-1.000000	16.231546	1.000000	0.000000	0.000000
copy.c:1824	0.000000	0.000000	0.000000	0.000000	-0.283333	0.000000	0.000000	-1.000000	17.084587	2.030543	0.000000	0.000000
copy.c:1825	0.000000	0.000000	0.000000	0.000000	-0.266667	0.000000	0.000000	-1.000000	17.114877	2.000000	0.000000	0.000000
copy.c:1826	0.000000	0.000000	0.000000	0.000000	-0.266667	0.000000	0.000000	-1.000000	17.114877	2.000000	0.000000	0.000000
copy.c:1835	0.000000	0.000000	0.000000	0.000000	-0.366667	0.000000	0.000000	-1.000000	16.855941	2.165737	0.000000	0.000000
copy.c:1837	0.000000	0.000000	0.000000	0.000000	-0.283333	0.000000	0.000000	-1.000000	17.084587	2.030543	0.000000	0.000000
copy.c:1854	0.000000	0.000000	0.000000	0.000000	-0.366667	0.000000	0.000000	-1.000000	16.855941	2.165737	0.000000	0.000000
copy.c:1857	0.000000	0.000000	0.000000	0.000000	-0.033333	0.000000	0.000000	-1.000000	16.513882	1.189207	0.000000	0.000000
copy.c:1867	0.000000	0.000000	0.000000	0.000000	-0.366667	0.000000	0.000000	-1.000000	16.855941	2.165737	0.000000	0.000000
copy.c:1870	0.000000	0.000000	0.000000	0.000000	-0.083333	0.000000	0.000000	-1.000000	16.933006	1.495349	0.000000	0.000000
copy.c:1876	0.000000	0.000000	0.000000	0.000000	-0.066667	0.000000	0.000000	-1.000000	16.832397	1.414214	0.000000	0.000000
copy.c:1877	0.000000	0.000000	0.000000	0.000000	-0.033333	0.000000	0.000000	-1.000000	16.513882	1.189207	0.000000	0.000000
copy.c:1878	0.000000	0.000000	0.000000	0.000000	-0.050000	0.000000	0.000000	-1.000000	16.698680	1.316074	0.000000	0.000000
copy.c:188	0.000000	0.000000	0.000000	0.000000	-0.033333	0.000000	0.000000	-1.000000	16.513882	1.189207	0.000000	0.000000
copy.c:1887	0.000000	0.000000	0.000000	0.000000	-0.050000	0.000000	0.000000	-1.000000	16.698680	1.316074	0.000000	0.000000
copy.c:1890	0.000000	0.000000	0.000000	0.000000	-0.016667	0.000000	0.000000	-1.000000	16.231546	1.000000	0.000000	0.000000
copy.c:1892	0.000000	0.000000	0.000000	0.000000	-0.016667	0.000000	0.000000	-1.000000	16.231546	1.000000	0.000000	0.000000
copy.c:1893	0.000000	0.000000	0.000000	0.000000	-0.016667	0.000000	0.000000	-1.000000	16.231546	1.000000	0.000000	0.000000
copy.c:1896	0.000000	0.000000	0.000000	0.000000	-0.016667	0.000000	0.000000	-1.000000	16.231546	1.000000	0.000000	0.000000
copy.c:1897	0.000000	0.000000	0.000000	0.000000	-0.016667	0.000000	0.000000	-1.000000	16.231546	1.000000	0.000000	0.000000
copy.c:1905	0.000000	0.000000	0.000000	0.000000	-0.033333	0.000000	0.000000	-1.000000	16.513882	1.189207	0.000000	0.000000
copy.c:1906	0.000000	0.000000	0.000000	0.000000	-0.033333	0.000000	0.000000	-1.000000	16.513882	1.189207	0.000000	0.000000
copy.c:191	0.000000	0.000000	0.000000	0.000000	-0.033333	0.000000	0.000000	-1.000000	16.513882	1.189207	0.000000	0.000000
copy.c:1911	0.000000	0.000000	0.000000	0.000000	-0.033333	0.000000	0.000000	-1.000000	16.513882	1.189207	0.000000	0.000000
copy.c:1925	0.000000	0.000000	0.000000	0.000000	-0.033333	0.000000	0.000000	-1.000000	16.513882	1.189207	0.000000	0.000000
copy.c:1927	0.000000	0.000000	0.000000	0.000000	-0.033333	0.000000	0.000000	-1.000000	16.513882	1.189207	0.000000	0.000000
copy.c:1929	0.000000	0.000000	0.000000	0.000000	-0.350000	0.000000	0.000000	-1.000000	16.911404	2.140695	0.000000	0.000000
copy.c:193	0.000000	0.000000	0.000000	0.000000	-0.016667	0.000000	0.000000	-1.000000	16.231546	1.000000	0.000000	0.000000
copy.c:1931	0.000000	0.000000	0.000000	0.000000	-0.266667	0.000000	0.000000	-1.000000	17.114877	2.000000	0.000000	0.000000
copy.c:1932	0.000000	0.000000	0.000000	0.000000	-0.250000	0.000000	0.000000	-1.000000	17.139483	1.967990	0.000000	0.000000
copy.c:1933	0.000000	0.000000	0.000000	0.000000	-0.233333	0.000000	0.000000	-1.000000	17.158065	1.934336	0.000000	0.000000
copy.c:1934	0.000000	0.000000	0.000000	0.000000	-0.233333	0.000000	0.000000	-1.000000	17.158065	1.934336	0.000000	0.000000
copy.c:1935	0.000000	0.000000	0.000000	0.000000	-0.083333	0.000000	0.000000	-1.000000	16.933006	1.495349	0.000000	0.000000
copy.c:1938	0.000000	0.000000	0.000000	0.000000	-0.066667	0.000000	0.000000	-1.000000	16.832397	1.414214	0.000000	0.000000
copy.c:1943	0.000000	0.000000	0.000000	0.000000	-0.066667	0.000000	0.000000	-1.000000	16.832397	1.414214	0.000000	0.000000
copy.c:1944	0.000000	0.000000	0.000000	0.000000	-0.066667	0.000000	0.000000	-1.000000	16.832397	1.414214	0.000000	0.000000
copy.c:1952	0.500000	0.129099	0.016667	1.000000	0.016667	0.016667	1.000000	0.000000	9.681146	2.584791	1.008403	7.615773
copy.c:1953	0.500000	0.129099	0.016667	1.000000	0.016667	0.016667	1.000000	0.000000	9.681146	2.584791	1.008403	7.615773
copy.c:1954	0.000000	0.000000	0.000000	0.000000	-0.083333	0.000000	0.000000	-1.000000	16.933006	1.495349	0.000000	0.000000
copy.c:1955	0.000000	0.000000	0.000000	0.000000	-0.083333	0.000000	0.000000	-1.000000	16.933006	1.495349	0.000000	0.000000
copy.c:1957	0.000000	0.000000	0.000000	0.000000	-0.083333	0.000000	0.000000	-1.000000	16.933006	1.495349	0.000000	0.000000
copy.c:1963	0.000000	0.000000	0.000000	0.000000	-0.083333	0.000000	0.000000	-1.000000	16.933006	1.495349	0.000000	0.000000
copy.c:1964	0.000000	0.000000	0.000000	0.000000	-0.033333	0.000000	0.000000	-1.000000	16.513882	1.189207	0.000000	0.000000
copy.c:1967	0.000000	0.000000	0.000000	0.000000	-0.083333	0.000000	0.000000	-1.000000	16.933006	1.495349	0.000000	0.000000
copy.c:1968	0.000000	0.000000	0.000000	0.000000	-0.016667	0.000000	0.000000	-1.000000	16.231546	1.000000	0.000000	0.000000
copy.c:1970	0.000000	0.000000	0.000000	0.000000	-0.083333	0.000000	0.000000	-1.000000	16.933006	1.495349	0.000000	0.000000
copy.c:1974	0.000000	0.000000	0.000000	0.000000	-0.083333	0.000000	0.000000	-1.000000	16.933006	1.495349	0.000000	0.000000
copy.c:1975	0.000000	0.000000	0.000000	0.000000	-0.033333	0.000000	0.000000	-1.000000	16.513882	1.189207	0.000000	0.000000
copy.c:1976	0.000000	0.000000	0.000000	0.000000	-0.016667	0.000000	0.000000	-1.000000	16.231546	1.000000	0.000000	0.000000
copy.c:1978	0.000000	0.000000	0.000000	0.000000	-0.016667	0.000000	0.000000	-1.000000	16.231546	1.000000	0.000000	0.000000
copy.c:1981	0.000000	0.000000	0.000000	0.000000	-0.016667	0.000000	0.000000	-1.000000	16.231546	1.000000	0.000000	0.000000
copy.c:1988	0.500000	0.129099	0.016667	1.000000	0.016667	0.016667	1.000000	0.000000	9.681146	2.584791	1.008403	7.615773
copy.c:1989	0.000000	0.000000	0.000000	0.000000	-0.016667	0.000000	0.000000	-1.000000	16.231546	1.000000	0.000000	0.000000
copy.c:201	0.000000	0.000000	0.000000	0.000000	-0.983333	0.000000	0.000000	-1.000000	7.681146	2.771488	0.000000	0.000000
copy.c:2021	0.500000	0.129099	0.016667	1.000000	0.016667	0.016667	1.000000	0.000000	9.681146	2.584791	1.008403	7.615773
copy.c:2023	0.000000	0.000000	0.000000	0.000000	-0.983333	0.000000	0.000000	-1.000000	7.681146	2.771488	0.000000	0.000000
copy.c:2025	0.595960	0.156174	0.024390	1.000000	0.333333	0.016667	1.000000	19.000000	17.042353	2.307500	1.012346	4.472136
copy.c:2026	0.000000	0.000000	0.000000	0.000000	-0.200000	0.000000	0.000000	-1.000000	17.175411	1.861210	0.000000	0.000000
copy.c:2027	0.000000	0.000000	0.000000	0.000000	-0.183333	0.000000	0.000000	-1.000000	17.173031	1.821160	0.000000	0.000000
copy.c:2028	0.000000	0.000000	0.000000	0.000000	-0.100000	0.000000	0.000000	-1.000000	17.009710	1.565085	0.000000	0.000000
copy.c:2029	0.000000	0.000000	0.000000	0.000000	-0.100000	0.000000	0.000000	-1.000000	17.009710	1.565085	0.000000	0.000000
copy.c:203	0.000000	0.000000	0.000000	0.000000	-0.983333	0.000000	0.000000	-1.000000	7.681146	2.771488	0.000000	0.000000
copy.c:2030	0.000000	0.000000	0.000000	0.000000	-0.100000	0.000000	0.000000	-1.000000	17.009710	1.565085	0.000000	0.000000
copy.c:2032	0.000000	0.000000	0.000000	0.000000	-0.150000	0.000000	0.000000	-1.000000	17.142136	1.732051	0.000000	0.000000
copy.c:2034	0.627660	0.166667	0.027778	1.000000	0.416667	0.016667	1.000000	24.000000	17.714039	2.217223	1.014085	3.162278
copy.c:2036	0.000000	0.000000	0.000000	0.000000	-0.200000	0.000000	0.000000	-1.000000	17.175411	1.861210	0.000000	0.000000
copy.c:2037	0.000000	0.000000	0.000000	0.000000	-0.200000	0.000000	0.000000	-1.000000	17.175411	1.861210	0.000000	0.000000
copy.c:2039	0.000000	0.000000	0.000000	0.000000	-0.066667	0.000000	0.000000	-1.000000	16.832397	1.414214	0.000000	0.000000
copy.c:204	0.000000	0.000000	0.000000	0.000000	-0.983333	0.000000	0.000000	-1.000000	7.681146	2.771488	0.000000	0.000000
copy.c:2045	0.500000	0.129099	0.016667	1.000000	0.016667	0.016667	1.000000	0.000000	9.681146	2.584791	1.008403	7.615773
copy.c:2050	0.000000	0.000000	0.000000	0.000000	-0.050000	0.000000	0.000000	-1.000000	16.698680	1.316074	0.000000	0.000000
copy.c:2054	0.000000	0.000000	0.000000	0.000000	-0.016667	0.000000	0.000000	-1.000000	16.231546	1.000000	0.000000	0.000000
copy.c:2056	0.000000	0.000000	0.000000	0.000000	-0.016667	0.000000	0.000000	-1.000000	16.231546	1.000000	0.000000	0.000000
copy.c:2059	0.000000	0.000000	0.000000	0.000000	-0.016667	0.000000	0.000000	-1.000000	16.231546	1.000000	0.000000	0.000000
copy.c:2060	0.000000	0.000000	0.000000	0.000000	-0.016667	0.000000	0.000000	-1.000000	16.231546	1.000000	0.000000	0.000000
copy.c:2080	0.000000	0.000000	0.000000	0.000000	-0.033333	0.000000	0.000000	-1.000000	16.513882	1.189207	0.000000	0.000000
copy.c:2083	0.000000	0.000000	0.000000	0.000000	-0.033333	0.000000	0.000000	-1.000000	16.513882	1.189207	0.000000	0.000000
copy.c:2087	0.500000	0.129099	0.016667	1.000000	0.016667	0.016667	1.000000	0.000000	9.681146	2.584791	1.008403	7.615773
copy.c:2089	0.000000	0.000000	0.000000	0.000000	-0.983333	0.000000	0.000000	-1.000000	7.681146	2.771488	0.000000	0.000000
copy.c:2091	0.000000	0.000000	0.000000	0.000000	-0.033333	0.000000	0.000000	-1.000000	16.513882	1.189207	0.000000	0.000000
copy.c:2095	0.000000	0.000000	0.000000	0.000000	-0.033333	0.000000	0.000000	-1.000000	16.513882	1.189207	0.000000	0.000000
copy.c:2096	0.000000	0.000000	0.000000	0.000000	-0.033333	0.000000	0.000000	-1.000000	16.513882	1.189207	0.000000	0.000000
copy.c:2098	0.000000	0.000000	0.000000	0.000000	-0.033333	0.000000	0.000000	-1.000000	16.513882	1.189207	0.000000	0.000000
copy.c:2107	0.000000	0.000000	0.000000	0.000000	-0.033333	0.000000	0.000000	-1.000000	16.513882	1.189207	0.000000	0.000000
copy.c:2110	0.000000	0.000000	0.000000	0.000000	-0.033333	0.000000	0.000000	-1.000000	16.513882	1.189207	0.000000	0.000000
copy.c:2118	0.000000	0.000000	0.000000	0.000000	-0.983333	0.000000	0.000000	-1.000000	7.681146	2.771488	0.000000	0.000000
copy.c:2153	0.000000	0.000000	0.000000	0.000000	-0.983333	0.000000	0.000000	-1.000000	7.681146	2.771488	0.000000	0.000000
copy.c:216	0.000000	0.000000	0.000000	0.000000	-0.983333	0.000000	0.000000	-1.000000	7.681146	2.771488	0.000000	0.000000
copy.c:2175	0.000000	0.000000	0.000000	0.000000	-0.983333	0.000000	0.000000	-1.000000	7.681146	2.771488	0.000000	0.000000
copy.c:2184	0.000000	0.000000	0.000000	0.000000	-0.983333	0.000000	0.000000	-1.000000	7.681146	2.771488	0.000000	0.000000
copy.c:219	0.500000	0.129099	0.016667	1.000000	0.016667	0.016667	1.000000	0.000000	9.681146	2.584791	1.008403	7.615773
copy.c:2191	0.500000	0.129099	0.016667	1.000000	0.016667	0.016667	1.000000	0.000000	9.681146	2.584791	1.008403	7.615773
copy.c:2192	0.500000	0.129099	0.016667	1.000000	0.016667	0.016667	1.000000	0.000000	9.681146	2.584791	1.008403	7.615773
copy.c:2194	0.500000	0.129099	0.016667	1.000000	0.016667	0.016667	1.000000	0.000000	9.681146	2.584791	1.008403	7.615773
copy.c:2195	0.662921	0.179605	0.032258	1.000000	0.500000	0.016667	1.000000	29.000000	18.247555	2.115946	1.016393	0.000000
copy.c:2198	0.500000	0.129099	0.016667	1.000000	0.016667	0.016667	1.000000	0.000000	9.681146	2.584791	1.008403	7.615773
copy.c:2200	0.500000	0.129099	0.016667	1.000000	0.016667	0.016667	1.000000	0.000000	9.681146	2.584791	1.008403	7.615773
copy.c:2235	0.500000	0.129099	0.016667	1.000000	0.016667	0.016667	1.000000	0.000000	9.681146	2.584791	1.008403	7.615773
copy.c:2244	0.000000	0.000000	0.000000	0.000000	-0.266667	0.000000	0.000000	-1.000000	17.114877	2.000000	0.000000	0.000000
copy.c:225	0.000000	0.000000	0.000000	0.000000	-0.033333	0.000000	0.000000	-1.000000	16.513882	1.189207	0.000000	0.000000
copy.c:2253	0.000000	0.000000	0.000000	0.000000	-0.266667	0.000000	0.000000	-1.000000	17.114877	2.000000	0.000000	0.000000
copy.c:2254	0.000000	0.000000	0.000000	0.000000	-0.266667	0.000000	0.000000	-1.000000	17.114877	2.000000	0.000000	0.000000
copy.c:2255	0.000000	0.000000	0.000000	0.000000	-0.266667	0.000000	0.000000	-1.000000	17.114877	2.000000	0.000000	0.000000
copy.c:2256	0.000000	0.000000	0.000000	0.000000	-0.266667	0.000000	0.000000	-1.000000	17.114877	2.000000	0.000000	0.000000
copy.c:2258	0.000000	0.000000	0.000000	0.000000	-0.266667	0.000000	0.000000	-1.000000	17.114877	2.000000	0.000000	0.000000
copy.c:2264	0.000000	0.000000	0.000000	0.000000	-0.200000	0.000000	0.000000	-1.000000	17.175411	1.861210	0.000000	0.000000
copy.c:2275	0.000000	0.000000	0.000000	0.000000	-0.200000	0.000000	0.000000	-1.000000	17.175411	1.861210	0.000000	0.000000
copy.c:2280	0.000000	0.000000	0.000000	0.000000	-0.200000	0.000000	0.000000	-1.000000	17.175411	1.861210	0.000000	0.000000
copy.c:2284	0.000000	0.000000	0.000000	0.000000	-0.016667	0.000000	0.000000	-1.000000	16.231546	1.000000	0.000000	0.000000
copy.c:2285	0.000000	0.000000	0.000000	0.000000	-0.016667	0.000000	0.000000	-1.000000	16.231546	1.000000	0.000000	0.000000
copy.c:2287	0.000000	0.000000	0.000000	0.000000	-0.016667	0.000000	0.000000	-1.000000	16.231546	1.000000	0.000000	0.000000
copy.c:2299	0.000000	0.000000	0.000000	0.000000	-0.200000	0.000000	0.000000	-1.000000	17.175411	1.861210	0.000000	0.000000
copy.c:2301	0.000000	0.000000	0.000000	0.000000	-0.200000	0.000000	0.000000	-1.000000	17.175411	1.861210	0.000000	0.000000
copy.c:2302	0.000000	0.000000	0.000000	0.000000	-0.200000	0.000000	0.000000	-1.000000	17.175411	1.861210	0.000000	0.000000
copy.c:2305	0.000000	0.000000	0.000000	0.000000	-0.200000	0.000000	0.000000	-1.000000	17.175411	1.861210	0.000000	0.000000
copy.c:2306	0.000000	0.000000	0.000000	0.000000	-0.016667	0.000000	0.000000	-1.000000	16.231546	1.000000	0.000000	0.000000
copy.c:2310	0.000000	0.000000	0.000000	0.000000	-0.116667	0.000000	0.000000	-1.000000	17.067956	1.626577	0.000000	0.000000
copy.c:2314	0.000000	0.000000	0.000000	0.000000	-0.266667	0.000000	0.000000	-1.000000	17.114877	2.000000	0.000000	0.000000
copy.c:232	0.000000	0.000000	0.000000	0.000000	-0.033333	0.000000	0.000000	-1.000000	16.513882	1.189207	0.000000	0.000000
copy.c:2325	0.000000	0.000000	0.000000	0.000000	-0.266667	0.000000	0.000000	-1.000000	17.114877	2.000000	0.000000	0.000000
copy.c:2330	0.500000	0.129099	0.016667	1.000000	0.016667	0.016667	1.000000	0.000000	9.681146	2.584791	1.008403	7.615773
copy.c:2332	0.000000	0.000000	0.000000	0.000000	-0.016667	0.000000	0.000000	-1.000000	16.231546	1.000000	0.000000	0.000000
copy.c:2333	0.000000	0.000000	0.000000	0.000000	-0.016667	0.000000	0.000000	-1.000000	16.231546	1.000000	0.000000	0.000000
copy.c:2341	0.000000	0.000000	0.000000	0.000000	-0.016667	0.000000	0.000000	-1.000000	16.231546	1.000000	0.000000	0.000000
copy.c:2343	0.000000	0.000000	0.000000	0.000000	-0.016667	0.000000	0.000000	-1.000000	16.231546	1.000000	0.000000	0.000000
copy.c:2349	0.000000	0.000000	0.000000	0.000000	-0.016667	0.000000	0.000000	-1.000000	16.231546	1.000000	0.000000	0.000000
copy.c:2350	0.000000	0.000000	0.000000	0.000000	-0.016667	0.000000	0.000000	-1.000000	16.231546	1.000000	0.000000	0.000000
copy.c:2352	0.000000	0.000000	0.000000	0.000000	-0.016667	0.000000	0.000000	-1.000000	16.231546	1.000000	0.000000	0.000000
copy.c:2360	0.000000	0.000000	0.000000	0.000000	-0.016667	0.000000	0.000000	-1.000000	16.231546	1.000000	0.000000	0.000000
copy.c:2383	0.500000	0.129099	0.016667	1.000000	0.016667	0.016667	1.000000	0.000000	9.681146	2.584791	1.008403	7.615773
copy.c:2387	0.000000	0.000000	0.000000	0.000000	-0.066667	0.000000	0.000000	-1.000000	16.832397	1.414214	0.000000	0.000000
copy.c:2388	0.000000	0.000000	0.000000	0.000000	-0.016667	0.000000	0.000000	-1.000000	16.231546	1.000000	0.000000	0.000000
copy.c:2390	0.500000	0.129099	0.016667	1.000000	0.016667	0.016667	1.000000	0.000000	9.681146	2.584791	1.008403	7.615773
copy.c:2391	0.000000	0.000000	0.000000	0.000000	-0.150000	0.000000	0.000000	-1.000000	17.142136	1.732051	0.000000	0.000000
copy.c:2393	0.500000	0.129099	0.016667	1.000000	0.016667	0.016667	1.000000	0.000000	9.681146	2.584791	1.008403	7.615773
copy.c:2403	0.500000	0.129099	0.016667	1.000000	0.016667	0.016667	1.000000	0.000000	9.681146	2.584791	1.008403	7.615773
copy.c:2405	0.921875	0.408248	0.166667	1.000000	0.916667	0.016667	1.000000	54.000000	18.933006	1.111786	1.090909	7.071068
copy.c:2407	0.000000	0.000000	0.000000	0.000000	-0.100000	0.000000	0.000000	-1.000000	17.009710	1.565085	0.000000	0.000000
copy.c:2413	0.000000	0.000000	0.000000	0.000000	-0.016667	0.000000	0.000000	-1.000000	16.231546	1.000000	0.000000	0.000000
copy.c:2420	0.000000	0.000000	0.000000	0.000000	-0.083333	0.000000	0.000000	-1.000000	16.933006	1.495349	0.000000	0.000000
copy.c:2430	0.000000	0.000000	0.000000	0.000000	-0.083333	0.000000	0.000000	-1.000000	16.933006	1.495349	0.000000	0.000000
copy.c:2432	0.000000	0.000000	0.000000	0.000000	-0.083333	0.000000	0.000000	-1.000000	16.933006	1.495349	0.000000	0.000000
copy.c:2433	0.000000	0.000000	0.000000	0.000000	-0.083333	0.000000	0.000000	-1.000000	16.933006	1.495349	0.000000	0.000000
copy.c:2434	0.000000	0.000000	0.000000	0.000000	-0.083333	0.000000	0.000000	-1.000000	16.933006	1.495349	0.000000	0.000000
copy.c:2440	0.000000	0.000000	0.000000	0.000000	-0.083333	0.000000	0.000000	-1.000000	16.933006	1.495349	0.000000	0.000000
copy.c:2441	0.000000	0.000000	0.000000	0.000000	-0.083333	0.000000	0.000000	-1.000000	16.933006	1.495349	0.000000	0.000000
copy.c:2469	0.000000	0.000000	0.000000	0.000000	-0.083333	0.000000	0.000000	-1.000000	16.933006	1.495349	0.000000	0.000000
copy.c:2472	0.000000	0.000000	0.000000	0.000000	-0.083333	0.000000	0.000000	-1.000000	16.933006	1.495349	0.000000	0.000000
copy.c:2476	0.000000	0.000000	0.000000	0.000000	-0.016667	0.000000	0.000000	-1.000000	16.231546	1.000000	0.000000	0.000000
copy.c:2477	0.000000	0.000000	0.000000	0.000000	-0.016667	0.000000	0.000000	-1.000000	16.231546	1.000000	0.000000	0.000000
copy.c:2499	0.000000	0.000000	0.000000	0.000000	-0.983333	0.000000	0.000000	-1.000000	7.681146	2.771488	0.000000	0.000000
copy.c:2504	0.000000	0.000000	0.000000	0.000000	-0.083333	0.000000	0.000000	-1.000000	16.933006	1.495349	0.000000	0.000000
copy.c:2505	0.000000	0.000000	0.000000	0.000000	-0.083333	0.000000	0.000000	-1.000000	16.933006	1.495349	0.000000	0.000000
copy.c:2510	0.000000	0.000000	0.000000	0.000000	-0.983333	0.000000	0.000000	-1.000000	7.681146	2.771488	0.000000	0.000000
copy.c:2511	0.000000	0.000000	0.000000	0.000000	-0.083333	0.000000	0.000000	-1.000000	16.933006	1.495349	0.000000	0.000000
copy.c:2513	0.000000	0.000000	0.000000	0.000000	-0.066667	0.000000	0.000000	-1.000000	16.832397	1.414214	0.000000	0.000000
copy.c:2515	0.000000	0.000000	0.000000	0.000000	-0.983333	0.000000	0.000000	-1.000000	7.681146	2.771488	0.000000	0.000000
copy.c:2516	0.000000	0.000000	0.000000	0.000000	-0.983333	0.000000	0.000000	-1.000000	7.681146	2.771488	0.000000	0.000000
copy.c:2530	0.000000	0.000000	0.000000	0.000000	-0.366667	0.000000	0.000000	-1.000000	16.855941	2.165737	0.000000	0.000000
copy.c:2533	0.000000	0.000000	0.000000	0.000000	-0.100000	0.000000	0.000000	-1.000000	17.009710	1.565085	0.000000	0.000000
copy.c:2534	0.000000	0.000000	0.000000	0.000000	-0.100000	0.000000	0.000000	-1.000000	17.009710	1.565085	0.000000	0.000000
copy.c:2536	0.000000	0.000000	0.000000	0.000000	-0.100000	0.000000	0.000000	-1.000000	17.009710	1.565085	0.000000	0.000000
copy.c:2537	0.000000	0.000000	0.000000	0.000000	-0.016667	0.000000	0.000000	-1.000000	16.231546	1.000000	0.000000	0.000000
copy.c:2538	0.000000	0.000000	0.000000	0.000000	-0.083333	0.000000	0.000000	-1.000000	16.933006	1.495349	0.000000	0.000000
copy.c:2539	0.000000	0.000000	0.000000	0.000000	-0.100000	0.000000	0.000000	-1.000000	17.009710	1.565085	0.000000	0.000000
copy.c:2548	0.000000	0.000000	0.000000	0.000000	-0.366667	0.000000	0.000000	-1.000000	16.855941	2.165737	0.000000	0.000000
copy.c:2549	0.000000	0.000000	0.000000	0.000000	-0.100000	0.000000	0.000000	-1.000000	17.009710	1.565085	0.000000	0.000000
copy.c:2552	0.000000	0.000000	0.000000	0.000000	-0.283333	0.000000	0.000000	-1.000000	17.084587	2.030543	0.000000	0.000000
copy.c:2553	0.000000	0.000000	0.000000	0.000000	-0.100000	0.000000	0.000000	-1.000000	17.009710	1.565085	0.000000	0.000000
copy.c:2555	0.000000	0.000000	0.000000	0.000000	-0.066667	0.000000	0.000000	-1.000000	16.832397	1.414214	0.000000	0.000000
copy.c:2566	0.000000	0.000000	0.000000	0.000000	-0.283333	0.000000	0.000000	-1.000000	17.084587	2.030543	0.000000	0.000000
copy.c:2568	0.000000	0.000000	0.000000	0.000000	-0.283333	0.000000	0.000000	-1.000000	17.084587	2.030543	0.000000	0.000000
copy.c:2572	0.000000	0.000000	0.000000	0.000000	-0.283333	0.000000	0.000000	-1.000000	17.084587	2.030543	0.000000	0.000000
copy.c:2574	0.000000	0.000000	0.000000	0.000000	-0.100000	0.000000	0.000000	-1.000000	17.009710	1.565085	0.000000	0.000000
copy.c:2578	0.000000	0.000000	0.000000	0.000000	-0.216667	0.000000	0.000000	-1.000000	17.170211	1.898829	0.000000	0.000000
copy.c:2583	0.000000	0.000000	0.000000	0.000000	-0.216667	0.000000	0.000000	-1.000000	17.170211	1.898829	0.000000	0.000000
copy.c:2585	0.000000	0.000000	0.000000	0.000000	-0.016667	0.000000	0.000000	-1.000000	16.231546	1.000000	0.000000	0.000000
copy.c:2590	0.000000	0.000000	0.000000	0.000000	-0.200000	0.000000	0.000000	-1.000000	17.175411	1.861210	0.000000	0.000000
copy.c:2592	0.000000	0.000000	0.000000	0.000000	-0.133333	0.000000	0.000000	-1.000000	17.111284	1.681793	0.000000	0.000000
copy.c:2594	0.000000	0.000000	0.000000	0.000000	-0.133333	0.000000	0.000000	-1.000000	17.111284	1.681793	0.000000	0.000000
copy.c:2602	0.000000	0.000000	0.000000	0.000000	-0.133333	0.000000	0.000000	-1.000000	17.111284	1.681793	0.000000	0.000000
copy.c:2607	0.000000	0.000000	0.000000	0.000000	-0.133333	0.000000	0.000000	-1.000000	17.111284	1.681793	0.000000	0.000000
copy.c:2608	0.000000	0.000000	0.000000	0.000000	-0.133333	0.000000	0.000000	-1.000000	17.111284	1.681793	0.000000	0.000000
copy.c:2609	0.000000	0.000000	0.000000	0.000000	-0.133333	0.000000	0.000000	-1.000000	17.111284	1.681793	0.000000	0.000000
copy.c:2613	0.000000	0.000000	0.000000	0.000000	-0.200000	0.000000	0.000000	-1.000000	17.175411	1.861210	0.000000	0.000000
copy.c:2615	0.000000	0.000000	0.000000	0.000000	-0.133333	0.000000	0.000000	-1.000000	17.111284	1.681793	0.000000	0.000000
copy.c:2625	0.000000	0.000000	0.000000	0.000000	-0.283333	0.000000	0.000000	-1.000000	17.084587	2.030543	0.000000	0.000000
copy.c:2629	0.893939	0.353553	0.125000	1.000000	0.883333	0.016667	1.000000	52.000000	19.067956	1.282868	1.066667	6.782330
copy.c:2638	0.893939	0.353553	0.125000	1.000000	0.883333	0.016667	1.000000	52.000000	19.067956	1.282868	1.066667	6.782330
copy.c:2639	0.907692	0.377964	0.142857	1.000000	0.900000	0.016667	1.000000	53.000000	19.009710	1.203948	1.076923	6.928203
copy.c:2641	0.893939	0.353553	0.125000	1.000000	0.883333	0.016667	1.000000	52.000000	19.067956	1.282868	1.066667	6.782330
copy.c:2652	0.893939	0.353553	0.125000	1.000000	0.883333	0.016667	1.000000	52.000000	19.067956	1.282868	1.066667	6.782330
copy.c:2656	0.500000	0.129099	0.016667	1.000000	0.016667	0.016667	1.000000	0.000000	9.681146	2.584791	1.008403	7.615773
copy.c:2658	0.500000	0.129099	0.016667	1.000000	0.016667	0.016667	1.000000	0.000000	9.681146	2.584791	1.008403	7.615773
copy.c:2659	0.500000	0.129099	0.016667	1.000000	0.016667	0.016667	1.000000	0.000000	9.681146	2.584791	1.008403	7.615773
copy.c:2660	0.500000	0.129099	0.016667	1.000000	0.016667	0.016667	1.000000	0.000000	9.681146	2.584791	1.008403	7.615773
copy.c:2661	0.500000	0.129099	0.016667	1.000000	0.016667	0.016667	1.000000	0.000000	9.681146	2.584791	1.008403	7.615773
copy.c:2662	0.500000	0.129099	0.016667	1.000000	0.016667	0.016667	1.000000	0.000000	9.681146	2.584791	1.008403	7.615773
copy.c:2663	0.500000	0.129099	0.016667	1.000000	0.016667	0.016667	1.000000	0.000000	9.681146	2.584791	1.008403	7.615773
copy.c:2666	0.500000	0.129099	0.016667	1.000000	0.016667	0.016667	1.000000	0.000000	9.681146	2.584791	1.008403	7.615773
copy.c:2679	0.500000	0.129099	0.016667	1.000000	0.016667	0.016667	1.000000	0.000000	9.681146	2.584791	1.008403	7.615773
copy.c:2683	0.500000	0.129099	0.016667	1.000000	0.016667	0.016667	1.000000	0.000000	9.681146	2.584791	1.008403	7.615773
copy.c:2692	0.500000	0.129099	0.016667	1.000000	0.016667	0.016667	1.000000	0.000000	9.681146	2.584791	1.008403	7.615773
copy.c:2693	0.500000	0.129099	0.016667	1.000000	0.016667	0.016667	1.000000	0.000000	9.681146	2.584791	1.008403	7.615773
copy.c:2695	0.500000	0.129099	0.016667	1.000000	0.016667	0.016667	1.000000	0.000000	9.681146	2.584791	1.008403	7.615773
copy.c:2696	0.500000	0.129099	0.016667	1.000000	0.016667	0.016667	1.000000	0.000000	9.681146	2.584791	1.008403	7.615773
copy.c:2705	0.500000	0.129099	0.016667	1.000000	0.016667	0.016667	1.000000	0.000000	9.681146	2.584791	1.008403	7.615773
copy.c:2707	0.500000	0.129099	0.016667	1.000000	0.016667	0.016667	1.000000	0.000000	9.681146	2.584791	1.008403	7.615773
copy.c:2721	0.500000	0.129099	0.016667	1.000000	0.016667	0.016667	1.000000	0.000000	9.681146	2.584791	1.008403	7.615773
copy.c:2723	0.500000	0.129099	0.016667	1.000000	0.016667	0.016667	1.000000	0.000000	9.681146	2.584791	1.008403	7.615773
copy.c:2752	0.867647	0.316228	0.100000	1.000000	0.850000	0.016667	1.000000	50.000000	19.142136	1.414214	1.052632	6.480741
copy.c:2755	0.867647	0.316228	0.100000	1.000000	0.850000	0.016667	1.000000	50.000000	19.142136	1.414214	1.052632	6.480741
copy.c:2757	0.867647	0.316228	0.100000	1.000000	0.850000	0.016667	1.000000	50.000000	19.142136	1.414214	1.052632	6.480741
copy.c:2758	0.867647	0.316228	0.100000	1.000000	0.850000	0.016667	1.000000	50.000000	19.142136	1.414214	1.052632	6.480741
copy.c:2760	0.867647	0.316228	0.100000	1.000000	0.850000	0.016667	1.000000	50.000000	19.142136	1.414214	1.052632	6.480741
copy.c:282	0.000000	0.000000	0.000000	0.000000	-0.016667	0.000000	0.000000	-1.000000	16.231546	1.000000	0.000000	0.000000
copy.c:288	0.000000	0.000000	0.000000	0.000000	-0.016667	0.000000	0.000000	-1.000000	16.231546	1.000000	0.000000	0.000000
copy.c:289	0.000000	0.000000	0.000000	0.000000	-0.016667	0.000000	0.000000	-1.000000	16.231546	1.000000	0.000000	0.000000
copy.c:293	0.000000	0.000000	0.000000	0.000000	-0.016667	0.000000	0.000000	-1.000000	16.231546	1.000000	0.000000	0.000000
copy.c:295	0.000000	0.000000	0.000000	0.000000	-0.016667	0.000000	0.000000	-1.000000	16.231546	1.000000	0.000000	0.000000
copy.c:297	0.000000	0.000000	0.000000	0.000000	-0.016667	0.000000	0.000000	-1.000000	16.231546	1.000000	0.000000	0.000000
copy.c:298	0.000000	0.000000	0.000000	0.000000	-0.016667	0.000000	0.000000	-1.000000	16.231546	1.000000	0.000000	0.000000
copy.c:301	0.000000	0.000000	0.000000	0.000000	-0.016667	0.000000	0.000000	-1.000000	16.231546	1.000000	0.000000	0.000000
copy.c:302	0.000000	0.000000	0.000000	0.000000	-0.016667	0.000000	0.000000	-1.000000	16.231546	1.000000	0.000000	0.000000
copy.c:304	0.000000	0.000000	0.000000	0.000000	-0.016667	0.000000	0.000000	-1.000000	16.231546	1.000000	0.000000	0.000000
copy.c:307	0.000000	0.000000	0.000000	0.000000	-0.016667	0.000000	0.000000	-1.000000	16.231546	1.000000	0.000000	0.000000
copy.c:309	0.000000	0.000000	0.000000	0.000000	-0.016667	0.000000	0.000000	-1.000000	16.231546	1.000000	0.000000	0.000000
copy.c:310	0.000000	0.000000	0.000000	0.000000	-0.016667	0.000000	0.000000	-1.000000	16.231546	1.000000	0.000000	0.000000
copy.c:455	0.000000	0.000000	0.000000	0.000000	-0.266667	0.000000	0.000000	-1.000000	17.114877	2.000000	0.000000	0.000000
copy.c:457	0.000000	0.000000	0.000000	0.000000	-0.266667	0.000000	0.000000	-1.000000	17.114877	2.000000	0.000000	0.000000
copy.c:459	0.000000	0.000000	0.000000	0.000000	-0.066667	0.000000	0.000000	-1.000000	16.832397	1.414214	0.000000	0.000000
copy.c:461	0.000000	0.000000	0.000000	0.000000	-0.066667	0.000000	0.000000	-1.000000	16.832397	1.414214	0.000000	0.000000
copy.c:463	0.000000	0.000000	0.000000	0.000000	-0.266667	0.000000	0.000000	-1.000000	17.114877	2.000000	0.000000	0.000000
copy.c:542	0.000000	0.000000	0.000000	0.000000	-0.983333	0.000000	0.000000	-1.000000	7.681146	2.771488	0.000000	0.000000
copy.c:548	0.000000	0.000000	0.000000	0.000000	-0.983333	0.000000	0.000000	-1.000000	7.681146	2.771488	0.000000	0.000000
copy.c:565	0.000000	0.000000	0.000000	0.000000	-0.266667	0.000000	0.000000	-1.000000	17.114877	2.000000	0.000000	0.000000
copy.c:573	0.000000	0.000000	0.000000	0.000000	-0.266667	0.000000	0.000000	-1.000000	17.114877	2.000000	0.000000	0.000000
copy.c:574	0.000000	0.000000	0.000000	0.000000	-0.266667	0.000000	0.000000	-1.000000	17.114877	2.000000	0.000000	0.000000
copy.c:576	0.000000	0.000000	0.000000	0.000000	-0.266667	0.000000	0.000000	-1.000000	17.114877	2.000000	0.000000	0.000000
copy.c:577	0.000000	0.000000	0.000000	0.000000	-0.266667	0.000000	0.000000	-1.000000	17.114877	2.000000	0.000000	0.000000
copy.c:587	0.000000	0.000000	0.000000	0.000000	-0.266667	0.000000	0.000000	-1.000000	17.114877	2.000000	0.000000	0.000000
copy.c:588	0.000000	0.000000	0.000000	0.000000	-0.016667	0.000000	0.000000	-1.000000	16.231546	1.000000	0.000000	0.000000
copy.c:590	0.000000	0.000000	0.000000	0.000000	-0.266667	0.000000	0.000000	-1.000000	17.114877	2.000000	0.000000	0.000000
copy.c:591	0.000000	0.000000	0.000000	0.000000	-0.266667	0.000000	0.000000	-1.000000	17.114877	2.000000	0.000000	0.000000
copy.c:592	0.000000	0.000000	0.000000	0.000000	-0.266667	0.000000	0.000000	-1.000000	17.114877	2.000000	0.000000	0.000000
copy.c:595	0.000000	0.000000	0.000000	0.000000	-0.166667	0.000000	0.000000	-1.000000	17.162278	1.778279	0.000000	0.000000
copy.c:596	0.000000	0.000000	0.000000	0.000000	-0.166667	0.000000	0.000000	-1.000000	17.162278	1.778279	0.000000	0.000000
copy.c:597	0.000000	0.000000	0.000000	0.000000	-0.166667	0.000000	0.000000	-1.000000	17.162278	1.778279	0.000000	0.000000
copy.c:599	0.000000	0.000000	0.000000	0.000000	-0.166667	0.000000	0.000000	-1.000000	17.162278	1.778279	0.000000	0.000000
copy.c:603	0.000000	0.000000	0.000000	0.000000	-0.166667	0.000000	0.000000	-1.000000	17.162278	1.778279	0.000000	0.000000
copy.c:605	0.000000	0.000000	0.000000	0.000000	-0.166667	0.000000	0.000000	-1.000000	17.162278	1.778279	0.000000	0.000000
copy.c:606	0.000000	0.000000	0.000000	0.000000	-0.166667	0.000000	0.000000	-1.000000	17.162278	1.778279	0.000000	0.000000
copy.c:611	0.000000	0.000000	0.000000	0.000000	-0.166667	0.000000	0.000000	-1.000000	17.162278	1.778279	0.000000	0.000000
copy.c:612	0.000000	0.000000	0.000000	0.000000	-0.016667	0.000000	0.000000	-1.000000	16.231546	1.000000	0.000000	0.000000
copy.c:614	0.000000	0.000000	0.000000	0.000000	-0.166667	0.000000	0.000000	-1.000000	17.162278	1.778279	0.000000	0.000000
copy.c:615	0.000000	0.000000	0.000000	0.000000	-0.166667	0.000000	0.000000	-1.000000	17.162278	1.778279	0.000000	0.000000
copy.c:617	0.000000	0.000000	0.000000	0.000000	-0.266667	0.000000	0.000000	-1.000000	17.114877	2.000000	0.000000	0.000000
copy.c:618	0.000000	0.000000	0.000000	0.000000	-0.266667	0.000000	0.000000	-1.000000	17.114877	2.000000	0.000000	0.000000
copy.c:620	0.000000	0.000000	0.000000	0.000000	-0.266667	0.000000	0.000000	-1.000000	17.114877	2.000000	0.000000	0.000000
copy.c:636	0.000000	0.000000	0.000000	0.000000	-0.983333	0.000000	0.000000	-1.000000	7.681146	2.771488	0.000000	0.000000
copy.c:640	0.000000	0.000000	0.000000	0.000000	-0.983333	0.000000	0.000000	-1.000000	7.681146	2.771488	0.000000	0.000000
copy.c:641	0.000000	0.000000	0.000000	0.000000	-0.983333	0.000000	0.000000	-1.000000	7.681146	2.771488	0.000000	0.000000
copy.c:649	0.000000	0.000000	0.000000	0.000000	-0.983333	0.000000	0.000000	-1.000000	7.681146	2.771488	0.000000	0.000000
copy.c:651	0.000000	0.000000	0.000000	0.000000	-0.016667	0.000000	0.000000	-1.000000	16.231546	1.000000	0.000000	0.000000
copy.c:652	0.000000	0.000000	0.000000	0.000000	-0.016667	0.000000	0.000000	-1.000000	16.231546	1.000000	0.000000	0.000000
copy.c:653	0.000000	0.000000	0.000000	0.000000	-0.016667	0.000000	0.000000	-1.000000	16.231546	1.000000	0.000000	0.000000
copy.c:654	0.000000	0.000000	0.000000	0.000000	-0.016667	0.000000	0.000000	-1.000000	16.231546	1.000000	0.000000	0.000000
copy.c:656	0.000000	0.000000	0.000000	0.000000	-0.016667	0.000000	0.000000	-1.000000	16.231546	1.000000	0.000000	0.000000
copy.c:658	0.000000	0.000000	0.000000	0.000000	-0.016667	0.000000	0.000000	-1.000000	16.231546	1.000000	0.000000	0.000000
copy.c:659	0.000000	0.000000	0.000000	0.000000	-0.016667	0.000000	0.000000	-1.000000	16.231546	1.000000	0.000000	0.000000
copy.c:668	0.000000	0.000000	0.000000	0.000000	-0.983333	0.000000	0.000000	-1.000000	7.681146	2.771488	0.000000	0.000000
copy.c:670	0.000000	0.000000	0.000000	0.000000	-0.983333	0.000000	0.000000	-1.000000	7.681146	2.771488	0.000000	0.000000
copy.c:671	0.000000	0.000000	0.000000	0.000000	-0.983333	0.000000	0.000000	-1.000000	7.681146	2.771488	0.000000	0.000000
copy.c:683	0.000000	0.000000	0.000000	0.000000	-0.066667	0.000000	0.000000	-1.000000	16.832397	1.414214	0.000000	0.000000
copy.c:684	0.000000	0.000000	0.000000	0.000000	-0.066667	0.000000	0.000000	-1.000000	16.832397	1.414214	0.000000	0.000000
copy.c:712	0.500000	0.129099	0.016667	1.000000	0.016667	0.016667	1.000000	0.000000	9.681146	2.584791	1.008403	7.615773
copy.c:737	0.500000	0.129099	0.016667	1.000000	0.016667	0.016667	1.000000	0.000000	9.681146	2.584791	1.008403	7.615773
copy.c:743	0.000000	0.000000	0.000000	0.000000	-0.016667	0.000000	0.000000	-1.000000	16.231546	1.000000	0.000000	0.000000
copy.c:746	0.000000	0.000000	0.000000	0.000000	-0.016667	0.000000	0.000000	-1.000000	16.231546	1.000000	0.000000	0.000000
copy.c:747	0.000000	0.000000	0.000000	0.000000	-0.016667	0.000000	0.000000	-1.000000	16.231546	1.000000	0.000000	0.000000
copy.c:761	0.500000	0.129099	0.016667	1.000000	0.016667	0.016667	1.000000	0.000000	9.681146	2.584791	1.008403	7.615773
copy.c:763	0.500000	0.129099	0.016667	1.000000	0.016667	0.016667	1.000000	0.000000	9.681146	2.584791	1.008403	7.615773
copy.c:764	0.500000	0.129099	0.016667	1.000000	0.016667	0.016667	1.000000	0.000000	9.681146	2.584791	1.008403	7.615773
copy.c:765	0.500000	0.129099	0.016667	1.000000	0.016667	0.016667	1.000000	0.000000	9.681146	2.584791	1.008403	7.615773
copy.c:782	0.500000	0.129099	0.016667	1.000000	0.016667	0.016667	1.000000	0.000000	9.681146	2.584791	1.008403	7.615773
copy.c:788	0.500000	0.129099	0.016667	1.000000	0.016667	0.016667	1.000000	0.000000	9.681146	2.584791	1.008403	7.615773
copy.c:789	0.500000	0.129099	0.016667	1.000000	0.016667	0.016667	1.000000	0.000000	9.681146	2.584791	1.008403	7.615773
copy.c:793	0.500000	0.129099	0.016667	1.000000	0.016667	0.016667	1.000000	0.000000	9.681146	2.584791	1.008403	7.615773
copy.c:796	0.500000	0.129099	0.016667	1.000000	0.016667	0.016667	1.000000	0.000000	9.681146	2.584791	1.008403	7.615773
copy.c:797	0.500000	0.129099	0.016667	1.000000	0.016667	0.016667	1.000000	0.000000	9.681146	2.584791	1.008403	7.615773
copy.c:799	0.500000	0.129099	0.016667	1.000000	0.016667	0.016667	1.000000	0.000000	9.681146	2.584791	1.008403	7.615773
copy.c:801	0.500000	0.129099	0.016667	1.000000	0.016667	0.016667	1.000000	0.000000	9.681146	2.584791	1.008403	7.615773
copy.c:802	0.500000	0.129099	0.016667	1.000000	0.016667	0.016667	1.000000	0.000000	9.681146	2.584791	1.008403	7.615773
copy.c:804	0.000000	0.000000	0.000000	0.000000	-0.016667	0.000000	0.000000	-1.000000	16.231546	1.000000	0.000000	0.000000
copy.c:805	0.000000	0.000000	0.000000	0.000000	-0.016667	0.000000	0.000000	-1.000000	16.231546	1.000000	0.000000	0.000000
copy.c:808	0.500000	0.129099	0.016667	1.000000	0.016667	0.016667	1.000000	0.000000	9.681146	2.584791	1.008403	7.615773
copy.c:817	0.500000	0.129099	0.016667	1.000000	0.016667	0.016667	1.000000	0.000000	9.681146	2.584791	1.008403	7.615773
copy.c:828	0.500000	0.129099	0.016667	1.000000	0.016667	0.016667	1.000000	0.000000	9.681146	2.584791	1.008403	7.615773
copy.c:830	0.000000	0.000000	0.000000	0.000000	-0.166667	0.000000	0.000000	-1.000000	17.162278	1.778279	0.000000	0.000000
copy.c:831	0.000000	0.000000	0.000000	0.000000	-0.166667	0.000000	0.000000	-1.000000	17.162278	1.778279	0.000000	0.000000
copy.c:832	0.000000	0.000000	0.000000	0.000000	-0.166667	0.000000	0.000000	-1.000000	17.162278	1.778279	0.000000	0.000000
copy.c:833	0.000000	0.000000	0.000000	0.000000	-0.166667	0.000000	0.000000	-1.000000	17.162278	1.778279	0.000000	0.000000
copy.c:840	0.000000	0.000000	0.000000	0.000000	-0.166667	0.000000	0.000000	-1.000000	17.162278	1.778279	0.000000	0.000000
copy.c:877	0.000000	0.000000	0.000000	0.000000	-0.166667	0.000000	0.000000	-1.000000	17.162278	1.778279	0.000000	0.000000
copy.c:893	0.500000	0.129099	0.016667	1.000000	0.016667	0.016667	1.000000	0.000000	9.681146	2.584791	1.008403	7.615773
copy.c:897	0.500000	0.129099	0.016667	1.000000	0.016667	0.016667	1.000000	0.000000	9.681146	2.584791	1.008403	7.615773
copy.c:898	0.500000	0.129099	0.016667	1.000000	0.016667	0.016667	1.000000	0.000000	9.681146	2.584791	1.008403	7.615773
copy.c:899	0.500000	0.129099	0.016667	1.000000	0.016667	0.016667	1.000000	0.000000	9.681146	2.584791	1.008403	7.615773
copy.c:900	0.500000	0.129099	0.016667	1.000000	0.016667	0.016667	1.000000	0.000000	9.681146	2.584791	1.008403	7.615773
copy.c:912	0.500000	0.129099	0.016667	1.000000	0.016667	0.016667	1.000000	0.000000	9.681146	2.584791	1.008403	7.615773
copy.c:915	0.000000	0.000000	0.000000	0.000000	-0.016667	0.000000	0.000000	-1.000000	16.231546	1.000000	0.000000	0.000000
copy.c:916	0.000000	0.000000	0.000000	0.000000	-0.016667	0.000000	0.000000	-1.000000	16.231546	1.000000	0.000000	0.000000
copy.c:918	0.000000	0.000000	0.000000	0.000000	-0.016667	0.000000	0.000000	-1.000000	16.231546	1.000000	0.000000	0.000000
copy.c:920	0.000000	0.000000	0.000000	0.000000	-0.016667	0.000000	0.000000	-1.000000	16.231546	1.000000	0.000000	0.000000
copy.c:921	0.000000	0.000000	0.000000	0.000000	-0.016667	0.000000	0.000000	-1.000000	16.231546	1.000000	0.000000	0.000000
copy.c:922	0.000000	0.000000	0.000000	0.000000	-0.016667	0.000000	0.000000	-1.000000	16.231546	1.000000	0.000000	0.000000
copy.c:926	0.000000	0.000000	0.000000	0.000000	-0.016667	0.000000	0.000000	-1.000000	16.231546	1.000000	0.000000	0.000000
copy.c:928	0.000000	0.000000	0.000000	0.000000	-0.016667	0.000000	0.000000	-1.000000	16.231546	1.000000	0.000000	0.000000
copy.c:929	0.000000	0.000000	0.000000	0.000000	-0.016667	0.000000	0.000000	-1.000000	16.231546	1.000000	0.000000	0.000000
copy.c:936	0.500000	0.129099	0.016667	1.000000	0.016667	0.016667	1.000000	0.000000	9.681146	2.584791	1.008403	7.615773
copy.c:942	0.000000	0.000000	0.000000	0.000000	-0.166667	0.000000	0.000000	-1.000000	17.162278	1.778279	0.000000	0.000000
copy.c:945	0.500000	0.129099	0.016667	1.000000	0.016667	0.016667	1.000000	0.000000	9.681146	2.584791	1.008403	7.615773
copy.c:957	0.000000	0.000000	0.000000	0.000000	-0.016667	0.000000	0.000000	-1.000000	16.231546	1.000000	0.000000	0.000000
copy.c:959	0.000000	0.000000	0.000000	0.000000	-0.016667	0.000000	0.000000	-1.000000	16.231546	1.000000	0.000000	0.000000
copy.c:960	0.000000	0.000000	0.000000	0.000000	-0.016667	0.000000	0.000000	-1.000000	16.231546	1.000000	0.000000	0.000000
copy.c:970	0.500000	0.129099	0.016667	1.000000	0.016667	0.016667	1.000000	0.000000	9.681146	2.584791	1.008403	7.615773
copy.c:978	0.500000	0.129099	0.016667	1.000000	0.016667	0.016667	1.000000	0.000000	9.681146	2.584791	1.008403	7.615773
copy.c:980	0.000000	0.000000	0.000000	0.000000	-0.033333	0.000000	0.000000	-1.000000	16.513882	1.189207	0.000000	0.000000
copy.c:981	0.000000	0.000000	0.000000	0.000000	-0.033333	0.000000	0.000000	-1.000000	16.513882	1.189207	0.000000	0.000000
copy.c:983	0.000000	0.000000	0.000000	0.000000	-0.016667	0.000000	0.000000	-1.000000	16.231546	1.000000	0.000000	0.000000
copy.c:985	0.000000	0.000000	0.000000	0.000000	-0.016667	0.000000	0.000000	-1.000000	16.231546	1.000000	0.000000	0.000000
copy.c:987	0.000000	0.000000	0.000000	0.000000	-0.016667	0.000000	0.000000	-1.000000	16.231546	1.000000	0.000000	0.000000
copy.c:988	0.000000	0.000000	0.000000	0.000000	-0.016667	0.000000	0.000000	-1.000000	16.231546	1.000000	0.000000	0.000000
copy.c:994	0.500000	0.129099	0.016667	1.000000	0.016667	0.016667	1.000000	0.000000	9.681146	2.584791	1.008403	7.615773
copy.c:999	0.500000	0.129099	0.016667	1.000000	0.016667	0.016667	1.000000	0.000000	9.681146	2.584791	1.008403	7.615773
