50	0.504720	0.050347	0.002535	4.000000	3.019315	0.002488	1.000000	30.000000	58.628120	4.865559	4.001269	156.971335
51	0.504720	0.050347	0.002535	4.000000	3.019315	0.002488	1.000000	30.000000	58.628120	4.865559	4.001269	156.971335
52	0.504720	0.050347	0.002535	4.000000	3.019315	0.002488	1.000000	30.000000	58.628120	4.865559	4.001269	156.971335
53	0.504720	0.050347	0.002535	4.000000	3.019315	0.002488	1.000000	30.000000	58.628120	4.865559	4.001269	156.971335
54	0.504720	0.050347	0.002535	4.000000	3.019315	0.002488	1.000000	30.000000	58.628120	4.865559	4.001269	156.971335
58	0.737471	0.083406	0.006957	4.000000	3.644237	0.002488	1.000000	1033.000000	96.176241	2.809912	4.003490	86.348133
63	0.637773	0.066118	0.004372	4.000000	3.432399	0.002488	1.000000	693.000000	90.832563	3.766003	4.002191	58.514955
72	0.637773	0.066118	0.004372	4.000000	3.432399	0.002488	1.000000	693.000000	90.832563	3.766003	4.002191	58.514955
73	0.637773	0.066118	0.004372	4.000000	3.432399	0.002488	1.000000	693.000000	90.832563	3.766003	4.002191	58.514955
75	0.708898	0.067284	0.006024	3.000000	2.692212	0.001866	0.000000	-1.000000	94.859436	3.636772	3.003027	74.578817
76	0.708898	0.067284	0.006024	3.000000	2.692212	0.001866	0.000000	-1.000000	94.859436	3.636772	3.003027	74.578817
79	0.490220	0.024456	0.002375	1.000000	0.740187	0.000622	0.000000	-1.000000	91.326311	4.406878	1.001198	27.712813
81	0.637773	0.066118	0.004372	4.000000	3.432399	0.002488	1.000000	693.000000	90.832563	3.766003	4.002191	58.514955
90	0.637773	0.066118	0.004372	4.000000	3.432399	0.002488	1.000000	693.000000	90.832563	3.766003	4.002191	58.514955
91	0.637773	0.066118	0.004372	4.000000	3.432399	0.002488	1.000000	693.000000	90.832563	3.766003	4.002191	58.514955
93	0.708898	0.067284	0.006024	3.000000	2.692212	0.001866	0.000000	-1.000000	94.859436	3.636772	3.003027	74.578817
94	0.708898	0.067284	0.006024	3.000000	2.692212	0.001866	0.000000	-1.000000	94.859436	3.636772	3.003027	74.578817
97	0.490220	0.024456	0.002375	1.000000	0.740187	0.000622	0.000000	-1.000000	91.326311	4.406878	1.001198	27.712813
99	0.637773	0.066118	0.004372	4.000000	3.432399	0.002488	1.000000	693.000000	90.832563	3.766003	4.002191	58.514955
104	0.721223	0.080064	0.006410	4.000000	3.613707	0.002488	1.000000	984.000000	95.637348	2.983253	4.003215	76.733304
109	0.403015	0.020498	0.001672	1.000000	0.629907	0.000622	0.000000	-1.000000	89.933110	4.834472	1.000841	20.346990
118	0.504720	0.050347	0.002535	4.000000	3.019315	0.002488	1.000000	30.000000	58.628120	4.865559	4.001269	156.971335
119	0.504720	0.050347	0.002535	4.000000	3.019315	0.002488	1.000000	30.000000	58.628120	4.865559	4.001269	156.971335
120	0.504720	0.050347	0.002535	4.000000	3.019315	0.002488	1.000000	30.000000	58.628120	4.865559	4.001269	156.971335
122	0.504720	0.050347	0.002535	4.000000	3.019315	0.002488	1.000000	30.000000	58.628120	4.865559	4.001269	156.971335
124	0.504720	0.050347	0.002535	4.000000	3.019315	0.002488	1.000000	30.000000	58.628120	4.865559	4.001269	156.971335
126	0.637773	0.066118	0.004372	4.000000	3.432399	0.002488	1.000000	693.000000	90.832563	3.766003	4.002191	58.514955
127	0.637773	0.066118	0.004372	4.000000	3.432399	0.002488	1.000000	693.000000	90.832563	3.766003	4.002191	58.514955
128	0.637773	0.066118	0.004372	4.000000	3.432399	0.002488	1.000000	693.000000	90.832563	3.766003	4.002191	58.514955
133	0.637773	0.066118	0.004372	4.000000	3.432399	0.002488	1.000000	693.000000	90.832563	3.766003	4.002191	58.514955
134	0.892433	0.123299	0.020134	3.000000	2.909657	0.001866	0.000000	-1.000000	94.435312	1.744017	3.010239	108.830143
135	0.343616	0.018054	0.001299	1.000000	0.522741	0.000622	0.000000	-1.000000	87.573164	5.164950	1.000652	8.366600
136	0.760911	0.044368	0.007692	1.000000	0.921495	0.000622	0.000000	-1.000000	90.114503	3.197651	1.003953	36.742346
138	0.000000	0.000000	0.000000	0.000000	-0.398754	0.000000	0.000000	-1.000000	87.394920	5.029734	0.000000	0.000000
139	0.637773	0.066118	0.004372	4.000000	3.432399	0.002488	1.000000	693.000000	90.832563	3.766003	4.002191	58.514955
141	0.504720	0.050347	0.002535	4.000000	3.019315	0.002488	1.000000	30.000000	58.628120	4.865559	4.001269	156.971335
148	0.500000	0.049875	0.002488	4.000000	3.000623	0.002488	1.000000	0.000000	48.049969	4.904077	4.001245	160.000000
150	0.000000	0.000000	0.000000	0.000000	-0.018692	0.000000	0.000000	-1.000000	84.824563	2.340347	0.000000	0.000000
151	0.000000	0.000000	0.000000	0.000000	-0.018692	0.000000	0.000000	-1.000000	84.824563	2.340347	0.000000	0.000000
152	0.000000	0.000000	0.000000	0.000000	-0.018692	0.000000	0.000000	-1.000000	84.824563	2.340347	0.000000	0.000000
153	0.000000	0.000000	0.000000	0.000000	-0.018692	0.000000	0.000000	-1.000000	84.824563	2.340347	0.000000	0.000000
154	0.000000	0.000000	0.000000	0.000000	-0.018692	0.000000	0.000000	-1.000000	84.824563	2.340347	0.000000	0.000000
155	0.000000	0.000000	0.000000	0.000000	-0.018692	0.000000	0.000000	-1.000000	84.824563	2.340347	0.000000	0.000000
157	0.504720	0.050347	0.002535	4.000000	3.019315	0.002488	1.000000	30.000000	58.628120	4.865559	4.001269	156.971335
158	0.504720	0.050347	0.002535	4.000000	3.019315	0.002488	1.000000	30.000000	58.628120	4.865559	4.001269	156.971335
159	0.504720	0.050347	0.002535	4.000000	3.019315	0.002488	1.000000	30.000000	58.628120	4.865559	4.001269	156.971335
160	0.504720	0.050347	0.002535	4.000000	3.019315	0.002488	1.000000	30.000000	58.628120	4.865559	4.001269	156.971335
161	0.504720	0.050347	0.002535	4.000000	3.019315	0.002488	1.000000	30.000000	58.628120	4.865559	4.001269	156.971335
162	0.504720	0.050347	0.002535	4.000000	3.019315	0.002488	1.000000	30.000000	58.628120	4.865559	4.001269	156.971335
163	0.504720	0.050347	0.002535	4.000000	3.019315	0.002488	1.000000	30.000000	58.628120	4.865559	4.001269	156.971335
164	0.504720	0.050347	0.002535	4.000000	3.019315	0.002488	1.000000	30.000000	58.628120	4.865559	4.001269	156.971335
165	0.504720	0.050347	0.002535	4.000000	3.019315	0.002488	1.000000	30.000000	58.628120	4.865559	4.001269	156.971335
166	0.504720	0.050347	0.002535	4.000000	3.019315	0.002488	1.000000	30.000000	58.628120	4.865559	4.001269	156.971335
167	0.504720	0.050347	0.002535	4.000000	3.019315	0.002488	1.000000	30.000000	58.628120	4.865559	4.001269	156.971335
168	0.504720	0.050347	0.002535	4.000000	3.019315	0.002488	1.000000	30.000000	58.628120	4.865559	4.001269	156.971335
169	0.504720	0.050347	0.002535	4.000000	3.019315	0.002488	1.000000	30.000000	58.628120	4.865559	4.001269	156.971335
171	0.504720	0.050347	0.002535	4.000000	3.019315	0.002488	1.000000	30.000000	58.628120	4.865559	4.001269	156.971335
172	0.504720	0.050347	0.002535	4.000000	3.019315	0.002488	1.000000	30.000000	58.628120	4.865559	4.001269	156.971335
