pred.c:1018	0.000000	0.000000	0.000000	0.000000	-0.008333	0.000000	0.000000	-1.000000	22.725561	1.000000	0.000000	0.000000
pred.c:1019	0.000000	0.000000	0.000000	0.000000	-0.008333	0.000000	0.000000	-1.000000	22.725561	1.000000	0.000000	0.000000
pred.c:1024	0.000000	0.000000	0.000000	0.000000	-0.008333	0.000000	0.000000	-1.000000	22.725561	1.000000	0.000000	0.000000
pred.c:1040	0.000000	0.000000	0.000000	0.000000	-0.008333	0.000000	0.000000	-1.000000	22.725561	1.000000	0.000000	0.000000
pred.c:1044	0.000000	0.000000	0.000000	0.000000	-0.008333	0.000000	0.000000	-1.000000	22.725561	1.000000	0.000000	0.000000
pred.c:1049	0.000000	0.000000	0.000000	0.000000	-0.008333	0.000000	0.000000	-1.000000	22.725561	1.000000	0.000000	0.000000
pred.c:1053	0.000000	0.000000	0.000000	0.000000	-0.091667	0.000000	0.000000	-1.000000	24.101234	1.821160	0.000000	0.000000
pred.c:1054	0.000000	0.000000	0.000000	0.000000	-0.091667	0.000000	0.000000	-1.000000	24.101234	1.821160	0.000000	0.000000
pred.c:1058	0.000000	0.000000	0.000000	0.000000	-0.008333	0.000000	0.000000	-1.000000	22.725561	1.000000	0.000000	0.000000
pred.c:1060	0.000000	0.000000	0.000000	0.000000	-0.008333	0.000000	0.000000	-1.000000	22.725561	1.000000	0.000000	0.000000
pred.c:1061	0.000000	0.000000	0.000000	0.000000	-0.008333	0.000000	0.000000	-1.000000	22.725561	1.000000	0.000000	0.000000
pred.c:1066	0.000000	0.000000	0.000000	0.000000	-0.008333	0.000000	0.000000	-1.000000	22.725561	1.000000	0.000000	0.000000
pred.c:1072	0.000000	0.000000	0.000000	0.000000	-0.008333	0.000000	0.000000	-1.000000	22.725561	1.000000	0.000000	0.000000
pred.c:1073	0.000000	0.000000	0.000000	0.000000	-0.008333	0.000000	0.000000	-1.000000	22.725561	1.000000	0.000000	0.000000
pred.c:1077	0.000000	0.000000	0.000000	0.000000	-0.008333	0.000000	0.000000	-1.000000	22.725561	1.000000	0.000000	0.000000
pred.c:1078	0.000000	0.000000	0.000000	0.000000	-0.008333	0.000000	0.000000	-1.000000	22.725561	1.000000	0.000000	0.000000
pred.c:1080	0.000000	0.000000	0.000000	0.000000	-0.008333	0.000000	0.000000	-1.000000	22.725561	1.000000	0.000000	0.000000
pred.c:1127	0.000000	0.000000	0.000000	0.000000	-0.025000	0.000000	0.000000	-1.000000	23.272710	1.316074	0.000000	0.000000
pred.c:1133	0.000000	0.000000	0.000000	0.000000	-0.016667	0.000000	0.000000	-1.000000	23.047521	1.189207	0.000000	0.000000
pred.c:1134	0.000000	0.000000	0.000000	0.000000	-0.016667	0.000000	0.000000	-1.000000	23.047521	1.189207	0.000000	0.000000
pred.c:1156	0.000000	0.000000	0.000000	0.000000	-0.016667	0.000000	0.000000	-1.000000	23.047521	1.189207	0.000000	0.000000
pred.c:1157	0.000000	0.000000	0.000000	0.000000	-0.016667	0.000000	0.000000	-1.000000	23.047521	1.189207	0.000000	0.000000
pred.c:1162	0.000000	0.000000	0.000000	0.000000	-0.008333	0.000000	0.000000	-1.000000	22.725561	1.000000	0.000000	0.000000
pred.c:1163	0.000000	0.000000	0.000000	0.000000	-0.008333	0.000000	0.000000	-1.000000	22.725561	1.000000	0.000000	0.000000
pred.c:1166	0.000000	0.000000	0.000000	0.000000	-0.025000	0.000000	0.000000	-1.000000	23.272710	1.316074	0.000000	0.000000
pred.c:1171	0.000000	0.000000	0.000000	0.000000	-0.058333	0.000000	0.000000	-1.000000	23.811762	1.626577	0.000000	0.000000
pred.c:1172	0.000000	0.000000	0.000000	0.000000	-0.058333	0.000000	0.000000	-1.000000	23.811762	1.626577	0.000000	0.000000
pred.c:1174	0.000000	0.000000	0.000000	0.000000	-0.058333	0.000000	0.000000	-1.000000	23.811762	1.626577	0.000000	0.000000
pred.c:1201	0.000000	0.000000	0.000000	0.000000	-0.116667	0.000000	0.000000	-1.000000	24.235559	1.934336	0.000000	0.000000
pred.c:1203	0.000000	0.000000	0.000000	0.000000	-0.150000	0.000000	0.000000	-1.000000	24.342392	2.059767	0.000000	0.000000
pred.c:1206	0.000000	0.000000	0.000000	0.000000	-0.150000	0.000000	0.000000	-1.000000	24.342392	2.059767	0.000000	0.000000
pred.c:1208	0.000000	0.000000	0.000000	0.000000	-0.150000	0.000000	0.000000	-1.000000	24.342392	2.059767	0.000000	0.000000
pred.c:1211	0.000000	0.000000	0.000000	0.000000	-0.150000	0.000000	0.000000	-1.000000	24.342392	2.059767	0.000000	0.000000
pred.c:1213	0.000000	0.000000	0.000000	0.000000	-0.150000	0.000000	0.000000	-1.000000	24.342392	2.059767	0.000000	0.000000
pred.c:1267	0.000000	0.000000	0.000000	0.000000	-0.150000	0.000000	0.000000	-1.000000	24.342392	2.059767	0.000000	0.000000
pred.c:1270	0.000000	0.000000	0.000000	0.000000	-0.150000	0.000000	0.000000	-1.000000	24.342392	2.059767	0.000000	0.000000
pred.c:1319	0.000000	0.000000	0.000000	0.000000	-0.008333	0.000000	0.000000	-1.000000	22.725561	1.000000	0.000000	0.000000
pred.c:1321	0.000000	0.000000	0.000000	0.000000	-0.008333	0.000000	0.000000	-1.000000	22.725561	1.000000	0.000000	0.000000
pred.c:1329	0.832168	0.200000	0.040000	1.000000	0.800000	0.008333	1.000000	95.000000	26.392568	1.974583	1.020408	8.485281
pred.c:1337	0.832168	0.200000	0.040000	1.000000	0.800000	0.008333	1.000000	95.000000	26.392568	1.974583	1.020408	8.485281
pred.c:1339	0.832168	0.200000	0.040000	1.000000	0.800000	0.008333	1.000000	95.000000	26.392568	1.974583	1.020408	8.485281
pred.c:1344	0.832168	0.200000	0.040000	1.000000	0.800000	0.008333	1.000000	95.000000	26.392568	1.974583	1.020408	8.485281
pred.c:1345	0.832168	0.200000	0.040000	1.000000	0.800000	0.008333	1.000000	95.000000	26.392568	1.974583	1.020408	8.485281
pred.c:1346	0.832168	0.200000	0.040000	1.000000	0.800000	0.008333	1.000000	95.000000	26.392568	1.974583	1.020408	8.485281
pred.c:1350	0.000000	0.000000	0.000000	0.000000	-0.008333	0.000000	0.000000	-1.000000	22.725561	1.000000	0.000000	0.000000
pred.c:1353	0.000000	0.000000	0.000000	0.000000	-0.008333	0.000000	0.000000	-1.000000	22.725561	1.000000	0.000000	0.000000
pred.c:1357	0.000000	0.000000	0.000000	0.000000	-0.008333	0.000000	0.000000	-1.000000	22.725561	1.000000	0.000000	0.000000
pred.c:1361	0.000000	0.000000	0.000000	0.000000	-0.008333	0.000000	0.000000	-1.000000	22.725561	1.000000	0.000000	0.000000
pred.c:1363	0.000000	0.000000	0.000000	0.000000	-0.008333	0.000000	0.000000	-1.000000	22.725561	1.000000	0.000000	0.000000
pred.c:1374	0.000000	0.000000	0.000000	0.000000	-0.008333	0.000000	0.000000	-1.000000	22.725561	1.000000	0.000000	0.000000
pred.c:1375	0.000000	0.000000	0.000000	0.000000	-0.008333	0.000000	0.000000	-1.000000	22.725561	1.000000	0.000000	0.000000
pred.c:1376	0.000000	0.000000	0.000000	0.000000	-0.008333	0.000000	0.000000	-1.000000	22.725561	1.000000	0.000000	0.000000
pred.c:1378	0.000000	0.000000	0.000000	0.000000	-0.008333	0.000000	0.000000	-1.000000	22.725561	1.000000	0.000000	0.000000
pred.c:1382	0.000000	0.000000	0.000000	0.000000	-0.016667	0.000000	0.000000	-1.000000	23.047521	1.189207	0.000000	0.000000
pred.c:1386	0.000000	0.000000	0.000000	0.000000	-0.016667	0.000000	0.000000	-1.000000	23.047521	1.189207	0.000000	0.000000
pred.c:1387	0.000000	0.000000	0.000000	0.000000	-0.016667	0.000000	0.000000	-1.000000	23.047521	1.189207	0.000000	0.000000
pred.c:1388	0.000000	0.000000	0.000000	0.000000	-0.016667	0.000000	0.000000	-1.000000	23.047521	1.189207	0.000000	0.000000
pred.c:1392	0.000000	0.000000	0.000000	0.000000	-0.008333	0.000000	0.000000	-1.000000	22.725561	1.000000	0.000000	0.000000
pred.c:1396	0.000000	0.000000	0.000000	0.000000	-0.008333	0.000000	0.000000	-1.000000	22.725561	1.000000	0.000000	0.000000
pred.c:1399	0.000000	0.000000	0.000000	0.000000	-0.008333	0.000000	0.000000	-1.000000	22.725561	1.000000	0.000000	0.000000
pred.c:1400	0.000000	0.000000	0.000000	0.000000	-0.008333	0.000000	0.000000	-1.000000	22.725561	1.000000	0.000000	0.000000
pred.c:1403	0.000000	0.000000	0.000000	0.000000	-0.008333	0.000000	0.000000	-1.000000	22.725561	1.000000	0.000000	0.000000
pred.c:1404	0.000000	0.000000	0.000000	0.000000	-0.008333	0.000000	0.000000	-1.000000	22.725561	1.000000	0.000000	0.000000
pred.c:1405	0.000000	0.000000	0.000000	0.000000	-0.008333	0.000000	0.000000	-1.000000	22.725561	1.000000	0.000000	0.000000
pred.c:1407	0.000000	0.000000	0.000000	0.000000	-0.008333	0.000000	0.000000	-1.000000	22.725561	1.000000	0.000000	0.000000
pred.c:1408	0.000000	0.000000	0.000000	0.000000	-0.008333	0.000000	0.000000	-1.000000	22.725561	1.000000	0.000000	0.000000
pred.c:1409	0.000000	0.000000	0.000000	0.000000	-0.008333	0.000000	0.000000	-1.000000	22.725561	1.000000	0.000000	0.000000
pred.c:1411	0.000000	0.000000	0.000000	0.000000	-0.008333	0.000000	0.000000	-1.000000	22.725561	1.000000	0.000000	0.000000
pred.c:1415	0.000000	0.000000	0.000000	0.000000	-0.008333	0.000000	0.000000	-1.000000	22.725561	1.000000	0.000000	0.000000
pred.c:1417	0.000000	0.000000	0.000000	0.000000	-0.008333	0.000000	0.000000	-1.000000	22.725561	1.000000	0.000000	0.000000
pred.c:1421	0.000000	0.000000	0.000000	0.000000	-0.016667	0.000000	0.000000	-1.000000	23.047521	1.189207	0.000000	0.000000
pred.c:1423	0.000000	0.000000	0.000000	0.000000	-0.016667	0.000000	0.000000	-1.000000	23.047521	1.189207	0.000000	0.000000
pred.c:1425	0.000000	0.000000	0.000000	0.000000	-0.016667	0.000000	0.000000	-1.000000	23.047521	1.189207	0.000000	0.000000
pred.c:1427	0.000000	0.000000	0.000000	0.000000	-0.016667	0.000000	0.000000	-1.000000	23.047521	1.189207	0.000000	0.000000
pred.c:1428	0.000000	0.000000	0.000000	0.000000	-0.016667	0.000000	0.000000	-1.000000	23.047521	1.189207	0.000000	0.000000
pred.c:1430	0.000000	0.000000	0.000000	0.000000	-0.016667	0.000000	0.000000	-1.000000	23.047521	1.189207	0.000000	0.000000
pred.c:1432	0.000000	0.000000	0.000000	0.000000	-0.016667	0.000000	0.000000	-1.000000	23.047521	1.189207	0.000000	0.000000
pred.c:1439	0.000000	0.000000	0.000000	0.000000	-0.016667	0.000000	0.000000	-1.000000	23.047521	1.189207	0.000000	0.000000
pred.c:1442	0.000000	0.000000	0.000000	0.000000	-0.016667	0.000000	0.000000	-1.000000	23.047521	1.189207	0.000000	0.000000
pred.c:1459	0.000000	0.000000	0.000000	0.000000	-0.008333	0.000000	0.000000	-1.000000	22.725561	1.000000	0.000000	0.000000
pred.c:1462	0.000000	0.000000	0.000000	0.000000	-0.008333	0.000000	0.000000	-1.000000	22.725561	1.000000	0.000000	0.000000
pred.c:1466	0.838028	0.204124	0.041667	1.000000	0.808333	0.008333	1.000000	96.000000	26.391749	1.948289	1.021277	8.602325
pred.c:1469	0.838028	0.204124	0.041667	1.000000	0.808333	0.008333	1.000000	96.000000	26.391749	1.948289	1.021277	8.602325
pred.c:1473	0.000000	0.000000	0.000000	0.000000	-0.041667	0.000000	0.000000	-1.000000	23.590224	1.495349	0.000000	0.000000
pred.c:1475	0.000000	0.000000	0.000000	0.000000	-0.041667	0.000000	0.000000	-1.000000	23.590224	1.495349	0.000000	0.000000
pred.c:1609	0.000000	0.000000	0.000000	0.000000	-0.075000	0.000000	0.000000	-1.000000	23.976177	1.732051	0.000000	0.000000
pred.c:1611	0.000000	0.000000	0.000000	0.000000	-0.075000	0.000000	0.000000	-1.000000	23.976177	1.732051	0.000000	0.000000
pred.c:1612	0.000000	0.000000	0.000000	0.000000	-0.075000	0.000000	0.000000	-1.000000	23.976177	1.732051	0.000000	0.000000
pred.c:1614	0.000000	0.000000	0.000000	0.000000	-0.075000	0.000000	0.000000	-1.000000	23.976177	1.732051	0.000000	0.000000
pred.c:1617	0.000000	0.000000	0.000000	0.000000	-0.050000	0.000000	0.000000	-1.000000	23.709781	1.565085	0.000000	0.000000
pred.c:1621	0.000000	0.000000	0.000000	0.000000	-0.041667	0.000000	0.000000	-1.000000	23.590224	1.495349	0.000000	0.000000
pred.c:1624	0.000000	0.000000	0.000000	0.000000	-0.041667	0.000000	0.000000	-1.000000	23.590224	1.495349	0.000000	0.000000
pred.c:1625	0.000000	0.000000	0.000000	0.000000	-0.041667	0.000000	0.000000	-1.000000	23.590224	1.495349	0.000000	0.000000
pred.c:1626	0.000000	0.000000	0.000000	0.000000	-0.041667	0.000000	0.000000	-1.000000	23.590224	1.495349	0.000000	0.000000
pred.c:1630	0.000000	0.000000	0.000000	0.000000	-0.041667	0.000000	0.000000	-1.000000	23.590224	1.495349	0.000000	0.000000
pred.c:1632	0.000000	0.000000	0.000000	0.000000	-0.041667	0.000000	0.000000	-1.000000	23.590224	1.495349	0.000000	0.000000
pred.c:1633	0.000000	0.000000	0.000000	0.000000	-0.041667	0.000000	0.000000	-1.000000	23.590224	1.495349	0.000000	0.000000
pred.c:1635	0.000000	0.000000	0.000000	0.000000	-0.041667	0.000000	0.000000	-1.000000	23.590224	1.495349	0.000000	0.000000
pred.c:1638	0.000000	0.000000	0.000000	0.000000	-0.033333	0.000000	0.000000	-1.000000	23.447611	1.414214	0.000000	0.000000
pred.c:1652	0.000000	0.000000	0.000000	0.000000	-0.008333	0.000000	0.000000	-1.000000	22.725561	1.000000	0.000000	0.000000
pred.c:1655	0.000000	0.000000	0.000000	0.000000	-0.008333	0.000000	0.000000	-1.000000	22.725561	1.000000	0.000000	0.000000
pred.c:1659	0.000000	0.000000	0.000000	0.000000	-0.008333	0.000000	0.000000	-1.000000	22.725561	1.000000	0.000000	0.000000
pred.c:1703	0.680000	0.132453	0.017544	1.000000	0.533333	0.008333	1.000000	63.000000	25.357823	2.546235	1.008850	2.828427
pred.c:1708	0.680000	0.132453	0.017544	1.000000	0.533333	0.008333	1.000000	63.000000	25.357823	2.546235	1.008850	2.828427
pred.c:1709	0.680000	0.132453	0.017544	1.000000	0.533333	0.008333	1.000000	63.000000	25.357823	2.546235	1.008850	2.828427
pred.c:1710	0.680000	0.132453	0.017544	1.000000	0.533333	0.008333	1.000000	63.000000	25.357823	2.546235	1.008850	2.828427
pred.c:1712	0.680000	0.132453	0.017544	1.000000	0.533333	0.008333	1.000000	63.000000	25.357823	2.546235	1.008850	2.828427
pred.c:1716	0.000000	0.000000	0.000000	0.000000	-0.008333	0.000000	0.000000	-1.000000	22.725561	1.000000	0.000000	0.000000
pred.c:1718	0.000000	0.000000	0.000000	0.000000	-0.008333	0.000000	0.000000	-1.000000	22.725561	1.000000	0.000000	0.000000
pred.c:1722	0.000000	0.000000	0.000000	0.000000	-0.058333	0.000000	0.000000	-1.000000	23.811762	1.626577	0.000000	0.000000
pred.c:1727	0.000000	0.000000	0.000000	0.000000	-0.058333	0.000000	0.000000	-1.000000	23.811762	1.626577	0.000000	0.000000
pred.c:1728	0.000000	0.000000	0.000000	0.000000	-0.050000	0.000000	0.000000	-1.000000	23.709781	1.565085	0.000000	0.000000
pred.c:1729	0.000000	0.000000	0.000000	0.000000	-0.050000	0.000000	0.000000	-1.000000	23.709781	1.565085	0.000000	0.000000
pred.c:1730	0.000000	0.000000	0.000000	0.000000	-0.050000	0.000000	0.000000	-1.000000	23.709781	1.565085	0.000000	0.000000
pred.c:1731	0.000000	0.000000	0.000000	0.000000	-0.041667	0.000000	0.000000	-1.000000	23.590224	1.495349	0.000000	0.000000
pred.c:1738	0.000000	0.000000	0.000000	0.000000	-0.058333	0.000000	0.000000	-1.000000	23.811762	1.626577	0.000000	0.000000
pred.c:1742	0.000000	0.000000	0.000000	0.000000	-0.050000	0.000000	0.000000	-1.000000	23.709781	1.565085	0.000000	0.000000
pred.c:1751	0.000000	0.000000	0.000000	0.000000	-0.050000	0.000000	0.000000	-1.000000	23.709781	1.565085	0.000000	0.000000
pred.c:1756	0.000000	0.000000	0.000000	0.000000	-0.050000	0.000000	0.000000	-1.000000	23.709781	1.565085	0.000000	0.000000
pred.c:1760	0.000000	0.000000	0.000000	0.000000	-0.033333	0.000000	0.000000	-1.000000	23.447611	1.414214	0.000000	0.000000
pred.c:1762	0.000000	0.000000	0.000000	0.000000	-0.033333	0.000000	0.000000	-1.000000	23.447611	1.414214	0.000000	0.000000
pred.c:1764	0.000000	0.000000	0.000000	0.000000	-0.033333	0.000000	0.000000	-1.000000	23.447611	1.414214	0.000000	0.000000
pred.c:1766	0.000000	0.000000	0.000000	0.000000	-0.025000	0.000000	0.000000	-1.000000	23.272710	1.316074	0.000000	0.000000
pred.c:1767	0.000000	0.000000	0.000000	0.000000	-0.033333	0.000000	0.000000	-1.000000	23.447611	1.414214	0.000000	0.000000
pred.c:1771	0.000000	0.000000	0.000000	0.000000	-0.025000	0.000000	0.000000	-1.000000	23.272710	1.316074	0.000000	0.000000
pred.c:1776	0.000000	0.000000	0.000000	0.000000	-0.025000	0.000000	0.000000	-1.000000	23.272710	1.316074	0.000000	0.000000
pred.c:1777	0.000000	0.000000	0.000000	0.000000	-0.025000	0.000000	0.000000	-1.000000	23.272710	1.316074	0.000000	0.000000
pred.c:1778	0.000000	0.000000	0.000000	0.000000	-0.025000	0.000000	0.000000	-1.000000	23.272710	1.316074	0.000000	0.000000
pred.c:1781	0.000000	0.000000	0.000000	0.000000	-0.008333	0.000000	0.000000	-1.000000	22.725561	1.000000	0.000000	0.000000
pred.c:1782	0.000000	0.000000	0.000000	0.000000	-0.008333	0.000000	0.000000	-1.000000	22.725561	1.000000	0.000000	0.000000
pred.c:1783	0.000000	0.000000	0.000000	0.000000	-0.008333	0.000000	0.000000	-1.000000	22.725561	1.000000	0.000000	0.000000
pred.c:1785	0.000000	0.000000	0.000000	0.000000	-0.008333	0.000000	0.000000	-1.000000	22.725561	1.000000	0.000000	0.000000
pred.c:1786	0.000000	0.000000	0.000000	0.000000	-0.008333	0.000000	0.000000	-1.000000	22.725561	1.000000	0.000000	0.000000
pred.c:1787	0.000000	0.000000	0.000000	0.000000	-0.008333	0.000000	0.000000	-1.000000	22.725561	1.000000	0.000000	0.000000
pred.c:1789	0.000000	0.000000	0.000000	0.000000	-0.025000	0.000000	0.000000	-1.000000	23.272710	1.316074	0.000000	0.000000
pred.c:1790	0.000000	0.000000	0.000000	0.000000	-0.025000	0.000000	0.000000	-1.000000	23.272710	1.316074	0.000000	0.000000
pred.c:1791	0.000000	0.000000	0.000000	0.000000	-0.008333	0.000000	0.000000	-1.000000	22.725561	1.000000	0.000000	0.000000
pred.c:1793	0.000000	0.000000	0.000000	0.000000	-0.008333	0.000000	0.000000	-1.000000	22.725561	1.000000	0.000000	0.000000
pred.c:1797	0.000000	0.000000	0.000000	0.000000	-0.041667	0.000000	0.000000	-1.000000	23.590224	1.495349	0.000000	0.000000
pred.c:1818	0.000000	0.000000	0.000000	0.000000	-0.041667	0.000000	0.000000	-1.000000	23.590224	1.495349	0.000000	0.000000
pred.c:1820	0.000000	0.000000	0.000000	0.000000	-0.041667	0.000000	0.000000	-1.000000	23.590224	1.495349	0.000000	0.000000
pred.c:1821	0.000000	0.000000	0.000000	0.000000	-0.041667	0.000000	0.000000	-1.000000	23.590224	1.495349	0.000000	0.000000
pred.c:1824	0.000000	0.000000	0.000000	0.000000	-0.033333	0.000000	0.000000	-1.000000	23.447611	1.414214	0.000000	0.000000
pred.c:1827	0.000000	0.000000	0.000000	0.000000	-0.033333	0.000000	0.000000	-1.000000	23.447611	1.414214	0.000000	0.000000
pred.c:1828	0.000000	0.000000	0.000000	0.000000	-0.033333	0.000000	0.000000	-1.000000	23.447611	1.414214	0.000000	0.000000
pred.c:1838	0.000000	0.000000	0.000000	0.000000	-0.166667	0.000000	0.000000	-1.000000	24.371885	2.114743	0.000000	0.000000
pred.c:1843	0.000000	0.000000	0.000000	0.000000	-0.166667	0.000000	0.000000	-1.000000	24.371885	2.114743	0.000000	0.000000
pred.c:1847	0.868613	0.229416	0.052632	1.000000	0.850000	0.008333	1.000000	101.000000	26.342392	1.800733	1.027027	9.165151
pred.c:1850	0.868613	0.229416	0.052632	1.000000	0.850000	0.008333	1.000000	101.000000	26.342392	1.800733	1.027027	9.165151
pred.c:1852	0.868613	0.229416	0.052632	1.000000	0.850000	0.008333	1.000000	101.000000	26.342392	1.800733	1.027027	9.165151
pred.c:1854	0.868613	0.229416	0.052632	1.000000	0.850000	0.008333	1.000000	101.000000	26.342392	1.800733	1.027027	9.165151
pred.c:1864	0.868613	0.229416	0.052632	1.000000	0.850000	0.008333	1.000000	101.000000	26.342392	1.800733	1.027027	9.165151
pred.c:1865	0.868613	0.229416	0.052632	1.000000	0.850000	0.008333	1.000000	101.000000	26.342392	1.800733	1.027027	9.165151
pred.c:1867	0.000000	0.000000	0.000000	0.000000	-0.116667	0.000000	0.000000	-1.000000	24.235559	1.934336	0.000000	0.000000
pred.c:1890	0.868613	0.229416	0.052632	1.000000	0.850000	0.008333	1.000000	101.000000	26.342392	1.800733	1.027027	9.165151
pred.c:1892	0.868613	0.229416	0.052632	1.000000	0.850000	0.008333	1.000000	101.000000	26.342392	1.800733	1.027027	9.165151
pred.c:1894	0.000000	0.000000	0.000000	0.000000	-0.125000	0.000000	0.000000	-1.000000	24.269061	1.967990	0.000000	0.000000
pred.c:1950	0.000000	0.000000	0.000000	0.000000	-0.016667	0.000000	0.000000	-1.000000	23.047521	1.189207	0.000000	0.000000
pred.c:1958	0.000000	0.000000	0.000000	0.000000	-0.016667	0.000000	0.000000	-1.000000	23.047521	1.189207	0.000000	0.000000
pred.c:1959	0.000000	0.000000	0.000000	0.000000	-0.008333	0.000000	0.000000	-1.000000	22.725561	1.000000	0.000000	0.000000
pred.c:1961	0.000000	0.000000	0.000000	0.000000	-0.016667	0.000000	0.000000	-1.000000	23.047521	1.189207	0.000000	0.000000
pred.c:1963	0.000000	0.000000	0.000000	0.000000	-0.016667	0.000000	0.000000	-1.000000	23.047521	1.189207	0.000000	0.000000
pred.c:1964	0.000000	0.000000	0.000000	0.000000	-0.016667	0.000000	0.000000	-1.000000	23.047521	1.189207	0.000000	0.000000
pred.c:1984	0.000000	0.000000	0.000000	0.000000	-0.016667	0.000000	0.000000	-1.000000	23.047521	1.189207	0.000000	0.000000
pred.c:2078	0.862319	0.223607	0.050000	1.000000	0.841667	0.008333	1.000000	100.000000	26.358899	1.832730	1.025641	9.055385
pred.c:2082	0.862319	0.223607	0.050000	1.000000	0.841667	0.008333	1.000000	100.000000	26.358899	1.832730	1.025641	9.055385
pred.c:2085	0.862319	0.223607	0.050000	1.000000	0.841667	0.008333	1.000000	100.000000	26.358899	1.832730	1.025641	9.055385
pred.c:2086	0.862319	0.223607	0.050000	1.000000	0.841667	0.008333	1.000000	100.000000	26.358899	1.832730	1.025641	9.055385
pred.c:2089	0.862319	0.223607	0.050000	1.000000	0.841667	0.008333	1.000000	100.000000	26.358899	1.832730	1.025641	9.055385
pred.c:2091	0.862319	0.223607	0.050000	1.000000	0.841667	0.008333	1.000000	100.000000	26.358899	1.832730	1.025641	9.055385
pred.c:2092	0.862319	0.223607	0.050000	1.000000	0.841667	0.008333	1.000000	100.000000	26.358899	1.832730	1.025641	9.055385
pred.c:2095	0.862319	0.223607	0.050000	1.000000	0.841667	0.008333	1.000000	100.000000	26.358899	1.832730	1.025641	9.055385
pred.c:2096	0.862319	0.223607	0.050000	1.000000	0.841667	0.008333	1.000000	100.000000	26.358899	1.832730	1.025641	9.055385
pred.c:2098	0.862319	0.223607	0.050000	1.000000	0.841667	0.008333	1.000000	100.000000	26.358899	1.832730	1.025641	9.055385
pred.c:2124	0.862319	0.223607	0.050000	1.000000	0.841667	0.008333	1.000000	100.000000	26.358899	1.832730	1.025641	9.055385
pred.c:2135	0.862319	0.223607	0.050000	1.000000	0.841667	0.008333	1.000000	100.000000	26.358899	1.832730	1.025641	9.055385
pred.c:2153	0.862319	0.223607	0.050000	1.000000	0.841667	0.008333	1.000000	100.000000	26.358899	1.832730	1.025641	9.055385
pred.c:2155	0.875000	0.235702	0.055556	1.000000	0.858333	0.008333	1.000000	102.000000	26.322116	1.767231	1.028571	9.273618
pred.c:2159	0.000000	0.000000	0.000000	0.000000	-0.025000	0.000000	0.000000	-1.000000	23.272710	1.316074	0.000000	0.000000
pred.c:2165	0.000000	0.000000	0.000000	0.000000	-0.008333	0.000000	0.000000	-1.000000	22.725561	1.000000	0.000000	0.000000
pred.c:2170	0.000000	0.000000	0.000000	0.000000	-0.025000	0.000000	0.000000	-1.000000	23.272710	1.316074	0.000000	0.000000
pred.c:245	0.000000	0.000000	0.000000	0.000000	-0.008333	0.000000	0.000000	-1.000000	22.725561	1.000000	0.000000	0.000000
pred.c:248	0.000000	0.000000	0.000000	0.000000	-0.008333	0.000000	0.000000	-1.000000	22.725561	1.000000	0.000000	0.000000
pred.c:249	0.000000	0.000000	0.000000	0.000000	-0.008333	0.000000	0.000000	-1.000000	22.725561	1.000000	0.000000	0.000000
pred.c:250	0.000000	0.000000	0.000000	0.000000	-0.008333	0.000000	0.000000	-1.000000	22.725561	1.000000	0.000000	0.000000
pred.c:2614	0.561321	0.103142	0.010638	1.000000	0.225000	0.008333	1.000000	26.000000	21.841690	2.940009	1.005348	8.124038
pred.c:2616	0.561321	0.103142	0.010638	1.000000	0.225000	0.008333	1.000000	26.000000	21.841690	2.940009	1.005348	8.124038
pred.c:2622	0.561321	0.103142	0.010638	1.000000	0.225000	0.008333	1.000000	26.000000	21.841690	2.940009	1.005348	8.124038
pred.c:2640	0.500000	0.091287	0.008333	1.000000	0.008333	0.008333	1.000000	0.000000	12.908712	3.147811	1.004184	10.862780
pred.c:2644	0.500000	0.091287	0.008333	1.000000	0.008333	0.008333	1.000000	0.000000	12.908712	3.147811	1.004184	10.862780
pred.c:2647	0.500000	0.091287	0.008333	1.000000	0.008333	0.008333	1.000000	0.000000	12.908712	3.147811	1.004184	10.862780
pred.c:2650	0.500000	0.091287	0.008333	1.000000	0.008333	0.008333	1.000000	0.000000	12.908712	3.147811	1.004184	10.862780
pred.c:2657	0.500000	0.091287	0.008333	1.000000	0.008333	0.008333	1.000000	0.000000	12.908712	3.147811	1.004184	10.862780
pred.c:2659	0.500000	0.091287	0.008333	1.000000	0.008333	0.008333	1.000000	0.000000	12.908712	3.147811	1.004184	10.862780
pred.c:2662	0.500000	0.091287	0.008333	1.000000	0.008333	0.008333	1.000000	0.000000	12.908712	3.147811	1.004184	10.862780
pred.c:2680	0.543379	0.099504	0.009901	1.000000	0.166667	0.008333	1.000000	19.000000	20.717798	3.000000	1.004975	8.944272
pred.c:2681	0.543379	0.099504	0.009901	1.000000	0.166667	0.008333	1.000000	19.000000	20.717798	3.000000	1.004975	8.944272
pred.c:2686	0.543379	0.099504	0.009901	1.000000	0.166667	0.008333	1.000000	19.000000	20.717798	3.000000	1.004975	8.944272
pred.c:2688	0.543379	0.099504	0.009901	1.000000	0.166667	0.008333	1.000000	19.000000	20.717798	3.000000	1.004975	8.944272
pred.c:2700	0.500000	0.091287	0.008333	1.000000	0.008333	0.008333	1.000000	0.000000	12.908712	3.147811	1.004184	10.862780
pred.c:2701	0.500000	0.091287	0.008333	1.000000	0.008333	0.008333	1.000000	0.000000	12.908712	3.147811	1.004184	10.862780
pred.c:2702	0.500000	0.091287	0.008333	1.000000	0.008333	0.008333	1.000000	0.000000	12.908712	3.147811	1.004184	10.862780
pred.c:2705	0.500000	0.091287	0.008333	1.000000	0.008333	0.008333	1.000000	0.000000	12.908712	3.147811	1.004184	10.862780
pred.c:287	0.000000	0.000000	0.000000	0.000000	-0.008333	0.000000	0.000000	-1.000000	22.725561	1.000000	0.000000	0.000000
pred.c:289	0.000000	0.000000	0.000000	0.000000	-0.008333	0.000000	0.000000	-1.000000	22.725561	1.000000	0.000000	0.000000
pred.c:312	0.000000	0.000000	0.000000	0.000000	-0.008333	0.000000	0.000000	-1.000000	22.725561	1.000000	0.000000	0.000000
pred.c:313	0.000000	0.000000	0.000000	0.000000	-0.008333	0.000000	0.000000	-1.000000	22.725561	1.000000	0.000000	0.000000
pred.c:329	0.548387	0.100504	0.010101	1.000000	0.183333	0.008333	1.000000	21.000000	21.064646	2.983202	1.005076	8.717798
pred.c:331	0.548387	0.100504	0.010101	1.000000	0.183333	0.008333	1.000000	21.000000	21.064646	2.983202	1.005076	8.717798
pred.c:332	0.589109	0.109109	0.011905	1.000000	0.308333	0.008333	1.000000	36.000000	23.110434	2.847882	1.005988	6.782330
pred.c:334	0.548387	0.100504	0.010101	1.000000	0.183333	0.008333	1.000000	21.000000	21.064646	2.983202	1.005076	8.717798
pred.c:337	0.639785	0.121268	0.014706	1.000000	0.441667	0.008333	1.000000	52.000000	24.607558	2.680551	1.007407	3.741657
pred.c:382	0.000000	0.000000	0.000000	0.000000	-0.025000	0.000000	0.000000	-1.000000	23.272710	1.316074	0.000000	0.000000
pred.c:384	0.000000	0.000000	0.000000	0.000000	-0.025000	0.000000	0.000000	-1.000000	23.272710	1.316074	0.000000	0.000000
pred.c:386	0.000000	0.000000	0.000000	0.000000	-0.025000	0.000000	0.000000	-1.000000	23.272710	1.316074	0.000000	0.000000
pred.c:388	0.000000	0.000000	0.000000	0.000000	-0.025000	0.000000	0.000000	-1.000000	23.272710	1.316074	0.000000	0.000000
pred.c:399	0.000000	0.000000	0.000000	0.000000	-0.025000	0.000000	0.000000	-1.000000	23.272710	1.316074	0.000000	0.000000
pred.c:401	0.000000	0.000000	0.000000	0.000000	-0.025000	0.000000	0.000000	-1.000000	23.272710	1.316074	0.000000	0.000000
pred.c:406	0.000000	0.000000	0.000000	0.000000	-0.025000	0.000000	0.000000	-1.000000	23.272710	1.316074	0.000000	0.000000
pred.c:410	0.000000	0.000000	0.000000	0.000000	-0.025000	0.000000	0.000000	-1.000000	23.272710	1.316074	0.000000	0.000000
pred.c:412	0.000000	0.000000	0.000000	0.000000	-0.025000	0.000000	0.000000	-1.000000	23.272710	1.316074	0.000000	0.000000
pred.c:413	0.000000	0.000000	0.000000	0.000000	-0.025000	0.000000	0.000000	-1.000000	23.272710	1.316074	0.000000	0.000000
pred.c:414	0.000000	0.000000	0.000000	0.000000	-0.016667	0.000000	0.000000	-1.000000	23.047521	1.189207	0.000000	0.000000
pred.c:415	0.000000	0.000000	0.000000	0.000000	-0.025000	0.000000	0.000000	-1.000000	23.272710	1.316074	0.000000	0.000000
pred.c:417	0.000000	0.000000	0.000000	0.000000	-0.025000	0.000000	0.000000	-1.000000	23.272710	1.316074	0.000000	0.000000
pred.c:455	0.000000	0.000000	0.000000	0.000000	-0.033333	0.000000	0.000000	-1.000000	23.447611	1.414214	0.000000	0.000000
pred.c:460	0.000000	0.000000	0.000000	0.000000	-0.033333	0.000000	0.000000	-1.000000	23.447611	1.414214	0.000000	0.000000
pred.c:465	0.000000	0.000000	0.000000	0.000000	-0.016667	0.000000	0.000000	-1.000000	23.047521	1.189207	0.000000	0.000000
pred.c:467	0.000000	0.000000	0.000000	0.000000	-0.016667	0.000000	0.000000	-1.000000	23.047521	1.189207	0.000000	0.000000
pred.c:468	0.000000	0.000000	0.000000	0.000000	-0.016667	0.000000	0.000000	-1.000000	23.047521	1.189207	0.000000	0.000000
pred.c:478	0.000000	0.000000	0.000000	0.000000	-0.016667	0.000000	0.000000	-1.000000	23.047521	1.189207	0.000000	0.000000
pred.c:479	0.000000	0.000000	0.000000	0.000000	-0.016667	0.000000	0.000000	-1.000000	23.047521	1.189207	0.000000	0.000000
pred.c:485	0.000000	0.000000	0.000000	0.000000	-0.016667	0.000000	0.000000	-1.000000	23.047521	1.189207	0.000000	0.000000
pred.c:487	0.000000	0.000000	0.000000	0.000000	-0.016667	0.000000	0.000000	-1.000000	23.047521	1.189207	0.000000	0.000000
pred.c:488	0.000000	0.000000	0.000000	0.000000	-0.016667	0.000000	0.000000	-1.000000	23.047521	1.189207	0.000000	0.000000
pred.c:489	0.000000	0.000000	0.000000	0.000000	-0.016667	0.000000	0.000000	-1.000000	23.047521	1.189207	0.000000	0.000000
pred.c:491	0.000000	0.000000	0.000000	0.000000	-0.016667	0.000000	0.000000	-1.000000	23.047521	1.189207	0.000000	0.000000
pred.c:492	0.000000	0.000000	0.000000	0.000000	-0.016667	0.000000	0.000000	-1.000000	23.047521	1.189207	0.000000	0.000000
pred.c:495	0.000000	0.000000	0.000000	0.000000	-0.016667	0.000000	0.000000	-1.000000	23.047521	1.189207	0.000000	0.000000
pred.c:501	0.000000	0.000000	0.000000	0.000000	-0.016667	0.000000	0.000000	-1.000000	23.047521	1.189207	0.000000	0.000000
pred.c:503	0.000000	0.000000	0.000000	0.000000	-0.016667	0.000000	0.000000	-1.000000	23.047521	1.189207	0.000000	0.000000
pred.c:504	0.000000	0.000000	0.000000	0.000000	-0.016667	0.000000	0.000000	-1.000000	23.047521	1.189207	0.000000	0.000000
pred.c:516	0.922481	0.301511	0.090909	1.000000	0.916667	0.008333	1.000000	109.000000	26.042891	1.470469	1.047619	10.000000
pred.c:518	0.922481	0.301511	0.090909	1.000000	0.916667	0.008333	1.000000	109.000000	26.042891	1.470469	1.047619	10.000000
pred.c:519	0.922481	0.301511	0.090909	1.000000	0.916667	0.008333	1.000000	109.000000	26.042891	1.470469	1.047619	10.000000
pred.c:520	0.922481	0.301511	0.090909	1.000000	0.916667	0.008333	1.000000	109.000000	26.042891	1.470469	1.047619	10.000000
pred.c:521	0.922481	0.301511	0.090909	1.000000	0.916667	0.008333	1.000000	109.000000	26.042891	1.470469	1.047619	10.000000
pred.c:523	0.922481	0.301511	0.090909	1.000000	0.916667	0.008333	1.000000	109.000000	26.042891	1.470469	1.047619	10.000000
pred.c:524	0.922481	0.301511	0.090909	1.000000	0.916667	0.008333	1.000000	109.000000	26.042891	1.470469	1.047619	10.000000
pred.c:529	0.922481	0.301511	0.090909	1.000000	0.916667	0.008333	1.000000	109.000000	26.042891	1.470469	1.047619	10.000000
pred.c:531	0.922481	0.301511	0.090909	1.000000	0.916667	0.008333	1.000000	109.000000	26.042891	1.470469	1.047619	10.000000
pred.c:536	0.922481	0.301511	0.090909	1.000000	0.916667	0.008333	1.000000	109.000000	26.042891	1.470469	1.047619	10.000000
pred.c:547	0.922481	0.301511	0.090909	1.000000	0.916667	0.008333	1.000000	109.000000	26.042891	1.470469	1.047619	10.000000
pred.c:549	0.000000	0.000000	0.000000	0.000000	-0.016667	0.000000	0.000000	-1.000000	23.047521	1.189207	0.000000	0.000000
pred.c:550	0.000000	0.000000	0.000000	0.000000	-0.016667	0.000000	0.000000	-1.000000	23.047521	1.189207	0.000000	0.000000
pred.c:551	0.000000	0.000000	0.000000	0.000000	-0.016667	0.000000	0.000000	-1.000000	23.047521	1.189207	0.000000	0.000000
pred.c:552	0.000000	0.000000	0.000000	0.000000	-0.016667	0.000000	0.000000	-1.000000	23.047521	1.189207	0.000000	0.000000
pred.c:556	0.929688	0.316228	0.100000	1.000000	0.925000	0.008333	1.000000	110.000000	25.976177	1.414214	1.052632	10.099505
pred.c:559	0.991667	0.707107	0.500000	1.000000	0.991667	0.008333	1.000000	118.000000	24.725561	0.000000	1.333333	10.862780
pred.c:564	0.862319	0.223607	0.050000	1.000000	0.841667	0.008333	1.000000	100.000000	26.358899	1.832730	1.025641	9.055385
pred.c:568	0.862319	0.223607	0.050000	1.000000	0.841667	0.008333	1.000000	100.000000	26.358899	1.832730	1.025641	9.055385
pred.c:571	0.862319	0.223607	0.050000	1.000000	0.841667	0.008333	1.000000	100.000000	26.358899	1.832730	1.025641	9.055385
pred.c:576	0.862319	0.223607	0.050000	1.000000	0.841667	0.008333	1.000000	100.000000	26.358899	1.832730	1.025641	9.055385
pred.c:582	0.922481	0.301511	0.090909	1.000000	0.916667	0.008333	1.000000	109.000000	26.042891	1.470469	1.047619	10.000000
pred.c:590	0.922481	0.301511	0.090909	1.000000	0.916667	0.008333	1.000000	109.000000	26.042891	1.470469	1.047619	10.000000
pred.c:591	0.922481	0.301511	0.090909	1.000000	0.916667	0.008333	1.000000	109.000000	26.042891	1.470469	1.047619	10.000000
pred.c:594	0.000000	0.000000	0.000000	0.000000	-0.008333	0.000000	0.000000	-1.000000	22.725561	1.000000	0.000000	0.000000
pred.c:595	0.000000	0.000000	0.000000	0.000000	-0.008333	0.000000	0.000000	-1.000000	22.725561	1.000000	0.000000	0.000000
pred.c:599	0.929688	0.316228	0.100000	1.000000	0.925000	0.008333	1.000000	110.000000	25.976177	1.414214	1.052632	10.099505
pred.c:600	0.929688	0.316228	0.100000	1.000000	0.925000	0.008333	1.000000	110.000000	25.976177	1.414214	1.052632	10.099505
pred.c:610	0.000000	0.000000	0.000000	0.000000	-0.075000	0.000000	0.000000	-1.000000	23.976177	1.732051	0.000000	0.000000
pred.c:611	0.000000	0.000000	0.000000	0.000000	-0.075000	0.000000	0.000000	-1.000000	23.976177	1.732051	0.000000	0.000000
pred.c:612	0.000000	0.000000	0.000000	0.000000	-0.075000	0.000000	0.000000	-1.000000	23.976177	1.732051	0.000000	0.000000
pred.c:613	0.000000	0.000000	0.000000	0.000000	-0.075000	0.000000	0.000000	-1.000000	23.976177	1.732051	0.000000	0.000000
pred.c:616	0.862319	0.223607	0.050000	1.000000	0.841667	0.008333	1.000000	100.000000	26.358899	1.832730	1.025641	9.055385
pred.c:622	0.000000	0.000000	0.000000	0.000000	-0.066667	0.000000	0.000000	-1.000000	23.899735	1.681793	0.000000	0.000000
pred.c:624	0.000000	0.000000	0.000000	0.000000	-0.066667	0.000000	0.000000	-1.000000	23.899735	1.681793	0.000000	0.000000
pred.c:629	0.000000	0.000000	0.000000	0.000000	-0.066667	0.000000	0.000000	-1.000000	23.899735	1.681793	0.000000	0.000000
pred.c:634	0.000000	0.000000	0.000000	0.000000	-0.066667	0.000000	0.000000	-1.000000	23.899735	1.681793	0.000000	0.000000
pred.c:640	0.908397	0.277350	0.076923	1.000000	0.900000	0.008333	1.000000	107.000000	26.152262	1.569746	1.040000	9.797959
pred.c:642	0.908397	0.277350	0.076923	1.000000	0.900000	0.008333	1.000000	107.000000	26.152262	1.569746	1.040000	9.797959
pred.c:644	0.908397	0.277350	0.076923	1.000000	0.900000	0.008333	1.000000	107.000000	26.152262	1.569746	1.040000	9.797959
pred.c:645	0.908397	0.277350	0.076923	1.000000	0.900000	0.008333	1.000000	107.000000	26.152262	1.569746	1.040000	9.797959
pred.c:652	0.908397	0.277350	0.076923	1.000000	0.900000	0.008333	1.000000	107.000000	26.152262	1.569746	1.040000	9.797959
pred.c:653	0.908397	0.277350	0.076923	1.000000	0.900000	0.008333	1.000000	107.000000	26.152262	1.569746	1.040000	9.797959
pred.c:655	0.908397	0.277350	0.076923	1.000000	0.900000	0.008333	1.000000	107.000000	26.152262	1.569746	1.040000	9.797959
pred.c:656	0.915385	0.288675	0.083333	1.000000	0.908333	0.008333	1.000000	108.000000	26.101234	1.522046	1.043478	9.899495
pred.c:658	0.000000	0.000000	0.000000	0.000000	-0.016667	0.000000	0.000000	-1.000000	23.047521	1.189207	0.000000	0.000000
pred.c:665	0.862319	0.223607	0.050000	1.000000	0.841667	0.008333	1.000000	100.000000	26.358899	1.832730	1.025641	9.055385
pred.c:667	0.922481	0.301511	0.090909	1.000000	0.916667	0.008333	1.000000	109.000000	26.042891	1.470469	1.047619	10.000000
pred.c:668	0.922481	0.301511	0.090909	1.000000	0.916667	0.008333	1.000000	109.000000	26.042891	1.470469	1.047619	10.000000
pred.c:670	0.862319	0.223607	0.050000	1.000000	0.841667	0.008333	1.000000	100.000000	26.358899	1.832730	1.025641	9.055385
pred.c:675	0.000000	0.000000	0.000000	0.000000	-0.075000	0.000000	0.000000	-1.000000	23.976177	1.732051	0.000000	0.000000
pred.c:677	0.000000	0.000000	0.000000	0.000000	-0.075000	0.000000	0.000000	-1.000000	23.976177	1.732051	0.000000	0.000000
pred.c:681	0.922481	0.301511	0.090909	1.000000	0.916667	0.008333	1.000000	109.000000	26.042891	1.470469	1.047619	10.000000
pred.c:684	0.922481	0.301511	0.090909	1.000000	0.916667	0.008333	1.000000	109.000000	26.042891	1.470469	1.047619	10.000000
pred.c:688	0.000000	0.000000	0.000000	0.000000	-0.050000	0.000000	0.000000	-1.000000	23.709781	1.565085	0.000000	0.000000
pred.c:695	0.000000	0.000000	0.000000	0.000000	-0.050000	0.000000	0.000000	-1.000000	23.709781	1.565085	0.000000	0.000000
pred.c:710	0.000000	0.000000	0.000000	0.000000	-0.008333	0.000000	0.000000	-1.000000	22.725561	1.000000	0.000000	0.000000
pred.c:715	0.000000	0.000000	0.000000	0.000000	-0.008333	0.000000	0.000000	-1.000000	22.725561	1.000000	0.000000	0.000000
pred.c:716	0.000000	0.000000	0.000000	0.000000	-0.008333	0.000000	0.000000	-1.000000	22.725561	1.000000	0.000000	0.000000
pred.c:717	0.000000	0.000000	0.000000	0.000000	-0.008333	0.000000	0.000000	-1.000000	22.725561	1.000000	0.000000	0.000000
pred.c:720	0.000000	0.000000	0.000000	0.000000	-0.008333	0.000000	0.000000	-1.000000	22.725561	1.000000	0.000000	0.000000
pred.c:724	0.000000	0.000000	0.000000	0.000000	-0.016667	0.000000	0.000000	-1.000000	23.047521	1.189207	0.000000	0.000000
pred.c:726	0.000000	0.000000	0.000000	0.000000	-0.016667	0.000000	0.000000	-1.000000	23.047521	1.189207	0.000000	0.000000
pred.c:730	0.000000	0.000000	0.000000	0.000000	-0.016667	0.000000	0.000000	-1.000000	23.047521	1.189207	0.000000	0.000000
pred.c:731	0.000000	0.000000	0.000000	0.000000	-0.016667	0.000000	0.000000	-1.000000	23.047521	1.189207	0.000000	0.000000
pred.c:732	0.000000	0.000000	0.000000	0.000000	-0.016667	0.000000	0.000000	-1.000000	23.047521	1.189207	0.000000	0.000000
pred.c:738	0.000000	0.000000	0.000000	0.000000	-0.058333	0.000000	0.000000	-1.000000	23.811762	1.626577	0.000000	0.000000
pred.c:742	0.000000	0.000000	0.000000	0.000000	-0.058333	0.000000	0.000000	-1.000000	23.811762	1.626577	0.000000	0.000000
pred.c:745	0.000000	0.000000	0.000000	0.000000	-0.050000	0.000000	0.000000	-1.000000	23.709781	1.565085	0.000000	0.000000
pred.c:748	0.000000	0.000000	0.000000	0.000000	-0.050000	0.000000	0.000000	-1.000000	23.709781	1.565085	0.000000	0.000000
pred.c:792	0.000000	0.000000	0.000000	0.000000	-0.083333	0.000000	0.000000	-1.000000	24.042891	1.778279	0.000000	0.000000
pred.c:797	0.000000	0.000000	0.000000	0.000000	-0.083333	0.000000	0.000000	-1.000000	24.042891	1.778279	0.000000	0.000000
pred.c:798	0.000000	0.000000	0.000000	0.000000	-0.083333	0.000000	0.000000	-1.000000	24.042891	1.778279	0.000000	0.000000
pred.c:799	0.000000	0.000000	0.000000	0.000000	-0.083333	0.000000	0.000000	-1.000000	24.042891	1.778279	0.000000	0.000000
pred.c:801	0.000000	0.000000	0.000000	0.000000	-0.083333	0.000000	0.000000	-1.000000	24.042891	1.778279	0.000000	0.000000
pred.c:805	0.000000	0.000000	0.000000	0.000000	-0.100000	0.000000	0.000000	-1.000000	24.152262	1.861210	0.000000	0.000000
pred.c:808	0.000000	0.000000	0.000000	0.000000	-0.100000	0.000000	0.000000	-1.000000	24.152262	1.861210	0.000000	0.000000
pred.c:810	0.000000	0.000000	0.000000	0.000000	-0.100000	0.000000	0.000000	-1.000000	24.152262	1.861210	0.000000	0.000000
pred.c:812	0.000000	0.000000	0.000000	0.000000	-0.100000	0.000000	0.000000	-1.000000	24.152262	1.861210	0.000000	0.000000
pred.c:816	0.000000	0.000000	0.000000	0.000000	-0.141667	0.000000	0.000000	-1.000000	24.322116	2.030543	0.000000	0.000000
pred.c:818	0.000000	0.000000	0.000000	0.000000	-0.141667	0.000000	0.000000	-1.000000	24.322116	2.030543	0.000000	0.000000
pred.c:819	0.000000	0.000000	0.000000	0.000000	-0.141667	0.000000	0.000000	-1.000000	24.322116	2.030543	0.000000	0.000000
pred.c:821	0.000000	0.000000	0.000000	0.000000	-0.141667	0.000000	0.000000	-1.000000	24.322116	2.030543	0.000000	0.000000
pred.c:833	0.000000	0.000000	0.000000	0.000000	-0.150000	0.000000	0.000000	-1.000000	24.342392	2.059767	0.000000	0.000000
pred.c:841	0.000000	0.000000	0.000000	0.000000	-0.150000	0.000000	0.000000	-1.000000	24.342392	2.059767	0.000000	0.000000
pred.c:845	0.000000	0.000000	0.000000	0.000000	-0.141667	0.000000	0.000000	-1.000000	24.322116	2.030543	0.000000	0.000000
pred.c:846	0.000000	0.000000	0.000000	0.000000	-0.141667	0.000000	0.000000	-1.000000	24.322116	2.030543	0.000000	0.000000
pred.c:855	0.000000	0.000000	0.000000	0.000000	-0.116667	0.000000	0.000000	-1.000000	24.235559	1.934336	0.000000	0.000000
pred.c:874	0.000000	0.000000	0.000000	0.000000	-0.041667	0.000000	0.000000	-1.000000	23.590224	1.495349	0.000000	0.000000
pred.c:875	0.000000	0.000000	0.000000	0.000000	-0.041667	0.000000	0.000000	-1.000000	23.590224	1.495349	0.000000	0.000000
pred.c:885	0.000000	0.000000	0.000000	0.000000	-0.016667	0.000000	0.000000	-1.000000	23.047521	1.189207	0.000000	0.000000
pred.c:886	0.000000	0.000000	0.000000	0.000000	-0.016667	0.000000	0.000000	-1.000000	23.047521	1.189207	0.000000	0.000000
pred.c:887	0.000000	0.000000	0.000000	0.000000	-0.016667	0.000000	0.000000	-1.000000	23.047521	1.189207	0.000000	0.000000
pred.c:889	0.000000	0.000000	0.000000	0.000000	-0.016667	0.000000	0.000000	-1.000000	23.047521	1.189207	0.000000	0.000000
pred.c:926	0.000000	0.000000	0.000000	0.000000	-0.016667	0.000000	0.000000	-1.000000	23.047521	1.189207	0.000000	0.000000
pred.c:927	0.000000	0.000000	0.000000	0.000000	-0.016667	0.000000	0.000000	-1.000000	23.047521	1.189207	0.000000	0.000000
pred.c:933	0.000000	0.000000	0.000000	0.000000	-0.008333	0.000000	0.000000	-1.000000	22.725561	1.000000	0.000000	0.000000
pred.c:937	0.000000	0.000000	0.000000	0.000000	-0.008333	0.000000	0.000000	-1.000000	22.725561	1.000000	0.000000	0.000000
pred.c:938	0.000000	0.000000	0.000000	0.000000	-0.008333	0.000000	0.000000	-1.000000	22.725561	1.000000	0.000000	0.000000
pred.c:939	0.000000	0.000000	0.000000	0.000000	-0.008333	0.000000	0.000000	-1.000000	22.725561	1.000000	0.000000	0.000000
pred.c:940	0.000000	0.000000	0.000000	0.000000	-0.008333	0.000000	0.000000	-1.000000	22.725561	1.000000	0.000000	0.000000
pred.c:943	0.000000	0.000000	0.000000	0.000000	-0.016667	0.000000	0.000000	-1.000000	23.047521	1.189207	0.000000	0.000000
pred.c:948	0.000000	0.000000	0.000000	0.000000	-0.025000	0.000000	0.000000	-1.000000	23.272710	1.316074	0.000000	0.000000
pred.c:949	0.000000	0.000000	0.000000	0.000000	-0.025000	0.000000	0.000000	-1.000000	23.272710	1.316074	0.000000	0.000000
pred.c:950	0.000000	0.000000	0.000000	0.000000	-0.025000	0.000000	0.000000	-1.000000	23.272710	1.316074	0.000000	0.000000
pred.c:951	0.000000	0.000000	0.000000	0.000000	-0.025000	0.000000	0.000000	-1.000000	23.272710	1.316074	0.000000	0.000000
pred.c:952	0.000000	0.000000	0.000000	0.000000	-0.025000	0.000000	0.000000	-1.000000	23.272710	1.316074	0.000000	0.000000
pred.c:954	0.000000	0.000000	0.000000	0.000000	-0.025000	0.000000	0.000000	-1.000000	23.272710	1.316074	0.000000	0.000000
pred.c:974	0.000000	0.000000	0.000000	0.000000	-0.008333	0.000000	0.000000	-1.000000	22.725561	1.000000	0.000000	0.000000
pred.c:976	0.000000	0.000000	0.000000	0.000000	-0.008333	0.000000	0.000000	-1.000000	22.725561	1.000000	0.000000	0.000000
pred.c:985	0.000000	0.000000	0.000000	0.000000	-0.008333	0.000000	0.000000	-1.000000	22.725561	1.000000	0.000000	0.000000
pred.c:994	0.000000	0.000000	0.000000	0.000000	-0.008333	0.000000	0.000000	-1.000000	22.725561	1.000000	0.000000	0.000000
pred.c:996	0.000000	0.000000	0.000000	0.000000	-0.008333	0.000000	0.000000	-1.000000	22.725561	1.000000	0.000000	0.000000
pred.c:999	0.000000	0.000000	0.000000	0.000000	-0.008333	0.000000	0.000000	-1.000000	22.725561	1.000000	0.000000	0.000000
