parser.c:1001	0.000000	0.000000	0.000000	0.000000	-0.013699	0.000000	0.000000	-1.000000	17.852300	1.000000	0.000000	0.000000
parser.c:1002	0.000000	0.000000	0.000000	0.000000	-0.013699	0.000000	0.000000	-1.000000	17.852300	1.000000	0.000000	0.000000
parser.c:1003	0.000000	0.000000	0.000000	0.000000	-0.013699	0.000000	0.000000	-1.000000	17.852300	1.000000	0.000000	0.000000
parser.c:1004	0.000000	0.000000	0.000000	0.000000	-0.013699	0.000000	0.000000	-1.000000	17.852300	1.000000	0.000000	0.000000
parser.c:1005	0.000000	0.000000	0.000000	0.000000	-0.013699	0.000000	0.000000	-1.000000	17.852300	1.000000	0.000000	0.000000
parser.c:1006	0.000000	0.000000	0.000000	0.000000	-0.013699	0.000000	0.000000	-1.000000	17.852300	1.000000	0.000000	0.000000
parser.c:1010	0.000000	0.000000	0.000000	0.000000	-0.013699	0.000000	0.000000	-1.000000	17.852300	1.000000	0.000000	0.000000
parser.c:1012	0.000000	0.000000	0.000000	0.000000	-0.013699	0.000000	0.000000	-1.000000	17.852300	1.000000	0.000000	0.000000
parser.c:1014	0.000000	0.000000	0.000000	0.000000	-0.013699	0.000000	0.000000	-1.000000	17.852300	1.000000	0.000000	0.000000
parser.c:1015	0.000000	0.000000	0.000000	0.000000	-0.013699	0.000000	0.000000	-1.000000	17.852300	1.000000	0.000000	0.000000
parser.c:1024	0.000000	0.000000	0.000000	0.000000	-0.013699	0.000000	0.000000	-1.000000	17.852300	1.000000	0.000000	0.000000
parser.c:1026	0.000000	0.000000	0.000000	0.000000	-0.013699	0.000000	0.000000	-1.000000	17.852300	1.000000	0.000000	0.000000
parser.c:1029	0.000000	0.000000	0.000000	0.000000	-0.013699	0.000000	0.000000	-1.000000	17.852300	1.000000	0.000000	0.000000
parser.c:1033	0.000000	0.000000	0.000000	0.000000	-0.027397	0.000000	0.000000	-1.000000	18.147414	1.189207	0.000000	0.000000
parser.c:1037	0.000000	0.000000	0.000000	0.000000	-0.027397	0.000000	0.000000	-1.000000	18.147414	1.189207	0.000000	0.000000
parser.c:1040	0.000000	0.000000	0.000000	0.000000	-0.027397	0.000000	0.000000	-1.000000	18.147414	1.189207	0.000000	0.000000
parser.c:1042	0.000000	0.000000	0.000000	0.000000	-0.027397	0.000000	0.000000	-1.000000	18.147414	1.189207	0.000000	0.000000
parser.c:1043	0.000000	0.000000	0.000000	0.000000	-0.027397	0.000000	0.000000	-1.000000	18.147414	1.189207	0.000000	0.000000
parser.c:1044	0.000000	0.000000	0.000000	0.000000	-0.027397	0.000000	0.000000	-1.000000	18.147414	1.189207	0.000000	0.000000
parser.c:1045	0.000000	0.000000	0.000000	0.000000	-0.027397	0.000000	0.000000	-1.000000	18.147414	1.189207	0.000000	0.000000
parser.c:1046	0.000000	0.000000	0.000000	0.000000	-0.027397	0.000000	0.000000	-1.000000	18.147414	1.189207	0.000000	0.000000
parser.c:1047	0.000000	0.000000	0.000000	0.000000	-0.027397	0.000000	0.000000	-1.000000	18.147414	1.189207	0.000000	0.000000
parser.c:1051	0.000000	0.000000	0.000000	0.000000	-0.013699	0.000000	0.000000	-1.000000	17.852300	1.000000	0.000000	0.000000
parser.c:1053	0.000000	0.000000	0.000000	0.000000	-0.013699	0.000000	0.000000	-1.000000	17.852300	1.000000	0.000000	0.000000
parser.c:1057	0.000000	0.000000	0.000000	0.000000	-0.013699	0.000000	0.000000	-1.000000	17.852300	1.000000	0.000000	0.000000
parser.c:1059	0.000000	0.000000	0.000000	0.000000	-0.013699	0.000000	0.000000	-1.000000	17.852300	1.000000	0.000000	0.000000
parser.c:1060	0.000000	0.000000	0.000000	0.000000	-0.013699	0.000000	0.000000	-1.000000	17.852300	1.000000	0.000000	0.000000
parser.c:1062	0.000000	0.000000	0.000000	0.000000	-0.013699	0.000000	0.000000	-1.000000	17.852300	1.000000	0.000000	0.000000
parser.c:1065	0.000000	0.000000	0.000000	0.000000	-0.013699	0.000000	0.000000	-1.000000	17.852300	1.000000	0.000000	0.000000
parser.c:1066	0.000000	0.000000	0.000000	0.000000	-0.013699	0.000000	0.000000	-1.000000	17.852300	1.000000	0.000000	0.000000
parser.c:1070	0.000000	0.000000	0.000000	0.000000	-0.013699	0.000000	0.000000	-1.000000	17.852300	1.000000	0.000000	0.000000
parser.c:1077	0.000000	0.000000	0.000000	0.000000	-0.013699	0.000000	0.000000	-1.000000	17.852300	1.000000	0.000000	0.000000
parser.c:1080	0.000000	0.000000	0.000000	0.000000	-0.013699	0.000000	0.000000	-1.000000	17.852300	1.000000	0.000000	0.000000
parser.c:1082	0.000000	0.000000	0.000000	0.000000	-0.013699	0.000000	0.000000	-1.000000	17.852300	1.000000	0.000000	0.000000
parser.c:1083	0.000000	0.000000	0.000000	0.000000	-0.013699	0.000000	0.000000	-1.000000	17.852300	1.000000	0.000000	0.000000
parser.c:1084	0.000000	0.000000	0.000000	0.000000	-0.013699	0.000000	0.000000	-1.000000	17.852300	1.000000	0.000000	0.000000
parser.c:1085	0.000000	0.000000	0.000000	0.000000	-0.013699	0.000000	0.000000	-1.000000	17.852300	1.000000	0.000000	0.000000
parser.c:1086	0.000000	0.000000	0.000000	0.000000	-0.013699	0.000000	0.000000	-1.000000	17.852300	1.000000	0.000000	0.000000
parser.c:1103	0.947368	0.447214	0.200000	1.000000	0.945205	0.013699	1.000000	68.000000	20.492423	1.000000	1.111111	8.062258
parser.c:1108	0.947368	0.447214	0.200000	1.000000	0.945205	0.013699	1.000000	68.000000	20.492423	1.000000	1.111111	8.062258
parser.c:1110	0.947368	0.447214	0.200000	1.000000	0.945205	0.013699	1.000000	68.000000	20.492423	1.000000	1.111111	8.062258
parser.c:1111	0.947368	0.447214	0.200000	1.000000	0.945205	0.013699	1.000000	68.000000	20.492423	1.000000	1.111111	8.062258
parser.c:1113	0.947368	0.447214	0.200000	1.000000	0.945205	0.013699	1.000000	68.000000	20.492423	1.000000	1.111111	8.062258
parser.c:1114	0.947368	0.447214	0.200000	1.000000	0.945205	0.013699	1.000000	68.000000	20.492423	1.000000	1.111111	8.062258
parser.c:1116	0.947368	0.447214	0.200000	1.000000	0.945205	0.013699	1.000000	68.000000	20.492423	1.000000	1.111111	8.062258
parser.c:1117	0.947368	0.447214	0.200000	1.000000	0.945205	0.013699	1.000000	68.000000	20.492423	1.000000	1.111111	8.062258
parser.c:1121	0.000000	0.000000	0.000000	0.000000	-0.068493	0.000000	0.000000	-1.000000	18.606774	1.495349	0.000000	0.000000
parser.c:1126	0.000000	0.000000	0.000000	0.000000	-0.068493	0.000000	0.000000	-1.000000	18.606774	1.495349	0.000000	0.000000
parser.c:1128	0.000000	0.000000	0.000000	0.000000	-0.068493	0.000000	0.000000	-1.000000	18.606774	1.495349	0.000000	0.000000
parser.c:1129	0.000000	0.000000	0.000000	0.000000	-0.068493	0.000000	0.000000	-1.000000	18.606774	1.495349	0.000000	0.000000
parser.c:1131	0.000000	0.000000	0.000000	0.000000	-0.068493	0.000000	0.000000	-1.000000	18.606774	1.495349	0.000000	0.000000
parser.c:1132	0.000000	0.000000	0.000000	0.000000	-0.068493	0.000000	0.000000	-1.000000	18.606774	1.495349	0.000000	0.000000
parser.c:1134	0.000000	0.000000	0.000000	0.000000	-0.068493	0.000000	0.000000	-1.000000	18.606774	1.495349	0.000000	0.000000
parser.c:1135	0.000000	0.000000	0.000000	0.000000	-0.068493	0.000000	0.000000	-1.000000	18.606774	1.495349	0.000000	0.000000
parser.c:1161	0.000000	0.000000	0.000000	0.000000	-0.205479	0.000000	0.000000	-1.000000	18.972652	1.967990	0.000000	0.000000
parser.c:1168	0.000000	0.000000	0.000000	0.000000	-0.205479	0.000000	0.000000	-1.000000	18.972652	1.967990	0.000000	0.000000
parser.c:1170	0.000000	0.000000	0.000000	0.000000	-0.205479	0.000000	0.000000	-1.000000	18.972652	1.967990	0.000000	0.000000
parser.c:1172	0.000000	0.000000	0.000000	0.000000	-0.205479	0.000000	0.000000	-1.000000	18.972652	1.967990	0.000000	0.000000
parser.c:1174	0.000000	0.000000	0.000000	0.000000	-0.205479	0.000000	0.000000	-1.000000	18.972652	1.967990	0.000000	0.000000
parser.c:1175	0.000000	0.000000	0.000000	0.000000	-0.205479	0.000000	0.000000	-1.000000	18.972652	1.967990	0.000000	0.000000
parser.c:1176	0.000000	0.000000	0.000000	0.000000	-0.205479	0.000000	0.000000	-1.000000	18.972652	1.967990	0.000000	0.000000
parser.c:1177	0.000000	0.000000	0.000000	0.000000	-0.205479	0.000000	0.000000	-1.000000	18.972652	1.967990	0.000000	0.000000
parser.c:1178	0.000000	0.000000	0.000000	0.000000	-0.205479	0.000000	0.000000	-1.000000	18.972652	1.967990	0.000000	0.000000
parser.c:1179	0.000000	0.000000	0.000000	0.000000	-0.205479	0.000000	0.000000	-1.000000	18.972652	1.967990	0.000000	0.000000
parser.c:1183	0.000000	0.000000	0.000000	0.000000	-0.068493	0.000000	0.000000	-1.000000	18.606774	1.495349	0.000000	0.000000
parser.c:1190	0.000000	0.000000	0.000000	0.000000	-0.068493	0.000000	0.000000	-1.000000	18.606774	1.495349	0.000000	0.000000
parser.c:1191	0.000000	0.000000	0.000000	0.000000	-0.068493	0.000000	0.000000	-1.000000	18.606774	1.495349	0.000000	0.000000
parser.c:1192	0.000000	0.000000	0.000000	0.000000	-0.068493	0.000000	0.000000	-1.000000	18.606774	1.495349	0.000000	0.000000
parser.c:1193	0.000000	0.000000	0.000000	0.000000	-0.068493	0.000000	0.000000	-1.000000	18.606774	1.495349	0.000000	0.000000
parser.c:1194	0.000000	0.000000	0.000000	0.000000	-0.068493	0.000000	0.000000	-1.000000	18.606774	1.495349	0.000000	0.000000
parser.c:1195	0.000000	0.000000	0.000000	0.000000	-0.068493	0.000000	0.000000	-1.000000	18.606774	1.495349	0.000000	0.000000
parser.c:1343	0.500000	0.117041	0.013699	1.000000	0.013699	0.013699	1.000000	0.000000	10.485281	2.735924	1.006897	8.426150
parser.c:1350	0.500000	0.117041	0.013699	1.000000	0.013699	0.013699	1.000000	0.000000	10.485281	2.735924	1.006897	8.426150
parser.c:1351	0.500000	0.117041	0.013699	1.000000	0.013699	0.013699	1.000000	0.000000	10.485281	2.735924	1.006897	8.426150
parser.c:1352	0.500000	0.117041	0.013699	1.000000	0.013699	0.013699	1.000000	0.000000	10.485281	2.735924	1.006897	8.426150
parser.c:1353	0.500000	0.117041	0.013699	1.000000	0.013699	0.013699	1.000000	0.000000	10.485281	2.735924	1.006897	8.426150
parser.c:1354	0.500000	0.117041	0.013699	1.000000	0.013699	0.013699	1.000000	0.000000	10.485281	2.735924	1.006897	8.426150
parser.c:1355	0.500000	0.117041	0.013699	1.000000	0.013699	0.013699	1.000000	0.000000	10.485281	2.735924	1.006897	8.426150
parser.c:1359	0.000000	0.000000	0.000000	0.000000	-0.095890	0.000000	0.000000	-1.000000	18.770267	1.626577	0.000000	0.000000
parser.c:1366	0.000000	0.000000	0.000000	0.000000	-0.095890	0.000000	0.000000	-1.000000	18.770267	1.626577	0.000000	0.000000
parser.c:1367	0.000000	0.000000	0.000000	0.000000	-0.095890	0.000000	0.000000	-1.000000	18.770267	1.626577	0.000000	0.000000
parser.c:1368	0.000000	0.000000	0.000000	0.000000	-0.095890	0.000000	0.000000	-1.000000	18.770267	1.626577	0.000000	0.000000
parser.c:1369	0.000000	0.000000	0.000000	0.000000	-0.095890	0.000000	0.000000	-1.000000	18.770267	1.626577	0.000000	0.000000
parser.c:1370	0.000000	0.000000	0.000000	0.000000	-0.095890	0.000000	0.000000	-1.000000	18.770267	1.626577	0.000000	0.000000
parser.c:1371	0.000000	0.000000	0.000000	0.000000	-0.095890	0.000000	0.000000	-1.000000	18.770267	1.626577	0.000000	0.000000
parser.c:1383	0.000000	0.000000	0.000000	0.000000	-0.027397	0.000000	0.000000	-1.000000	18.147414	1.189207	0.000000	0.000000
parser.c:1385	0.000000	0.000000	0.000000	0.000000	-0.027397	0.000000	0.000000	-1.000000	18.147414	1.189207	0.000000	0.000000
parser.c:1389	0.000000	0.000000	0.000000	0.000000	-0.041096	0.000000	0.000000	-1.000000	18.345299	1.316074	0.000000	0.000000
parser.c:1393	0.000000	0.000000	0.000000	0.000000	-0.041096	0.000000	0.000000	-1.000000	18.345299	1.316074	0.000000	0.000000
parser.c:1395	0.000000	0.000000	0.000000	0.000000	-0.041096	0.000000	0.000000	-1.000000	18.345299	1.316074	0.000000	0.000000
parser.c:1396	0.000000	0.000000	0.000000	0.000000	-0.041096	0.000000	0.000000	-1.000000	18.345299	1.316074	0.000000	0.000000
parser.c:1397	0.000000	0.000000	0.000000	0.000000	-0.041096	0.000000	0.000000	-1.000000	18.345299	1.316074	0.000000	0.000000
parser.c:1398	0.000000	0.000000	0.000000	0.000000	-0.041096	0.000000	0.000000	-1.000000	18.345299	1.316074	0.000000	0.000000
parser.c:1399	0.000000	0.000000	0.000000	0.000000	-0.041096	0.000000	0.000000	-1.000000	18.345299	1.316074	0.000000	0.000000
parser.c:1400	0.000000	0.000000	0.000000	0.000000	-0.041096	0.000000	0.000000	-1.000000	18.345299	1.316074	0.000000	0.000000
parser.c:1404	0.000000	0.000000	0.000000	0.000000	-0.054795	0.000000	0.000000	-1.000000	18.492423	1.414214	0.000000	0.000000
parser.c:1408	0.000000	0.000000	0.000000	0.000000	-0.054795	0.000000	0.000000	-1.000000	18.492423	1.414214	0.000000	0.000000
parser.c:1409	0.000000	0.000000	0.000000	0.000000	-0.054795	0.000000	0.000000	-1.000000	18.492423	1.414214	0.000000	0.000000
parser.c:1410	0.000000	0.000000	0.000000	0.000000	-0.054795	0.000000	0.000000	-1.000000	18.492423	1.414214	0.000000	0.000000
parser.c:1411	0.000000	0.000000	0.000000	0.000000	-0.054795	0.000000	0.000000	-1.000000	18.492423	1.414214	0.000000	0.000000
parser.c:1414	0.000000	0.000000	0.000000	0.000000	-0.054795	0.000000	0.000000	-1.000000	18.492423	1.414214	0.000000	0.000000
parser.c:1417	0.000000	0.000000	0.000000	0.000000	-0.054795	0.000000	0.000000	-1.000000	18.492423	1.414214	0.000000	0.000000
parser.c:1420	0.000000	0.000000	0.000000	0.000000	-0.041096	0.000000	0.000000	-1.000000	18.345299	1.316074	0.000000	0.000000
parser.c:1421	0.000000	0.000000	0.000000	0.000000	-0.041096	0.000000	0.000000	-1.000000	18.345299	1.316074	0.000000	0.000000
parser.c:1422	0.000000	0.000000	0.000000	0.000000	-0.041096	0.000000	0.000000	-1.000000	18.345299	1.316074	0.000000	0.000000
parser.c:1423	0.000000	0.000000	0.000000	0.000000	-0.041096	0.000000	0.000000	-1.000000	18.345299	1.316074	0.000000	0.000000
parser.c:1424	0.000000	0.000000	0.000000	0.000000	-0.041096	0.000000	0.000000	-1.000000	18.345299	1.316074	0.000000	0.000000
parser.c:1452	0.000000	0.000000	0.000000	0.000000	-0.013699	0.000000	0.000000	-1.000000	17.852300	1.000000	0.000000	0.000000
parser.c:1453	0.000000	0.000000	0.000000	0.000000	-0.013699	0.000000	0.000000	-1.000000	17.852300	1.000000	0.000000	0.000000
parser.c:1454	0.000000	0.000000	0.000000	0.000000	-0.013699	0.000000	0.000000	-1.000000	17.852300	1.000000	0.000000	0.000000
parser.c:1455	0.000000	0.000000	0.000000	0.000000	-0.013699	0.000000	0.000000	-1.000000	17.852300	1.000000	0.000000	0.000000
parser.c:1456	0.000000	0.000000	0.000000	0.000000	-0.013699	0.000000	0.000000	-1.000000	17.852300	1.000000	0.000000	0.000000
parser.c:1465	0.000000	0.000000	0.000000	0.000000	-0.013699	0.000000	0.000000	-1.000000	17.852300	1.000000	0.000000	0.000000
parser.c:1466	0.000000	0.000000	0.000000	0.000000	-0.013699	0.000000	0.000000	-1.000000	17.852300	1.000000	0.000000	0.000000
parser.c:1469	0.000000	0.000000	0.000000	0.000000	-0.054795	0.000000	0.000000	-1.000000	18.492423	1.414214	0.000000	0.000000
parser.c:1471	0.000000	0.000000	0.000000	0.000000	-0.054795	0.000000	0.000000	-1.000000	18.492423	1.414214	0.000000	0.000000
parser.c:1472	0.000000	0.000000	0.000000	0.000000	-0.054795	0.000000	0.000000	-1.000000	18.492423	1.414214	0.000000	0.000000
parser.c:1475	0.000000	0.000000	0.000000	0.000000	-0.054795	0.000000	0.000000	-1.000000	18.492423	1.414214	0.000000	0.000000
parser.c:1476	0.000000	0.000000	0.000000	0.000000	-0.054795	0.000000	0.000000	-1.000000	18.492423	1.414214	0.000000	0.000000
parser.c:1477	0.000000	0.000000	0.000000	0.000000	-0.054795	0.000000	0.000000	-1.000000	18.492423	1.414214	0.000000	0.000000
parser.c:1479	0.000000	0.000000	0.000000	0.000000	-0.054795	0.000000	0.000000	-1.000000	18.492423	1.414214	0.000000	0.000000
parser.c:1480	0.000000	0.000000	0.000000	0.000000	-0.054795	0.000000	0.000000	-1.000000	18.492423	1.414214	0.000000	0.000000
parser.c:1481	0.000000	0.000000	0.000000	0.000000	-0.054795	0.000000	0.000000	-1.000000	18.492423	1.414214	0.000000	0.000000
parser.c:1483	0.000000	0.000000	0.000000	0.000000	-0.054795	0.000000	0.000000	-1.000000	18.492423	1.414214	0.000000	0.000000
parser.c:1488	0.000000	0.000000	0.000000	0.000000	-0.013699	0.000000	0.000000	-1.000000	17.852300	1.000000	0.000000	0.000000
parser.c:1497	0.000000	0.000000	0.000000	0.000000	-0.013699	0.000000	0.000000	-1.000000	17.852300	1.000000	0.000000	0.000000
parser.c:1498	0.000000	0.000000	0.000000	0.000000	-0.013699	0.000000	0.000000	-1.000000	17.852300	1.000000	0.000000	0.000000
parser.c:1501	0.000000	0.000000	0.000000	0.000000	-0.054795	0.000000	0.000000	-1.000000	18.492423	1.414214	0.000000	0.000000
parser.c:1516	0.000000	0.000000	0.000000	0.000000	-0.054795	0.000000	0.000000	-1.000000	18.492423	1.414214	0.000000	0.000000
parser.c:1517	0.000000	0.000000	0.000000	0.000000	-0.054795	0.000000	0.000000	-1.000000	18.492423	1.414214	0.000000	0.000000
parser.c:1518	0.000000	0.000000	0.000000	0.000000	-0.054795	0.000000	0.000000	-1.000000	18.492423	1.414214	0.000000	0.000000
parser.c:1522	0.000000	0.000000	0.000000	0.000000	-0.671233	0.000000	0.000000	-1.000000	16.591663	2.645751	0.000000	0.000000
parser.c:1529	0.000000	0.000000	0.000000	0.000000	-0.671233	0.000000	0.000000	-1.000000	16.591663	2.645751	0.000000	0.000000
parser.c:1533	0.000000	0.000000	0.000000	0.000000	-0.671233	0.000000	0.000000	-1.000000	16.591663	2.645751	0.000000	0.000000
parser.c:1534	0.000000	0.000000	0.000000	0.000000	-0.671233	0.000000	0.000000	-1.000000	16.591663	2.645751	0.000000	0.000000
parser.c:1535	0.000000	0.000000	0.000000	0.000000	-0.671233	0.000000	0.000000	-1.000000	16.591663	2.645751	0.000000	0.000000
parser.c:1536	0.000000	0.000000	0.000000	0.000000	-0.671233	0.000000	0.000000	-1.000000	16.591663	2.645751	0.000000	0.000000
parser.c:1537	0.000000	0.000000	0.000000	0.000000	-0.671233	0.000000	0.000000	-1.000000	16.591663	2.645751	0.000000	0.000000
parser.c:1538	0.000000	0.000000	0.000000	0.000000	-0.671233	0.000000	0.000000	-1.000000	16.591663	2.645751	0.000000	0.000000
parser.c:1540	0.000000	0.000000	0.000000	0.000000	-0.671233	0.000000	0.000000	-1.000000	16.591663	2.645751	0.000000	0.000000
parser.c:1544	0.000000	0.000000	0.000000	0.000000	-0.013699	0.000000	0.000000	-1.000000	17.852300	1.000000	0.000000	0.000000
parser.c:1551	0.000000	0.000000	0.000000	0.000000	-0.013699	0.000000	0.000000	-1.000000	17.852300	1.000000	0.000000	0.000000
parser.c:1555	0.000000	0.000000	0.000000	0.000000	-0.013699	0.000000	0.000000	-1.000000	17.852300	1.000000	0.000000	0.000000
parser.c:1556	0.000000	0.000000	0.000000	0.000000	-0.013699	0.000000	0.000000	-1.000000	17.852300	1.000000	0.000000	0.000000
parser.c:1557	0.000000	0.000000	0.000000	0.000000	-0.013699	0.000000	0.000000	-1.000000	17.852300	1.000000	0.000000	0.000000
parser.c:1561	0.000000	0.000000	0.000000	0.000000	-0.219178	0.000000	0.000000	-1.000000	18.966630	2.000000	0.000000	0.000000
parser.c:1563	0.000000	0.000000	0.000000	0.000000	-0.219178	0.000000	0.000000	-1.000000	18.966630	2.000000	0.000000	0.000000
parser.c:1565	0.000000	0.000000	0.000000	0.000000	-0.219178	0.000000	0.000000	-1.000000	18.966630	2.000000	0.000000	0.000000
parser.c:1569	0.000000	0.000000	0.000000	0.000000	-0.068493	0.000000	0.000000	-1.000000	18.606774	1.495349	0.000000	0.000000
parser.c:1576	0.000000	0.000000	0.000000	0.000000	-0.068493	0.000000	0.000000	-1.000000	18.606774	1.495349	0.000000	0.000000
parser.c:1577	0.000000	0.000000	0.000000	0.000000	-0.068493	0.000000	0.000000	-1.000000	18.606774	1.495349	0.000000	0.000000
parser.c:1580	0.000000	0.000000	0.000000	0.000000	-0.068493	0.000000	0.000000	-1.000000	18.606774	1.495349	0.000000	0.000000
parser.c:1581	0.000000	0.000000	0.000000	0.000000	-0.068493	0.000000	0.000000	-1.000000	18.606774	1.495349	0.000000	0.000000
parser.c:1582	0.000000	0.000000	0.000000	0.000000	-0.068493	0.000000	0.000000	-1.000000	18.606774	1.495349	0.000000	0.000000
parser.c:1586	0.000000	0.000000	0.000000	0.000000	-0.068493	0.000000	0.000000	-1.000000	18.606774	1.495349	0.000000	0.000000
parser.c:1588	0.000000	0.000000	0.000000	0.000000	-0.068493	0.000000	0.000000	-1.000000	18.606774	1.495349	0.000000	0.000000
parser.c:1591	0.000000	0.000000	0.000000	0.000000	-0.068493	0.000000	0.000000	-1.000000	18.606774	1.495349	0.000000	0.000000
parser.c:1592	0.000000	0.000000	0.000000	0.000000	-0.068493	0.000000	0.000000	-1.000000	18.606774	1.495349	0.000000	0.000000
parser.c:1593	0.000000	0.000000	0.000000	0.000000	-0.068493	0.000000	0.000000	-1.000000	18.606774	1.495349	0.000000	0.000000
parser.c:1594	0.000000	0.000000	0.000000	0.000000	-0.068493	0.000000	0.000000	-1.000000	18.606774	1.495349	0.000000	0.000000
parser.c:1595	0.000000	0.000000	0.000000	0.000000	-0.068493	0.000000	0.000000	-1.000000	18.606774	1.495349	0.000000	0.000000
parser.c:1600	0.000000	0.000000	0.000000	0.000000	-0.013699	0.000000	0.000000	-1.000000	17.852300	1.000000	0.000000	0.000000
parser.c:1602	0.000000	0.000000	0.000000	0.000000	-0.013699	0.000000	0.000000	-1.000000	17.852300	1.000000	0.000000	0.000000
parser.c:1606	0.000000	0.000000	0.000000	0.000000	-0.013699	0.000000	0.000000	-1.000000	17.852300	1.000000	0.000000	0.000000
parser.c:1607	0.000000	0.000000	0.000000	0.000000	-0.013699	0.000000	0.000000	-1.000000	17.852300	1.000000	0.000000	0.000000
parser.c:1609	0.000000	0.000000	0.000000	0.000000	-0.013699	0.000000	0.000000	-1.000000	17.852300	1.000000	0.000000	0.000000
parser.c:1614	0.972973	0.577350	0.333333	1.000000	0.972603	0.013699	1.000000	70.000000	20.147414	0.643594	1.200000	8.306624
parser.c:1616	0.972973	0.577350	0.333333	1.000000	0.972603	0.013699	1.000000	70.000000	20.147414	0.643594	1.200000	8.306624
parser.c:1620	0.960000	0.500000	0.250000	1.000000	0.958904	0.013699	1.000000	69.000000	20.345299	0.855600	1.142857	8.185353
parser.c:1626	0.960000	0.500000	0.250000	1.000000	0.958904	0.013699	1.000000	69.000000	20.345299	0.855600	1.142857	8.185353
parser.c:1628	0.960000	0.500000	0.250000	1.000000	0.958904	0.013699	1.000000	69.000000	20.345299	0.855600	1.142857	8.185353
parser.c:1629	0.960000	0.500000	0.250000	1.000000	0.958904	0.013699	1.000000	69.000000	20.345299	0.855600	1.142857	8.185353
parser.c:1630	0.960000	0.500000	0.250000	1.000000	0.958904	0.013699	1.000000	69.000000	20.345299	0.855600	1.142857	8.185353
parser.c:1632	0.960000	0.500000	0.250000	1.000000	0.958904	0.013699	1.000000	69.000000	20.345299	0.855600	1.142857	8.185353
parser.c:1633	0.960000	0.500000	0.250000	1.000000	0.958904	0.013699	1.000000	69.000000	20.345299	0.855600	1.142857	8.185353
parser.c:1634	0.960000	0.500000	0.250000	1.000000	0.958904	0.013699	1.000000	69.000000	20.345299	0.855600	1.142857	8.185353
parser.c:1635	0.960000	0.500000	0.250000	1.000000	0.958904	0.013699	1.000000	69.000000	20.345299	0.855600	1.142857	8.185353
parser.c:1637	0.960000	0.500000	0.250000	1.000000	0.958904	0.013699	1.000000	69.000000	20.345299	0.855600	1.142857	8.185353
parser.c:1638	0.960000	0.500000	0.250000	1.000000	0.958904	0.013699	1.000000	69.000000	20.345299	0.855600	1.142857	8.185353
parser.c:1639	0.960000	0.500000	0.250000	1.000000	0.958904	0.013699	1.000000	69.000000	20.345299	0.855600	1.142857	8.185353
parser.c:1641	0.960000	0.500000	0.250000	1.000000	0.958904	0.013699	1.000000	69.000000	20.345299	0.855600	1.142857	8.185353
parser.c:1643	0.960000	0.500000	0.250000	1.000000	0.958904	0.013699	1.000000	69.000000	20.345299	0.855600	1.142857	8.185353
parser.c:1645	0.960000	0.500000	0.250000	1.000000	0.958904	0.013699	1.000000	69.000000	20.345299	0.855600	1.142857	8.185353
parser.c:1646	0.960000	0.500000	0.250000	1.000000	0.958904	0.013699	1.000000	69.000000	20.345299	0.855600	1.142857	8.185353
parser.c:1647	0.000000	0.000000	0.000000	0.000000	-0.041096	0.000000	0.000000	-1.000000	18.345299	1.316074	0.000000	0.000000
parser.c:1651	0.000000	0.000000	0.000000	0.000000	-0.041096	0.000000	0.000000	-1.000000	18.345299	1.316074	0.000000	0.000000
parser.c:1656	0.000000	0.000000	0.000000	0.000000	-0.041096	0.000000	0.000000	-1.000000	18.345299	1.316074	0.000000	0.000000
parser.c:1658	0.000000	0.000000	0.000000	0.000000	-0.041096	0.000000	0.000000	-1.000000	18.345299	1.316074	0.000000	0.000000
parser.c:1660	0.000000	0.000000	0.000000	0.000000	-0.041096	0.000000	0.000000	-1.000000	18.345299	1.316074	0.000000	0.000000
parser.c:1662	0.000000	0.000000	0.000000	0.000000	-0.041096	0.000000	0.000000	-1.000000	18.345299	1.316074	0.000000	0.000000
parser.c:1663	0.000000	0.000000	0.000000	0.000000	-0.041096	0.000000	0.000000	-1.000000	18.345299	1.316074	0.000000	0.000000
parser.c:1665	0.000000	0.000000	0.000000	0.000000	-0.041096	0.000000	0.000000	-1.000000	18.345299	1.316074	0.000000	0.000000
parser.c:1673	0.000000	0.000000	0.000000	0.000000	-0.027397	0.000000	0.000000	-1.000000	18.147414	1.189207	0.000000	0.000000
parser.c:1674	0.000000	0.000000	0.000000	0.000000	-0.027397	0.000000	0.000000	-1.000000	18.147414	1.189207	0.000000	0.000000
parser.c:1675	0.000000	0.000000	0.000000	0.000000	-0.027397	0.000000	0.000000	-1.000000	18.147414	1.189207	0.000000	0.000000
parser.c:1707	0.000000	0.000000	0.000000	0.000000	-0.013699	0.000000	0.000000	-1.000000	17.852300	1.000000	0.000000	0.000000
parser.c:1712	0.000000	0.000000	0.000000	0.000000	-0.041096	0.000000	0.000000	-1.000000	18.345299	1.316074	0.000000	0.000000
parser.c:1714	0.000000	0.000000	0.000000	0.000000	-0.041096	0.000000	0.000000	-1.000000	18.345299	1.316074	0.000000	0.000000
parser.c:1715	0.000000	0.000000	0.000000	0.000000	-0.041096	0.000000	0.000000	-1.000000	18.345299	1.316074	0.000000	0.000000
parser.c:1716	0.000000	0.000000	0.000000	0.000000	-0.041096	0.000000	0.000000	-1.000000	18.345299	1.316074	0.000000	0.000000
parser.c:1717	0.000000	0.000000	0.000000	0.000000	-0.041096	0.000000	0.000000	-1.000000	18.345299	1.316074	0.000000	0.000000
parser.c:1718	0.000000	0.000000	0.000000	0.000000	-0.041096	0.000000	0.000000	-1.000000	18.345299	1.316074	0.000000	0.000000
parser.c:1719	0.000000	0.000000	0.000000	0.000000	-0.041096	0.000000	0.000000	-1.000000	18.345299	1.316074	0.000000	0.000000
parser.c:1721	0.000000	0.000000	0.000000	0.000000	-0.041096	0.000000	0.000000	-1.000000	18.345299	1.316074	0.000000	0.000000
parser.c:1722	0.000000	0.000000	0.000000	0.000000	-0.013699	0.000000	0.000000	-1.000000	17.852300	1.000000	0.000000	0.000000
parser.c:1723	0.000000	0.000000	0.000000	0.000000	-0.041096	0.000000	0.000000	-1.000000	18.345299	1.316074	0.000000	0.000000
parser.c:1724	0.000000	0.000000	0.000000	0.000000	-0.013699	0.000000	0.000000	-1.000000	17.852300	1.000000	0.000000	0.000000
parser.c:1726	0.000000	0.000000	0.000000	0.000000	-0.041096	0.000000	0.000000	-1.000000	18.345299	1.316074	0.000000	0.000000
parser.c:1728	0.000000	0.000000	0.000000	0.000000	-0.041096	0.000000	0.000000	-1.000000	18.345299	1.316074	0.000000	0.000000
parser.c:1729	0.000000	0.000000	0.000000	0.000000	-0.041096	0.000000	0.000000	-1.000000	18.345299	1.316074	0.000000	0.000000
parser.c:1734	0.000000	0.000000	0.000000	0.000000	-0.054795	0.000000	0.000000	-1.000000	18.492423	1.414214	0.000000	0.000000
parser.c:1739	0.000000	0.000000	0.000000	0.000000	-0.054795	0.000000	0.000000	-1.000000	18.492423	1.414214	0.000000	0.000000
parser.c:1741	0.000000	0.000000	0.000000	0.000000	-0.054795	0.000000	0.000000	-1.000000	18.492423	1.414214	0.000000	0.000000
parser.c:1744	0.000000	0.000000	0.000000	0.000000	-0.054795	0.000000	0.000000	-1.000000	18.492423	1.414214	0.000000	0.000000
parser.c:1745	0.000000	0.000000	0.000000	0.000000	-0.054795	0.000000	0.000000	-1.000000	18.492423	1.414214	0.000000	0.000000
parser.c:1746	0.000000	0.000000	0.000000	0.000000	-0.054795	0.000000	0.000000	-1.000000	18.492423	1.414214	0.000000	0.000000
parser.c:1747	0.000000	0.000000	0.000000	0.000000	-0.054795	0.000000	0.000000	-1.000000	18.492423	1.414214	0.000000	0.000000
parser.c:1748	0.000000	0.000000	0.000000	0.000000	-0.054795	0.000000	0.000000	-1.000000	18.492423	1.414214	0.000000	0.000000
parser.c:1749	0.000000	0.000000	0.000000	0.000000	-0.054795	0.000000	0.000000	-1.000000	18.492423	1.414214	0.000000	0.000000
parser.c:1750	0.000000	0.000000	0.000000	0.000000	-0.054795	0.000000	0.000000	-1.000000	18.492423	1.414214	0.000000	0.000000
parser.c:1751	0.000000	0.000000	0.000000	0.000000	-0.054795	0.000000	0.000000	-1.000000	18.492423	1.414214	0.000000	0.000000
parser.c:1792	0.818182	0.242536	0.058824	1.000000	0.780822	0.013699	1.000000	56.000000	20.966630	1.732051	1.030303	6.403124
parser.c:1799	0.818182	0.242536	0.058824	1.000000	0.780822	0.013699	1.000000	56.000000	20.966630	1.732051	1.030303	6.403124
parser.c:1800	0.818182	0.242536	0.058824	1.000000	0.780822	0.013699	1.000000	56.000000	20.966630	1.732051	1.030303	6.403124
parser.c:1801	0.818182	0.242536	0.058824	1.000000	0.780822	0.013699	1.000000	56.000000	20.966630	1.732051	1.030303	6.403124
parser.c:1802	0.818182	0.242536	0.058824	1.000000	0.780822	0.013699	1.000000	56.000000	20.966630	1.732051	1.030303	6.403124
parser.c:1806	0.818182	0.242536	0.058824	1.000000	0.780822	0.013699	1.000000	56.000000	20.966630	1.732051	1.030303	6.403124
parser.c:1809	0.818182	0.242536	0.058824	1.000000	0.780822	0.013699	1.000000	56.000000	20.966630	1.732051	1.030303	6.403124
parser.c:1829	0.000000	0.000000	0.000000	0.000000	-0.136986	0.000000	0.000000	-1.000000	18.910293	1.778279	0.000000	0.000000
parser.c:1831	0.000000	0.000000	0.000000	0.000000	-0.136986	0.000000	0.000000	-1.000000	18.910293	1.778279	0.000000	0.000000
parser.c:1893	0.000000	0.000000	0.000000	0.000000	-0.986301	0.000000	0.000000	-1.000000	8.485281	2.912951	0.000000	0.000000
parser.c:1896	0.000000	0.000000	0.000000	0.000000	-0.986301	0.000000	0.000000	-1.000000	8.485281	2.912951	0.000000	0.000000
parser.c:1902	0.000000	0.000000	0.000000	0.000000	-0.986301	0.000000	0.000000	-1.000000	8.485281	2.912951	0.000000	0.000000
parser.c:1903	0.000000	0.000000	0.000000	0.000000	-0.986301	0.000000	0.000000	-1.000000	8.485281	2.912951	0.000000	0.000000
parser.c:1904	0.000000	0.000000	0.000000	0.000000	-0.986301	0.000000	0.000000	-1.000000	8.485281	2.912951	0.000000	0.000000
parser.c:1919	0.000000	0.000000	0.000000	0.000000	-0.986301	0.000000	0.000000	-1.000000	8.485281	2.912951	0.000000	0.000000
parser.c:1920	0.000000	0.000000	0.000000	0.000000	-0.986301	0.000000	0.000000	-1.000000	8.485281	2.912951	0.000000	0.000000
parser.c:1923	0.000000	0.000000	0.000000	0.000000	-0.986301	0.000000	0.000000	-1.000000	8.485281	2.912951	0.000000	0.000000
parser.c:1924	0.000000	0.000000	0.000000	0.000000	-0.986301	0.000000	0.000000	-1.000000	8.485281	2.912951	0.000000	0.000000
parser.c:1925	0.000000	0.000000	0.000000	0.000000	-0.986301	0.000000	0.000000	-1.000000	8.485281	2.912951	0.000000	0.000000
parser.c:1928	0.000000	0.000000	0.000000	0.000000	-0.986301	0.000000	0.000000	-1.000000	8.485281	2.912951	0.000000	0.000000
parser.c:1929	0.000000	0.000000	0.000000	0.000000	-0.986301	0.000000	0.000000	-1.000000	8.485281	2.912951	0.000000	0.000000
parser.c:1932	0.000000	0.000000	0.000000	0.000000	-0.986301	0.000000	0.000000	-1.000000	8.485281	2.912951	0.000000	0.000000
parser.c:1934	0.000000	0.000000	0.000000	0.000000	-0.986301	0.000000	0.000000	-1.000000	8.485281	2.912951	0.000000	0.000000
parser.c:1935	0.000000	0.000000	0.000000	0.000000	-0.986301	0.000000	0.000000	-1.000000	8.485281	2.912951	0.000000	0.000000
parser.c:1938	0.000000	0.000000	0.000000	0.000000	-0.986301	0.000000	0.000000	-1.000000	8.485281	2.912951	0.000000	0.000000
parser.c:1939	0.000000	0.000000	0.000000	0.000000	-0.986301	0.000000	0.000000	-1.000000	8.485281	2.912951	0.000000	0.000000
parser.c:1941	0.000000	0.000000	0.000000	0.000000	-0.986301	0.000000	0.000000	-1.000000	8.485281	2.912951	0.000000	0.000000
parser.c:1947	0.000000	0.000000	0.000000	0.000000	-0.986301	0.000000	0.000000	-1.000000	8.485281	2.912951	0.000000	0.000000
parser.c:1949	0.000000	0.000000	0.000000	0.000000	-0.986301	0.000000	0.000000	-1.000000	8.485281	2.912951	0.000000	0.000000
parser.c:1993	0.000000	0.000000	0.000000	0.000000	-0.027397	0.000000	0.000000	-1.000000	18.147414	1.189207	0.000000	0.000000
parser.c:1997	0.000000	0.000000	0.000000	0.000000	-0.027397	0.000000	0.000000	-1.000000	18.147414	1.189207	0.000000	0.000000
parser.c:2001	0.000000	0.000000	0.000000	0.000000	-0.164384	0.000000	0.000000	-1.000000	18.956035	1.861210	0.000000	0.000000
parser.c:2005	0.000000	0.000000	0.000000	0.000000	-0.164384	0.000000	0.000000	-1.000000	18.956035	1.861210	0.000000	0.000000
parser.c:2007	0.000000	0.000000	0.000000	0.000000	-0.164384	0.000000	0.000000	-1.000000	18.956035	1.861210	0.000000	0.000000
parser.c:2008	0.000000	0.000000	0.000000	0.000000	-0.164384	0.000000	0.000000	-1.000000	18.956035	1.861210	0.000000	0.000000
parser.c:2010	0.000000	0.000000	0.000000	0.000000	-0.164384	0.000000	0.000000	-1.000000	18.956035	1.861210	0.000000	0.000000
parser.c:2021	0.000000	0.000000	0.000000	0.000000	-0.054795	0.000000	0.000000	-1.000000	18.492423	1.414214	0.000000	0.000000
parser.c:2022	0.000000	0.000000	0.000000	0.000000	-0.054795	0.000000	0.000000	-1.000000	18.492423	1.414214	0.000000	0.000000
parser.c:2023	0.000000	0.000000	0.000000	0.000000	-0.054795	0.000000	0.000000	-1.000000	18.492423	1.414214	0.000000	0.000000
parser.c:2025	0.000000	0.000000	0.000000	0.000000	-0.095890	0.000000	0.000000	-1.000000	18.770267	1.626577	0.000000	0.000000
parser.c:2026	0.000000	0.000000	0.000000	0.000000	-0.095890	0.000000	0.000000	-1.000000	18.770267	1.626577	0.000000	0.000000
parser.c:2027	0.000000	0.000000	0.000000	0.000000	-0.095890	0.000000	0.000000	-1.000000	18.770267	1.626577	0.000000	0.000000
parser.c:2030	0.000000	0.000000	0.000000	0.000000	-0.013699	0.000000	0.000000	-1.000000	17.852300	1.000000	0.000000	0.000000
parser.c:2031	0.000000	0.000000	0.000000	0.000000	-0.013699	0.000000	0.000000	-1.000000	17.852300	1.000000	0.000000	0.000000
parser.c:2032	0.000000	0.000000	0.000000	0.000000	-0.013699	0.000000	0.000000	-1.000000	17.852300	1.000000	0.000000	0.000000
parser.c:2055	0.000000	0.000000	0.000000	0.000000	-0.164384	0.000000	0.000000	-1.000000	18.956035	1.861210	0.000000	0.000000
parser.c:2056	0.000000	0.000000	0.000000	0.000000	-0.164384	0.000000	0.000000	-1.000000	18.956035	1.861210	0.000000	0.000000
parser.c:2062	0.000000	0.000000	0.000000	0.000000	-0.164384	0.000000	0.000000	-1.000000	18.956035	1.861210	0.000000	0.000000
parser.c:2064	0.000000	0.000000	0.000000	0.000000	-0.027397	0.000000	0.000000	-1.000000	18.147414	1.189207	0.000000	0.000000
parser.c:2065	0.000000	0.000000	0.000000	0.000000	-0.027397	0.000000	0.000000	-1.000000	18.147414	1.189207	0.000000	0.000000
parser.c:2069	0.000000	0.000000	0.000000	0.000000	-0.136986	0.000000	0.000000	-1.000000	18.910293	1.778279	0.000000	0.000000
parser.c:2070	0.000000	0.000000	0.000000	0.000000	-0.136986	0.000000	0.000000	-1.000000	18.910293	1.778279	0.000000	0.000000
parser.c:2072	0.000000	0.000000	0.000000	0.000000	-0.164384	0.000000	0.000000	-1.000000	18.956035	1.861210	0.000000	0.000000
parser.c:2073	0.000000	0.000000	0.000000	0.000000	-0.164384	0.000000	0.000000	-1.000000	18.956035	1.861210	0.000000	0.000000
parser.c:2074	0.000000	0.000000	0.000000	0.000000	-0.164384	0.000000	0.000000	-1.000000	18.956035	1.861210	0.000000	0.000000
parser.c:2081	0.000000	0.000000	0.000000	0.000000	-0.890411	0.000000	0.000000	-1.000000	13.353760	2.839412	0.000000	0.000000
parser.c:2083	0.000000	0.000000	0.000000	0.000000	-0.890411	0.000000	0.000000	-1.000000	13.353760	2.839412	0.000000	0.000000
parser.c:2084	0.000000	0.000000	0.000000	0.000000	-0.890411	0.000000	0.000000	-1.000000	13.353760	2.839412	0.000000	0.000000
parser.c:2090	0.000000	0.000000	0.000000	0.000000	-0.890411	0.000000	0.000000	-1.000000	13.353760	2.839412	0.000000	0.000000
parser.c:2100	0.000000	0.000000	0.000000	0.000000	-0.219178	0.000000	0.000000	-1.000000	18.966630	2.000000	0.000000	0.000000
parser.c:2108	0.000000	0.000000	0.000000	0.000000	-0.219178	0.000000	0.000000	-1.000000	18.966630	2.000000	0.000000	0.000000
parser.c:2110	0.000000	0.000000	0.000000	0.000000	-0.219178	0.000000	0.000000	-1.000000	18.966630	2.000000	0.000000	0.000000
parser.c:2111	0.000000	0.000000	0.000000	0.000000	-0.219178	0.000000	0.000000	-1.000000	18.966630	2.000000	0.000000	0.000000
parser.c:2112	0.000000	0.000000	0.000000	0.000000	-0.219178	0.000000	0.000000	-1.000000	18.966630	2.000000	0.000000	0.000000
parser.c:2113	0.000000	0.000000	0.000000	0.000000	-0.219178	0.000000	0.000000	-1.000000	18.966630	2.000000	0.000000	0.000000
parser.c:2114	0.000000	0.000000	0.000000	0.000000	-0.219178	0.000000	0.000000	-1.000000	18.966630	2.000000	0.000000	0.000000
parser.c:2115	0.000000	0.000000	0.000000	0.000000	-0.219178	0.000000	0.000000	-1.000000	18.966630	2.000000	0.000000	0.000000
parser.c:2116	0.000000	0.000000	0.000000	0.000000	-0.219178	0.000000	0.000000	-1.000000	18.966630	2.000000	0.000000	0.000000
parser.c:2118	0.000000	0.000000	0.000000	0.000000	-0.219178	0.000000	0.000000	-1.000000	18.966630	2.000000	0.000000	0.000000
parser.c:2119	0.000000	0.000000	0.000000	0.000000	-0.219178	0.000000	0.000000	-1.000000	18.966630	2.000000	0.000000	0.000000
parser.c:2121	0.000000	0.000000	0.000000	0.000000	-0.219178	0.000000	0.000000	-1.000000	18.966630	2.000000	0.000000	0.000000
parser.c:2123	0.000000	0.000000	0.000000	0.000000	-0.219178	0.000000	0.000000	-1.000000	18.966630	2.000000	0.000000	0.000000
parser.c:2182	0.000000	0.000000	0.000000	0.000000	-0.219178	0.000000	0.000000	-1.000000	18.966630	2.000000	0.000000	0.000000
parser.c:2184	0.000000	0.000000	0.000000	0.000000	-0.164384	0.000000	0.000000	-1.000000	18.956035	1.861210	0.000000	0.000000
parser.c:2187	0.000000	0.000000	0.000000	0.000000	-0.013699	0.000000	0.000000	-1.000000	17.852300	1.000000	0.000000	0.000000
parser.c:2189	0.000000	0.000000	0.000000	0.000000	-0.150685	0.000000	0.000000	-1.000000	18.937124	1.821160	0.000000	0.000000
parser.c:2198	0.000000	0.000000	0.000000	0.000000	-0.150685	0.000000	0.000000	-1.000000	18.937124	1.821160	0.000000	0.000000
parser.c:2200	0.000000	0.000000	0.000000	0.000000	-0.150685	0.000000	0.000000	-1.000000	18.937124	1.821160	0.000000	0.000000
parser.c:2202	0.000000	0.000000	0.000000	0.000000	-0.150685	0.000000	0.000000	-1.000000	18.937124	1.821160	0.000000	0.000000
parser.c:2205	0.000000	0.000000	0.000000	0.000000	-0.150685	0.000000	0.000000	-1.000000	18.937124	1.821160	0.000000	0.000000
parser.c:2207	0.000000	0.000000	0.000000	0.000000	-0.150685	0.000000	0.000000	-1.000000	18.937124	1.821160	0.000000	0.000000
parser.c:2208	0.000000	0.000000	0.000000	0.000000	-0.150685	0.000000	0.000000	-1.000000	18.937124	1.821160	0.000000	0.000000
parser.c:2209	0.000000	0.000000	0.000000	0.000000	-0.150685	0.000000	0.000000	-1.000000	18.937124	1.821160	0.000000	0.000000
parser.c:2210	0.000000	0.000000	0.000000	0.000000	-0.150685	0.000000	0.000000	-1.000000	18.937124	1.821160	0.000000	0.000000
parser.c:2234	0.000000	0.000000	0.000000	0.000000	-0.205479	0.000000	0.000000	-1.000000	18.972652	1.967990	0.000000	0.000000
parser.c:2235	0.000000	0.000000	0.000000	0.000000	-0.191781	0.000000	0.000000	-1.000000	18.973204	1.934336	0.000000	0.000000
parser.c:2237	0.000000	0.000000	0.000000	0.000000	-0.205479	0.000000	0.000000	-1.000000	18.972652	1.967990	0.000000	0.000000
parser.c:2245	0.000000	0.000000	0.000000	0.000000	-0.205479	0.000000	0.000000	-1.000000	18.972652	1.967990	0.000000	0.000000
parser.c:2248	0.000000	0.000000	0.000000	0.000000	-0.205479	0.000000	0.000000	-1.000000	18.972652	1.967990	0.000000	0.000000
parser.c:2251	0.000000	0.000000	0.000000	0.000000	-0.205479	0.000000	0.000000	-1.000000	18.972652	1.967990	0.000000	0.000000
parser.c:2253	0.000000	0.000000	0.000000	0.000000	-0.205479	0.000000	0.000000	-1.000000	18.972652	1.967990	0.000000	0.000000
parser.c:2254	0.000000	0.000000	0.000000	0.000000	-0.205479	0.000000	0.000000	-1.000000	18.972652	1.967990	0.000000	0.000000
parser.c:2255	0.000000	0.000000	0.000000	0.000000	-0.205479	0.000000	0.000000	-1.000000	18.972652	1.967990	0.000000	0.000000
parser.c:2257	0.000000	0.000000	0.000000	0.000000	-0.205479	0.000000	0.000000	-1.000000	18.972652	1.967990	0.000000	0.000000
parser.c:2258	0.000000	0.000000	0.000000	0.000000	-0.205479	0.000000	0.000000	-1.000000	18.972652	1.967990	0.000000	0.000000
parser.c:2259	0.000000	0.000000	0.000000	0.000000	-0.205479	0.000000	0.000000	-1.000000	18.972652	1.967990	0.000000	0.000000
parser.c:2261	0.000000	0.000000	0.000000	0.000000	-0.205479	0.000000	0.000000	-1.000000	18.972652	1.967990	0.000000	0.000000
parser.c:2265	0.000000	0.000000	0.000000	0.000000	-0.191781	0.000000	0.000000	-1.000000	18.973204	1.934336	0.000000	0.000000
parser.c:2268	0.000000	0.000000	0.000000	0.000000	-0.013699	0.000000	0.000000	-1.000000	17.852300	1.000000	0.000000	0.000000
parser.c:2269	0.000000	0.000000	0.000000	0.000000	-0.013699	0.000000	0.000000	-1.000000	17.852300	1.000000	0.000000	0.000000
parser.c:2270	0.000000	0.000000	0.000000	0.000000	-0.013699	0.000000	0.000000	-1.000000	17.852300	1.000000	0.000000	0.000000
parser.c:2271	0.000000	0.000000	0.000000	0.000000	-0.013699	0.000000	0.000000	-1.000000	17.852300	1.000000	0.000000	0.000000
parser.c:2274	0.000000	0.000000	0.000000	0.000000	-0.082192	0.000000	0.000000	-1.000000	18.697567	1.565085	0.000000	0.000000
parser.c:2275	0.000000	0.000000	0.000000	0.000000	-0.082192	0.000000	0.000000	-1.000000	18.697567	1.565085	0.000000	0.000000
parser.c:2276	0.000000	0.000000	0.000000	0.000000	-0.082192	0.000000	0.000000	-1.000000	18.697567	1.565085	0.000000	0.000000
parser.c:2277	0.000000	0.000000	0.000000	0.000000	-0.082192	0.000000	0.000000	-1.000000	18.697567	1.565085	0.000000	0.000000
parser.c:2291	0.000000	0.000000	0.000000	0.000000	-0.013699	0.000000	0.000000	-1.000000	17.852300	1.000000	0.000000	0.000000
parser.c:2292	0.000000	0.000000	0.000000	0.000000	-0.013699	0.000000	0.000000	-1.000000	17.852300	1.000000	0.000000	0.000000
parser.c:2293	0.000000	0.000000	0.000000	0.000000	-0.013699	0.000000	0.000000	-1.000000	17.852300	1.000000	0.000000	0.000000
parser.c:2294	0.000000	0.000000	0.000000	0.000000	-0.013699	0.000000	0.000000	-1.000000	17.852300	1.000000	0.000000	0.000000
parser.c:2297	0.000000	0.000000	0.000000	0.000000	-0.027397	0.000000	0.000000	-1.000000	18.147414	1.189207	0.000000	0.000000
parser.c:2298	0.000000	0.000000	0.000000	0.000000	-0.027397	0.000000	0.000000	-1.000000	18.147414	1.189207	0.000000	0.000000
parser.c:2299	0.000000	0.000000	0.000000	0.000000	-0.027397	0.000000	0.000000	-1.000000	18.147414	1.189207	0.000000	0.000000
parser.c:2300	0.000000	0.000000	0.000000	0.000000	-0.027397	0.000000	0.000000	-1.000000	18.147414	1.189207	0.000000	0.000000
parser.c:2307	0.000000	0.000000	0.000000	0.000000	-0.150685	0.000000	0.000000	-1.000000	18.937124	1.821160	0.000000	0.000000
parser.c:2308	0.000000	0.000000	0.000000	0.000000	-0.150685	0.000000	0.000000	-1.000000	18.937124	1.821160	0.000000	0.000000
parser.c:2319	0.000000	0.000000	0.000000	0.000000	-0.013699	0.000000	0.000000	-1.000000	17.852300	1.000000	0.000000	0.000000
parser.c:2320	0.000000	0.000000	0.000000	0.000000	-0.013699	0.000000	0.000000	-1.000000	17.852300	1.000000	0.000000	0.000000
parser.c:2321	0.000000	0.000000	0.000000	0.000000	-0.013699	0.000000	0.000000	-1.000000	17.852300	1.000000	0.000000	0.000000
parser.c:2322	0.000000	0.000000	0.000000	0.000000	-0.013699	0.000000	0.000000	-1.000000	17.852300	1.000000	0.000000	0.000000
parser.c:2327	0.000000	0.000000	0.000000	0.000000	-0.068493	0.000000	0.000000	-1.000000	18.606774	1.495349	0.000000	0.000000
parser.c:2328	0.000000	0.000000	0.000000	0.000000	-0.068493	0.000000	0.000000	-1.000000	18.606774	1.495349	0.000000	0.000000
parser.c:2331	0.000000	0.000000	0.000000	0.000000	-0.013699	0.000000	0.000000	-1.000000	17.852300	1.000000	0.000000	0.000000
parser.c:2332	0.000000	0.000000	0.000000	0.000000	-0.013699	0.000000	0.000000	-1.000000	17.852300	1.000000	0.000000	0.000000
parser.c:2333	0.000000	0.000000	0.000000	0.000000	-0.013699	0.000000	0.000000	-1.000000	17.852300	1.000000	0.000000	0.000000
parser.c:2334	0.000000	0.000000	0.000000	0.000000	-0.013699	0.000000	0.000000	-1.000000	17.852300	1.000000	0.000000	0.000000
parser.c:2336	0.000000	0.000000	0.000000	0.000000	-0.205479	0.000000	0.000000	-1.000000	18.972652	1.967990	0.000000	0.000000
parser.c:2338	0.000000	0.000000	0.000000	0.000000	-0.205479	0.000000	0.000000	-1.000000	18.972652	1.967990	0.000000	0.000000
parser.c:2339	0.000000	0.000000	0.000000	0.000000	-0.095890	0.000000	0.000000	-1.000000	18.770267	1.626577	0.000000	0.000000
parser.c:2340	0.000000	0.000000	0.000000	0.000000	-0.205479	0.000000	0.000000	-1.000000	18.972652	1.967990	0.000000	0.000000
parser.c:2344	0.000000	0.000000	0.000000	0.000000	-0.041096	0.000000	0.000000	-1.000000	18.345299	1.316074	0.000000	0.000000
parser.c:2346	0.000000	0.000000	0.000000	0.000000	-0.041096	0.000000	0.000000	-1.000000	18.345299	1.316074	0.000000	0.000000
parser.c:2348	0.000000	0.000000	0.000000	0.000000	-0.041096	0.000000	0.000000	-1.000000	18.345299	1.316074	0.000000	0.000000
parser.c:2349	0.000000	0.000000	0.000000	0.000000	-0.041096	0.000000	0.000000	-1.000000	18.345299	1.316074	0.000000	0.000000
parser.c:2351	0.000000	0.000000	0.000000	0.000000	-0.041096	0.000000	0.000000	-1.000000	18.345299	1.316074	0.000000	0.000000
parser.c:2357	0.000000	0.000000	0.000000	0.000000	-0.041096	0.000000	0.000000	-1.000000	18.345299	1.316074	0.000000	0.000000
parser.c:2364	0.000000	0.000000	0.000000	0.000000	-0.136986	0.000000	0.000000	-1.000000	18.910293	1.778279	0.000000	0.000000
parser.c:2374	0.000000	0.000000	0.000000	0.000000	-0.136986	0.000000	0.000000	-1.000000	18.910293	1.778279	0.000000	0.000000
parser.c:2380	0.000000	0.000000	0.000000	0.000000	-0.136986	0.000000	0.000000	-1.000000	18.910293	1.778279	0.000000	0.000000
parser.c:2383	0.000000	0.000000	0.000000	0.000000	-0.136986	0.000000	0.000000	-1.000000	18.910293	1.778279	0.000000	0.000000
parser.c:2384	0.000000	0.000000	0.000000	0.000000	-0.136986	0.000000	0.000000	-1.000000	18.910293	1.778279	0.000000	0.000000
parser.c:2385	0.000000	0.000000	0.000000	0.000000	-0.136986	0.000000	0.000000	-1.000000	18.910293	1.778279	0.000000	0.000000
parser.c:2387	0.000000	0.000000	0.000000	0.000000	-0.136986	0.000000	0.000000	-1.000000	18.910293	1.778279	0.000000	0.000000
parser.c:2389	0.000000	0.000000	0.000000	0.000000	-0.136986	0.000000	0.000000	-1.000000	18.910293	1.778279	0.000000	0.000000
parser.c:2391	0.000000	0.000000	0.000000	0.000000	-0.136986	0.000000	0.000000	-1.000000	18.910293	1.778279	0.000000	0.000000
parser.c:2392	0.000000	0.000000	0.000000	0.000000	-0.136986	0.000000	0.000000	-1.000000	18.910293	1.778279	0.000000	0.000000
parser.c:2405	0.000000	0.000000	0.000000	0.000000	-0.136986	0.000000	0.000000	-1.000000	18.910293	1.778279	0.000000	0.000000
parser.c:2407	0.000000	0.000000	0.000000	0.000000	-0.041096	0.000000	0.000000	-1.000000	18.345299	1.316074	0.000000	0.000000
parser.c:2408	0.000000	0.000000	0.000000	0.000000	-0.041096	0.000000	0.000000	-1.000000	18.345299	1.316074	0.000000	0.000000
parser.c:2409	0.000000	0.000000	0.000000	0.000000	-0.041096	0.000000	0.000000	-1.000000	18.345299	1.316074	0.000000	0.000000
parser.c:2413	0.000000	0.000000	0.000000	0.000000	-0.095890	0.000000	0.000000	-1.000000	18.770267	1.626577	0.000000	0.000000
parser.c:2416	0.000000	0.000000	0.000000	0.000000	-0.136986	0.000000	0.000000	-1.000000	18.910293	1.778279	0.000000	0.000000
parser.c:2421	0.000000	0.000000	0.000000	0.000000	-0.136986	0.000000	0.000000	-1.000000	18.910293	1.778279	0.000000	0.000000
parser.c:2422	0.000000	0.000000	0.000000	0.000000	-0.136986	0.000000	0.000000	-1.000000	18.910293	1.778279	0.000000	0.000000
parser.c:2423	0.000000	0.000000	0.000000	0.000000	-0.136986	0.000000	0.000000	-1.000000	18.910293	1.778279	0.000000	0.000000
parser.c:2424	0.000000	0.000000	0.000000	0.000000	-0.136986	0.000000	0.000000	-1.000000	18.910293	1.778279	0.000000	0.000000
parser.c:2425	0.000000	0.000000	0.000000	0.000000	-0.136986	0.000000	0.000000	-1.000000	18.910293	1.778279	0.000000	0.000000
parser.c:2428	0.000000	0.000000	0.000000	0.000000	-0.136986	0.000000	0.000000	-1.000000	18.910293	1.778279	0.000000	0.000000
parser.c:2429	0.000000	0.000000	0.000000	0.000000	-0.136986	0.000000	0.000000	-1.000000	18.910293	1.778279	0.000000	0.000000
parser.c:2430	0.000000	0.000000	0.000000	0.000000	-0.054795	0.000000	0.000000	-1.000000	18.492423	1.414214	0.000000	0.000000
parser.c:2432	0.000000	0.000000	0.000000	0.000000	-0.054795	0.000000	0.000000	-1.000000	18.492423	1.414214	0.000000	0.000000
parser.c:2433	0.000000	0.000000	0.000000	0.000000	-0.054795	0.000000	0.000000	-1.000000	18.492423	1.414214	0.000000	0.000000
parser.c:2436	0.000000	0.000000	0.000000	0.000000	-0.136986	0.000000	0.000000	-1.000000	18.910293	1.778279	0.000000	0.000000
parser.c:2437	0.000000	0.000000	0.000000	0.000000	-0.136986	0.000000	0.000000	-1.000000	18.910293	1.778279	0.000000	0.000000
parser.c:2439	0.000000	0.000000	0.000000	0.000000	-0.109589	0.000000	0.000000	-1.000000	18.828427	1.681793	0.000000	0.000000
parser.c:2440	0.000000	0.000000	0.000000	0.000000	-0.109589	0.000000	0.000000	-1.000000	18.828427	1.681793	0.000000	0.000000
parser.c:2442	0.000000	0.000000	0.000000	0.000000	-0.109589	0.000000	0.000000	-1.000000	18.828427	1.681793	0.000000	0.000000
parser.c:2459	0.000000	0.000000	0.000000	0.000000	-0.136986	0.000000	0.000000	-1.000000	18.910293	1.778279	0.000000	0.000000
parser.c:2466	0.000000	0.000000	0.000000	0.000000	-0.136986	0.000000	0.000000	-1.000000	18.910293	1.778279	0.000000	0.000000
parser.c:2484	0.000000	0.000000	0.000000	0.000000	-0.136986	0.000000	0.000000	-1.000000	18.910293	1.778279	0.000000	0.000000
parser.c:2485	0.000000	0.000000	0.000000	0.000000	-0.136986	0.000000	0.000000	-1.000000	18.910293	1.778279	0.000000	0.000000
parser.c:2493	0.000000	0.000000	0.000000	0.000000	-0.136986	0.000000	0.000000	-1.000000	18.910293	1.778279	0.000000	0.000000
parser.c:2495	0.000000	0.000000	0.000000	0.000000	-0.136986	0.000000	0.000000	-1.000000	18.910293	1.778279	0.000000	0.000000
parser.c:2498	0.000000	0.000000	0.000000	0.000000	-0.136986	0.000000	0.000000	-1.000000	18.910293	1.778279	0.000000	0.000000
parser.c:2500	0.000000	0.000000	0.000000	0.000000	-0.136986	0.000000	0.000000	-1.000000	18.910293	1.778279	0.000000	0.000000
parser.c:2505	0.000000	0.000000	0.000000	0.000000	-0.054795	0.000000	0.000000	-1.000000	18.492423	1.414214	0.000000	0.000000
parser.c:2506	0.000000	0.000000	0.000000	0.000000	-0.054795	0.000000	0.000000	-1.000000	18.492423	1.414214	0.000000	0.000000
parser.c:2507	0.000000	0.000000	0.000000	0.000000	-0.054795	0.000000	0.000000	-1.000000	18.492423	1.414214	0.000000	0.000000
parser.c:2508	0.000000	0.000000	0.000000	0.000000	-0.054795	0.000000	0.000000	-1.000000	18.492423	1.414214	0.000000	0.000000
parser.c:2509	0.000000	0.000000	0.000000	0.000000	-0.054795	0.000000	0.000000	-1.000000	18.492423	1.414214	0.000000	0.000000
parser.c:2512	0.000000	0.000000	0.000000	0.000000	-0.054795	0.000000	0.000000	-1.000000	18.492423	1.414214	0.000000	0.000000
parser.c:2515	0.000000	0.000000	0.000000	0.000000	-0.054795	0.000000	0.000000	-1.000000	18.492423	1.414214	0.000000	0.000000
parser.c:2518	0.000000	0.000000	0.000000	0.000000	-0.054795	0.000000	0.000000	-1.000000	18.492423	1.414214	0.000000	0.000000
parser.c:2520	0.000000	0.000000	0.000000	0.000000	-0.054795	0.000000	0.000000	-1.000000	18.492423	1.414214	0.000000	0.000000
parser.c:2521	0.000000	0.000000	0.000000	0.000000	-0.054795	0.000000	0.000000	-1.000000	18.492423	1.414214	0.000000	0.000000
parser.c:2531	0.000000	0.000000	0.000000	0.000000	-0.082192	0.000000	0.000000	-1.000000	18.697567	1.565085	0.000000	0.000000
parser.c:2533	0.000000	0.000000	0.000000	0.000000	-0.082192	0.000000	0.000000	-1.000000	18.697567	1.565085	0.000000	0.000000
parser.c:2534	0.000000	0.000000	0.000000	0.000000	-0.082192	0.000000	0.000000	-1.000000	18.697567	1.565085	0.000000	0.000000
parser.c:2535	0.000000	0.000000	0.000000	0.000000	-0.082192	0.000000	0.000000	-1.000000	18.697567	1.565085	0.000000	0.000000
parser.c:2536	0.000000	0.000000	0.000000	0.000000	-0.082192	0.000000	0.000000	-1.000000	18.697567	1.565085	0.000000	0.000000
parser.c:2537	0.000000	0.000000	0.000000	0.000000	-0.082192	0.000000	0.000000	-1.000000	18.697567	1.565085	0.000000	0.000000
parser.c:2541	0.000000	0.000000	0.000000	0.000000	-0.082192	0.000000	0.000000	-1.000000	18.697567	1.565085	0.000000	0.000000
parser.c:2544	0.000000	0.000000	0.000000	0.000000	-0.082192	0.000000	0.000000	-1.000000	18.697567	1.565085	0.000000	0.000000
parser.c:2546	0.000000	0.000000	0.000000	0.000000	-0.082192	0.000000	0.000000	-1.000000	18.697567	1.565085	0.000000	0.000000
parser.c:2550	0.000000	0.000000	0.000000	0.000000	-0.136986	0.000000	0.000000	-1.000000	18.910293	1.778279	0.000000	0.000000
parser.c:2553	0.000000	0.000000	0.000000	0.000000	-0.136986	0.000000	0.000000	-1.000000	18.910293	1.778279	0.000000	0.000000
parser.c:2555	0.000000	0.000000	0.000000	0.000000	-0.136986	0.000000	0.000000	-1.000000	18.910293	1.778279	0.000000	0.000000
parser.c:2632	0.000000	0.000000	0.000000	0.000000	-0.136986	0.000000	0.000000	-1.000000	18.910293	1.778279	0.000000	0.000000
parser.c:2635	0.000000	0.000000	0.000000	0.000000	-0.136986	0.000000	0.000000	-1.000000	18.910293	1.778279	0.000000	0.000000
parser.c:2755	0.000000	0.000000	0.000000	0.000000	-0.068493	0.000000	0.000000	-1.000000	18.606774	1.495349	0.000000	0.000000
parser.c:2757	0.000000	0.000000	0.000000	0.000000	-0.068493	0.000000	0.000000	-1.000000	18.606774	1.495349	0.000000	0.000000
parser.c:2759	0.000000	0.000000	0.000000	0.000000	-0.068493	0.000000	0.000000	-1.000000	18.606774	1.495349	0.000000	0.000000
parser.c:2762	0.000000	0.000000	0.000000	0.000000	-0.027397	0.000000	0.000000	-1.000000	18.147414	1.189207	0.000000	0.000000
parser.c:2763	0.000000	0.000000	0.000000	0.000000	-0.027397	0.000000	0.000000	-1.000000	18.147414	1.189207	0.000000	0.000000
parser.c:2764	0.000000	0.000000	0.000000	0.000000	-0.027397	0.000000	0.000000	-1.000000	18.147414	1.189207	0.000000	0.000000
parser.c:2766	0.000000	0.000000	0.000000	0.000000	-0.027397	0.000000	0.000000	-1.000000	18.147414	1.189207	0.000000	0.000000
parser.c:2767	0.000000	0.000000	0.000000	0.000000	-0.027397	0.000000	0.000000	-1.000000	18.147414	1.189207	0.000000	0.000000
parser.c:2768	0.000000	0.000000	0.000000	0.000000	-0.027397	0.000000	0.000000	-1.000000	18.147414	1.189207	0.000000	0.000000
parser.c:2770	0.000000	0.000000	0.000000	0.000000	-0.068493	0.000000	0.000000	-1.000000	18.606774	1.495349	0.000000	0.000000
parser.c:2771	0.000000	0.000000	0.000000	0.000000	-0.068493	0.000000	0.000000	-1.000000	18.606774	1.495349	0.000000	0.000000
parser.c:2774	0.000000	0.000000	0.000000	0.000000	-0.068493	0.000000	0.000000	-1.000000	18.606774	1.495349	0.000000	0.000000
parser.c:2790	0.000000	0.000000	0.000000	0.000000	-0.027397	0.000000	0.000000	-1.000000	18.147414	1.189207	0.000000	0.000000
parser.c:2796	0.000000	0.000000	0.000000	0.000000	-0.027397	0.000000	0.000000	-1.000000	18.147414	1.189207	0.000000	0.000000
parser.c:2798	0.000000	0.000000	0.000000	0.000000	-0.027397	0.000000	0.000000	-1.000000	18.147414	1.189207	0.000000	0.000000
parser.c:2800	0.000000	0.000000	0.000000	0.000000	-0.027397	0.000000	0.000000	-1.000000	18.147414	1.189207	0.000000	0.000000
parser.c:2801	0.000000	0.000000	0.000000	0.000000	-0.027397	0.000000	0.000000	-1.000000	18.147414	1.189207	0.000000	0.000000
parser.c:2802	0.000000	0.000000	0.000000	0.000000	-0.027397	0.000000	0.000000	-1.000000	18.147414	1.189207	0.000000	0.000000
parser.c:2803	0.000000	0.000000	0.000000	0.000000	-0.027397	0.000000	0.000000	-1.000000	18.147414	1.189207	0.000000	0.000000
parser.c:2805	0.000000	0.000000	0.000000	0.000000	-0.027397	0.000000	0.000000	-1.000000	18.147414	1.189207	0.000000	0.000000
parser.c:2815	0.000000	0.000000	0.000000	0.000000	-0.027397	0.000000	0.000000	-1.000000	18.147414	1.189207	0.000000	0.000000
parser.c:311	0.818182	0.242536	0.058824	1.000000	0.780822	0.013699	1.000000	56.000000	20.966630	1.732051	1.030303	6.403124
parser.c:314	0.818182	0.242536	0.058824	1.000000	0.780822	0.013699	1.000000	56.000000	20.966630	1.732051	1.030303	6.403124
parser.c:316	0.818182	0.242536	0.058824	1.000000	0.780822	0.013699	1.000000	56.000000	20.966630	1.732051	1.030303	6.403124
parser.c:318	0.818182	0.242536	0.058824	1.000000	0.780822	0.013699	1.000000	56.000000	20.966630	1.732051	1.030303	6.403124
parser.c:320	0.818182	0.242536	0.058824	1.000000	0.780822	0.013699	1.000000	56.000000	20.966630	1.732051	1.030303	6.403124
parser.c:321	0.818182	0.242536	0.058824	1.000000	0.780822	0.013699	1.000000	56.000000	20.966630	1.732051	1.030303	6.403124
parser.c:325	0.818182	0.242536	0.058824	1.000000	0.780822	0.013699	1.000000	56.000000	20.966630	1.732051	1.030303	6.403124
parser.c:331	0.500000	0.117041	0.013699	1.000000	0.013699	0.013699	1.000000	0.000000	10.485281	2.735924	1.006897	8.426150
parser.c:333	0.500000	0.117041	0.013699	1.000000	0.013699	0.013699	1.000000	0.000000	10.485281	2.735924	1.006897	8.426150
parser.c:342	0.500000	0.117041	0.013699	1.000000	0.013699	0.013699	1.000000	0.000000	10.485281	2.735924	1.006897	8.426150
parser.c:345	0.000000	0.000000	0.000000	0.000000	-0.041096	0.000000	0.000000	-1.000000	18.345299	1.316074	0.000000	0.000000
parser.c:346	0.000000	0.000000	0.000000	0.000000	-0.041096	0.000000	0.000000	-1.000000	18.345299	1.316074	0.000000	0.000000
parser.c:347	0.000000	0.000000	0.000000	0.000000	-0.041096	0.000000	0.000000	-1.000000	18.345299	1.316074	0.000000	0.000000
parser.c:350	0.500000	0.117041	0.013699	1.000000	0.013699	0.013699	1.000000	0.000000	10.485281	2.735924	1.006897	8.426150
parser.c:354	0.500000	0.117041	0.013699	1.000000	0.013699	0.013699	1.000000	0.000000	10.485281	2.735924	1.006897	8.426150
parser.c:357	0.000000	0.000000	0.000000	0.000000	-0.041096	0.000000	0.000000	-1.000000	18.345299	1.316074	0.000000	0.000000
parser.c:358	0.000000	0.000000	0.000000	0.000000	-0.041096	0.000000	0.000000	-1.000000	18.345299	1.316074	0.000000	0.000000
parser.c:361	0.500000	0.117041	0.013699	1.000000	0.013699	0.013699	1.000000	0.000000	10.485281	2.735924	1.006897	8.426150
parser.c:362	0.500000	0.117041	0.013699	1.000000	0.013699	0.013699	1.000000	0.000000	10.485281	2.735924	1.006897	8.426150
parser.c:366	0.500000	0.117041	0.013699	1.000000	0.013699	0.013699	1.000000	0.000000	10.485281	2.735924	1.006897	8.426150
parser.c:372	0.500000	0.117041	0.013699	1.000000	0.013699	0.013699	1.000000	0.000000	10.485281	2.735924	1.006897	8.426150
parser.c:373	0.500000	0.117041	0.013699	1.000000	0.013699	0.013699	1.000000	0.000000	10.485281	2.735924	1.006897	8.426150
parser.c:376	0.000000	0.000000	0.000000	0.000000	-0.972603	0.000000	0.000000	-1.000000	10.426150	2.902783	0.000000	0.000000
parser.c:383	0.000000	0.000000	0.000000	0.000000	-0.972603	0.000000	0.000000	-1.000000	10.426150	2.902783	0.000000	0.000000
parser.c:393	0.500000	0.117041	0.013699	1.000000	0.013699	0.013699	1.000000	0.000000	10.485281	2.735924	1.006897	8.426150
parser.c:396	0.500000	0.117041	0.013699	1.000000	0.013699	0.013699	1.000000	0.000000	10.485281	2.735924	1.006897	8.426150
parser.c:398	0.500000	0.117041	0.013699	1.000000	0.013699	0.013699	1.000000	0.000000	10.485281	2.735924	1.006897	8.426150
parser.c:399	0.500000	0.117041	0.013699	1.000000	0.013699	0.013699	1.000000	0.000000	10.485281	2.735924	1.006897	8.426150
parser.c:400	0.500000	0.117041	0.013699	1.000000	0.013699	0.013699	1.000000	0.000000	10.485281	2.735924	1.006897	8.426150
parser.c:402	0.500000	0.117041	0.013699	1.000000	0.013699	0.013699	1.000000	0.000000	10.485281	2.735924	1.006897	8.426150
parser.c:417	0.500000	0.117041	0.013699	1.000000	0.013699	0.013699	1.000000	0.000000	10.485281	2.735924	1.006897	8.426150
parser.c:423	0.500000	0.117041	0.013699	1.000000	0.013699	0.013699	1.000000	0.000000	10.485281	2.735924	1.006897	8.426150
parser.c:425	0.827586	0.250000	0.062500	1.000000	0.794521	0.013699	1.000000	57.000000	20.972652	1.694988	1.032258	6.557439
parser.c:426	0.000000	0.000000	0.000000	0.000000	-0.013699	0.000000	0.000000	-1.000000	17.852300	1.000000	0.000000	0.000000
parser.c:447	0.500000	0.117041	0.013699	1.000000	0.013699	0.013699	1.000000	0.000000	10.485281	2.735924	1.006897	8.426150
parser.c:449	0.500000	0.117041	0.013699	1.000000	0.013699	0.013699	1.000000	0.000000	10.485281	2.735924	1.006897	8.426150
parser.c:454	0.500000	0.117041	0.013699	1.000000	0.013699	0.013699	1.000000	0.000000	10.485281	2.735924	1.006897	8.426150
parser.c:526	0.000000	0.000000	0.000000	0.000000	-0.027397	0.000000	0.000000	-1.000000	18.147414	1.189207	0.000000	0.000000
parser.c:533	0.000000	0.000000	0.000000	0.000000	-0.027397	0.000000	0.000000	-1.000000	18.147414	1.189207	0.000000	0.000000
parser.c:534	0.000000	0.000000	0.000000	0.000000	-0.027397	0.000000	0.000000	-1.000000	18.147414	1.189207	0.000000	0.000000
parser.c:535	0.000000	0.000000	0.000000	0.000000	-0.027397	0.000000	0.000000	-1.000000	18.147414	1.189207	0.000000	0.000000
parser.c:536	0.000000	0.000000	0.000000	0.000000	-0.027397	0.000000	0.000000	-1.000000	18.147414	1.189207	0.000000	0.000000
parser.c:537	0.000000	0.000000	0.000000	0.000000	-0.027397	0.000000	0.000000	-1.000000	18.147414	1.189207	0.000000	0.000000
parser.c:538	0.000000	0.000000	0.000000	0.000000	-0.027397	0.000000	0.000000	-1.000000	18.147414	1.189207	0.000000	0.000000
parser.c:559	0.000000	0.000000	0.000000	0.000000	-0.219178	0.000000	0.000000	-1.000000	18.966630	2.000000	0.000000	0.000000
parser.c:566	0.000000	0.000000	0.000000	0.000000	-0.219178	0.000000	0.000000	-1.000000	18.966630	2.000000	0.000000	0.000000
parser.c:567	0.000000	0.000000	0.000000	0.000000	-0.219178	0.000000	0.000000	-1.000000	18.966630	2.000000	0.000000	0.000000
parser.c:568	0.000000	0.000000	0.000000	0.000000	-0.219178	0.000000	0.000000	-1.000000	18.966630	2.000000	0.000000	0.000000
parser.c:569	0.000000	0.000000	0.000000	0.000000	-0.219178	0.000000	0.000000	-1.000000	18.966630	2.000000	0.000000	0.000000
parser.c:570	0.000000	0.000000	0.000000	0.000000	-0.219178	0.000000	0.000000	-1.000000	18.966630	2.000000	0.000000	0.000000
parser.c:571	0.000000	0.000000	0.000000	0.000000	-0.219178	0.000000	0.000000	-1.000000	18.966630	2.000000	0.000000	0.000000
parser.c:614	0.000000	0.000000	0.000000	0.000000	-0.041096	0.000000	0.000000	-1.000000	18.345299	1.316074	0.000000	0.000000
parser.c:621	0.000000	0.000000	0.000000	0.000000	-0.041096	0.000000	0.000000	-1.000000	18.345299	1.316074	0.000000	0.000000
parser.c:622	0.000000	0.000000	0.000000	0.000000	-0.041096	0.000000	0.000000	-1.000000	18.345299	1.316074	0.000000	0.000000
parser.c:623	0.000000	0.000000	0.000000	0.000000	-0.041096	0.000000	0.000000	-1.000000	18.345299	1.316074	0.000000	0.000000
parser.c:624	0.000000	0.000000	0.000000	0.000000	-0.041096	0.000000	0.000000	-1.000000	18.345299	1.316074	0.000000	0.000000
parser.c:625	0.000000	0.000000	0.000000	0.000000	-0.041096	0.000000	0.000000	-1.000000	18.345299	1.316074	0.000000	0.000000
parser.c:626	0.000000	0.000000	0.000000	0.000000	-0.041096	0.000000	0.000000	-1.000000	18.345299	1.316074	0.000000	0.000000
parser.c:627	0.000000	0.000000	0.000000	0.000000	-0.041096	0.000000	0.000000	-1.000000	18.345299	1.316074	0.000000	0.000000
parser.c:653	0.000000	0.000000	0.000000	0.000000	-0.013699	0.000000	0.000000	-1.000000	17.852300	1.000000	0.000000	0.000000
parser.c:659	0.000000	0.000000	0.000000	0.000000	-0.013699	0.000000	0.000000	-1.000000	17.852300	1.000000	0.000000	0.000000
parser.c:660	0.000000	0.000000	0.000000	0.000000	-0.013699	0.000000	0.000000	-1.000000	17.852300	1.000000	0.000000	0.000000
parser.c:662	0.000000	0.000000	0.000000	0.000000	-0.013699	0.000000	0.000000	-1.000000	17.852300	1.000000	0.000000	0.000000
parser.c:663	0.000000	0.000000	0.000000	0.000000	-0.013699	0.000000	0.000000	-1.000000	17.852300	1.000000	0.000000	0.000000
parser.c:664	0.000000	0.000000	0.000000	0.000000	-0.013699	0.000000	0.000000	-1.000000	17.852300	1.000000	0.000000	0.000000
parser.c:668	0.000000	0.000000	0.000000	0.000000	-0.109589	0.000000	0.000000	-1.000000	18.828427	1.681793	0.000000	0.000000
parser.c:674	0.000000	0.000000	0.000000	0.000000	-0.109589	0.000000	0.000000	-1.000000	18.828427	1.681793	0.000000	0.000000
parser.c:675	0.000000	0.000000	0.000000	0.000000	-0.109589	0.000000	0.000000	-1.000000	18.828427	1.681793	0.000000	0.000000
parser.c:679	0.000000	0.000000	0.000000	0.000000	-0.013699	0.000000	0.000000	-1.000000	17.852300	1.000000	0.000000	0.000000
parser.c:684	0.000000	0.000000	0.000000	0.000000	-0.013699	0.000000	0.000000	-1.000000	17.852300	1.000000	0.000000	0.000000
parser.c:689	0.000000	0.000000	0.000000	0.000000	-0.013699	0.000000	0.000000	-1.000000	17.852300	1.000000	0.000000	0.000000
parser.c:693	0.000000	0.000000	0.000000	0.000000	-0.041096	0.000000	0.000000	-1.000000	18.345299	1.316074	0.000000	0.000000
parser.c:699	0.000000	0.000000	0.000000	0.000000	-0.041096	0.000000	0.000000	-1.000000	18.345299	1.316074	0.000000	0.000000
parser.c:700	0.000000	0.000000	0.000000	0.000000	-0.041096	0.000000	0.000000	-1.000000	18.345299	1.316074	0.000000	0.000000
parser.c:701	0.000000	0.000000	0.000000	0.000000	-0.041096	0.000000	0.000000	-1.000000	18.345299	1.316074	0.000000	0.000000
parser.c:705	0.000000	0.000000	0.000000	0.000000	-0.095890	0.000000	0.000000	-1.000000	18.770267	1.626577	0.000000	0.000000
parser.c:707	0.000000	0.000000	0.000000	0.000000	-0.095890	0.000000	0.000000	-1.000000	18.770267	1.626577	0.000000	0.000000
parser.c:711	0.000000	0.000000	0.000000	0.000000	-0.041096	0.000000	0.000000	-1.000000	18.345299	1.316074	0.000000	0.000000
parser.c:713	0.000000	0.000000	0.000000	0.000000	-0.041096	0.000000	0.000000	-1.000000	18.345299	1.316074	0.000000	0.000000
parser.c:717	0.000000	0.000000	0.000000	0.000000	-0.068493	0.000000	0.000000	-1.000000	18.606774	1.495349	0.000000	0.000000
parser.c:724	0.000000	0.000000	0.000000	0.000000	-0.068493	0.000000	0.000000	-1.000000	18.606774	1.495349	0.000000	0.000000
parser.c:725	0.000000	0.000000	0.000000	0.000000	-0.068493	0.000000	0.000000	-1.000000	18.606774	1.495349	0.000000	0.000000
parser.c:726	0.000000	0.000000	0.000000	0.000000	-0.068493	0.000000	0.000000	-1.000000	18.606774	1.495349	0.000000	0.000000
parser.c:727	0.000000	0.000000	0.000000	0.000000	-0.068493	0.000000	0.000000	-1.000000	18.606774	1.495349	0.000000	0.000000
parser.c:728	0.000000	0.000000	0.000000	0.000000	-0.068493	0.000000	0.000000	-1.000000	18.606774	1.495349	0.000000	0.000000
parser.c:765	0.000000	0.000000	0.000000	0.000000	-0.013699	0.000000	0.000000	-1.000000	17.852300	1.000000	0.000000	0.000000
parser.c:771	0.000000	0.000000	0.000000	0.000000	-0.013699	0.000000	0.000000	-1.000000	17.852300	1.000000	0.000000	0.000000
parser.c:772	0.000000	0.000000	0.000000	0.000000	-0.013699	0.000000	0.000000	-1.000000	17.852300	1.000000	0.000000	0.000000
parser.c:924	0.000000	0.000000	0.000000	0.000000	-0.356164	0.000000	0.000000	-1.000000	18.663679	2.258101	0.000000	0.000000
parser.c:926	0.000000	0.000000	0.000000	0.000000	-0.356164	0.000000	0.000000	-1.000000	18.663679	2.258101	0.000000	0.000000
parser.c:929	0.000000	0.000000	0.000000	0.000000	-0.013699	0.000000	0.000000	-1.000000	17.852300	1.000000	0.000000	0.000000
parser.c:933	0.000000	0.000000	0.000000	0.000000	-0.342466	0.000000	0.000000	-1.000000	18.711309	2.236068	0.000000	0.000000
parser.c:938	0.000000	0.000000	0.000000	0.000000	-0.013699	0.000000	0.000000	-1.000000	17.852300	1.000000	0.000000	0.000000
parser.c:942	0.000000	0.000000	0.000000	0.000000	-0.013699	0.000000	0.000000	-1.000000	17.852300	1.000000	0.000000	0.000000
parser.c:944	0.000000	0.000000	0.000000	0.000000	-0.013699	0.000000	0.000000	-1.000000	17.852300	1.000000	0.000000	0.000000
parser.c:945	0.000000	0.000000	0.000000	0.000000	-0.013699	0.000000	0.000000	-1.000000	17.852300	1.000000	0.000000	0.000000
parser.c:949	0.000000	0.000000	0.000000	0.000000	-0.013699	0.000000	0.000000	-1.000000	17.852300	1.000000	0.000000	0.000000
parser.c:950	0.000000	0.000000	0.000000	0.000000	-0.013699	0.000000	0.000000	-1.000000	17.852300	1.000000	0.000000	0.000000
parser.c:951	0.000000	0.000000	0.000000	0.000000	-0.013699	0.000000	0.000000	-1.000000	17.852300	1.000000	0.000000	0.000000
parser.c:959	0.000000	0.000000	0.000000	0.000000	-0.260274	0.000000	0.000000	-1.000000	18.919119	2.087798	0.000000	0.000000
parser.c:962	0.000000	0.000000	0.000000	0.000000	-0.260274	0.000000	0.000000	-1.000000	18.919119	2.087798	0.000000	0.000000
parser.c:963	0.000000	0.000000	0.000000	0.000000	-0.260274	0.000000	0.000000	-1.000000	18.919119	2.087798	0.000000	0.000000
parser.c:964	0.000000	0.000000	0.000000	0.000000	-0.260274	0.000000	0.000000	-1.000000	18.919119	2.087798	0.000000	0.000000
parser.c:972	0.000000	0.000000	0.000000	0.000000	-0.260274	0.000000	0.000000	-1.000000	18.919119	2.087798	0.000000	0.000000
parser.c:977	0.000000	0.000000	0.000000	0.000000	-0.219178	0.000000	0.000000	-1.000000	18.966630	2.000000	0.000000	0.000000
parser.c:979	0.000000	0.000000	0.000000	0.000000	-0.219178	0.000000	0.000000	-1.000000	18.966630	2.000000	0.000000	0.000000
parser.c:984	0.000000	0.000000	0.000000	0.000000	-0.219178	0.000000	0.000000	-1.000000	18.966630	2.000000	0.000000	0.000000
parser.c:990	0.000000	0.000000	0.000000	0.000000	-0.013699	0.000000	0.000000	-1.000000	17.852300	1.000000	0.000000	0.000000
parser.c:994	0.000000	0.000000	0.000000	0.000000	-0.013699	0.000000	0.000000	-1.000000	17.852300	1.000000	0.000000	0.000000
parser.c:996	0.000000	0.000000	0.000000	0.000000	-0.013699	0.000000	0.000000	-1.000000	17.852300	1.000000	0.000000	0.000000
parser.c:999	0.000000	0.000000	0.000000	0.000000	-0.013699	0.000000	0.000000	-1.000000	17.852300	1.000000	0.000000	0.000000
