50
51
52
53
54
58
63
72
73
75
76
81
90
91
93
94
99
105
120
121
122
124
126
128
129
130
135
136
141
143
150
159
160
161
162
163
164
165
166
167
168
169
170
171
173
174
50
51
52
53
54
58
63
72
73
75
76
81
90
91
93
94
99
105
120
121
122
124
126
128
129
130
135
136
141
143
150
159
160
161
162
163
164
165
166
167
168
169
170
171
173
174
50
51
52
53
54
58
63
72
73
75
76
81
90
91
93
94
99
105
111
120
121
122
124
126
128
129
130
135
137
138
141
143
150
159
160
161
162
163
164
165
166
167
168
169
170
171
173
174
50
51
52
53
54
58
63
72
73
75
76
81
90
91
93
94
99
105
120
121
122
124
126
128
129
130
135
136
141
143
150
159
160
161
162
163
164
165
166
167
168
169
170
171
173
174
50
51
52
53
54
58
63
72
73
75
76
81
90
91
93
94
99
105
120
121
122
124
126
128
129
130
135
136
141
143
150
159
160
161
162
163
164
165
166
167
168
169
170
171
173
174
50
51
52
53
54
58
63
72
73
75
76
81
90
91
93
94
99
105
120
121
122
124
126
128
129
130
135
136
141
143
150
159
160
161
162
163
164
165
166
167
168
169
170
171
173
174
50
51
52
53
54
58
63
72
73
75
76
81
90
91
93
94
99
105
120
121
122
124
126
128
129
130
135
136
141
143
150
159
160
161
162
163
164
165
166
167
168
169
170
171
173
174
50
51
52
53
54
58
63
72
73
75
76
81
90
91
93
94
99
105
120
121
122
124
126
128
129
130
135
136
141
143
150
159
160
161
162
163
164
165
166
167
168
169
170
171
173
174
50
51
52
53
54
58
63
72
73
75
76
81
90
91
93
94
99
105
120
121
122
124
126
128
129
130
135
136
141
143
150
159
160
161
162
163
164
165
166
167
168
169
170
171
173
174
50
51
52
53
54
58
63
72
73
75
76
81
90
91
93
94
99
105
120
121
122
124
126
128
129
130
135
136
141
143
150
159
160
161
162
163
164
165
166
167
168
169
170
171
173
174
50
51
52
53
54
58
63
72
73
75
76
81
90
91
93
94
99
105
120
121
122
124
126
128
129
130
135
136
141
143
150
159
160
161
162
163
164
165
166
167
168
169
170
171
173
174
50
51
52
53
54
58
63
72
73
75
76
81
90
91
93
94
99
105
120
121
122
124
126
128
129
130
135
136
141
143
150
159
160
161
162
163
164
165
166
167
168
169
170
171
173
174
50
51
52
53
54
58
63
72
73
75
76
81
90
91
93
94
99
105
120
121
122
124
126
128
129
130
135
136
141
143
150
159
160
161
162
163
164
165
166
167
168
169
170
171
173
174
50
51
52
53
54
58
63
72
73
75
76
81
90
91
93
94
99
105
111
120
121
122
124
126
128
129
130
135
137
138
141
143
150
159
160
161
162
163
164
165
166
167
168
169
170
171
173
174
