tail.c:1000	0.000000	0.000000	0.000000	0.000000	-0.041667	0.000000	0.000000	-1.000000	10.380832	1.000000	0.000000	0.000000
tail.c:1002	0.000000	0.000000	0.000000	0.000000	-0.041667	0.000000	0.000000	-1.000000	10.380832	1.000000	0.000000	0.000000
tail.c:1003	0.000000	0.000000	0.000000	0.000000	-0.041667	0.000000	0.000000	-1.000000	10.380832	1.000000	0.000000	0.000000
tail.c:1004	0.000000	0.000000	0.000000	0.000000	-0.041667	0.000000	0.000000	-1.000000	10.380832	1.000000	0.000000	0.000000
tail.c:1048	0.000000	0.000000	0.000000	0.000000	-0.041667	0.000000	0.000000	-1.000000	10.380832	1.000000	0.000000	0.000000
tail.c:1054	0.000000	0.000000	0.000000	0.000000	-0.041667	0.000000	0.000000	-1.000000	10.380832	1.000000	0.000000	0.000000
tail.c:1060	0.000000	0.000000	0.000000	0.000000	-0.083333	0.000000	0.000000	-1.000000	10.579365	1.189207	0.000000	0.000000
tail.c:1064	0.000000	0.000000	0.000000	0.000000	-0.083333	0.000000	0.000000	-1.000000	10.579365	1.189207	0.000000	0.000000
tail.c:1065	0.000000	0.000000	0.000000	0.000000	-0.083333	0.000000	0.000000	-1.000000	10.579365	1.189207	0.000000	0.000000
tail.c:1066	0.000000	0.000000	0.000000	0.000000	-0.041667	0.000000	0.000000	-1.000000	10.380832	1.000000	0.000000	0.000000
tail.c:1067	0.000000	0.000000	0.000000	0.000000	-0.041667	0.000000	0.000000	-1.000000	10.380832	1.000000	0.000000	0.000000
tail.c:1078	0.000000	0.000000	0.000000	0.000000	-0.083333	0.000000	0.000000	-1.000000	10.579365	1.189207	0.000000	0.000000
tail.c:1081	0.000000	0.000000	0.000000	0.000000	-0.083333	0.000000	0.000000	-1.000000	10.579365	1.189207	0.000000	0.000000
tail.c:1082	0.000000	0.000000	0.000000	0.000000	-0.083333	0.000000	0.000000	-1.000000	10.579365	1.189207	0.000000	0.000000
tail.c:1084	0.000000	0.000000	0.000000	0.000000	-0.083333	0.000000	0.000000	-1.000000	10.579365	1.189207	0.000000	0.000000
tail.c:1086	0.000000	0.000000	0.000000	0.000000	-0.083333	0.000000	0.000000	-1.000000	10.579365	1.189207	0.000000	0.000000
tail.c:1091	0.000000	0.000000	0.000000	0.000000	-0.083333	0.000000	0.000000	-1.000000	10.579365	1.189207	0.000000	0.000000
tail.c:1093	0.000000	0.000000	0.000000	0.000000	-0.083333	0.000000	0.000000	-1.000000	10.579365	1.189207	0.000000	0.000000
tail.c:1101	0.000000	0.000000	0.000000	0.000000	-0.083333	0.000000	0.000000	-1.000000	10.579365	1.189207	0.000000	0.000000
tail.c:1102	0.000000	0.000000	0.000000	0.000000	-0.083333	0.000000	0.000000	-1.000000	10.579365	1.189207	0.000000	0.000000
tail.c:1104	0.000000	0.000000	0.000000	0.000000	-0.083333	0.000000	0.000000	-1.000000	10.579365	1.189207	0.000000	0.000000
tail.c:1106	0.000000	0.000000	0.000000	0.000000	-0.041667	0.000000	0.000000	-1.000000	10.380832	1.000000	0.000000	0.000000
tail.c:1107	0.000000	0.000000	0.000000	0.000000	-0.041667	0.000000	0.000000	-1.000000	10.380832	1.000000	0.000000	0.000000
tail.c:1110	0.000000	0.000000	0.000000	0.000000	-0.041667	0.000000	0.000000	-1.000000	10.380832	1.000000	0.000000	0.000000
tail.c:1111	0.000000	0.000000	0.000000	0.000000	-0.041667	0.000000	0.000000	-1.000000	10.380832	1.000000	0.000000	0.000000
tail.c:1112	0.000000	0.000000	0.000000	0.000000	-0.041667	0.000000	0.000000	-1.000000	10.380832	1.000000	0.000000	0.000000
tail.c:1114	0.000000	0.000000	0.000000	0.000000	-0.041667	0.000000	0.000000	-1.000000	10.380832	1.000000	0.000000	0.000000
tail.c:1116	0.000000	0.000000	0.000000	0.000000	-0.041667	0.000000	0.000000	-1.000000	10.380832	1.000000	0.000000	0.000000
tail.c:1117	0.000000	0.000000	0.000000	0.000000	-0.041667	0.000000	0.000000	-1.000000	10.380832	1.000000	0.000000	0.000000
tail.c:1118	0.000000	0.000000	0.000000	0.000000	-0.041667	0.000000	0.000000	-1.000000	10.380832	1.000000	0.000000	0.000000
tail.c:1119	0.000000	0.000000	0.000000	0.000000	-0.041667	0.000000	0.000000	-1.000000	10.380832	1.000000	0.000000	0.000000
tail.c:1120	0.000000	0.000000	0.000000	0.000000	-0.041667	0.000000	0.000000	-1.000000	10.380832	1.000000	0.000000	0.000000
tail.c:1133	0.000000	0.000000	0.000000	0.000000	-0.041667	0.000000	0.000000	-1.000000	10.380832	1.000000	0.000000	0.000000
tail.c:1136	0.000000	0.000000	0.000000	0.000000	-0.041667	0.000000	0.000000	-1.000000	10.380832	1.000000	0.000000	0.000000
tail.c:1138	0.000000	0.000000	0.000000	0.000000	-0.041667	0.000000	0.000000	-1.000000	10.380832	1.000000	0.000000	0.000000
tail.c:1147	0.000000	0.000000	0.000000	0.000000	-0.041667	0.000000	0.000000	-1.000000	10.380832	1.000000	0.000000	0.000000
tail.c:1148	0.000000	0.000000	0.000000	0.000000	-0.041667	0.000000	0.000000	-1.000000	10.380832	1.000000	0.000000	0.000000
tail.c:1149	0.000000	0.000000	0.000000	0.000000	-0.041667	0.000000	0.000000	-1.000000	10.380832	1.000000	0.000000	0.000000
tail.c:1151	0.000000	0.000000	0.000000	0.000000	-0.041667	0.000000	0.000000	-1.000000	10.380832	1.000000	0.000000	0.000000
tail.c:1152	0.000000	0.000000	0.000000	0.000000	-0.041667	0.000000	0.000000	-1.000000	10.380832	1.000000	0.000000	0.000000
tail.c:1158	0.000000	0.000000	0.000000	0.000000	-0.041667	0.000000	0.000000	-1.000000	10.380832	1.000000	0.000000	0.000000
tail.c:1194	0.000000	0.000000	0.000000	0.000000	-0.083333	0.000000	0.000000	-1.000000	10.579365	1.189207	0.000000	0.000000
tail.c:1196	0.000000	0.000000	0.000000	0.000000	-0.041667	0.000000	0.000000	-1.000000	10.380832	1.000000	0.000000	0.000000
tail.c:1197	0.000000	0.000000	0.000000	0.000000	-0.041667	0.000000	0.000000	-1.000000	10.380832	1.000000	0.000000	0.000000
tail.c:1200	0.000000	0.000000	0.000000	0.000000	-0.041667	0.000000	0.000000	-1.000000	10.380832	1.000000	0.000000	0.000000
tail.c:1204	0.000000	0.000000	0.000000	0.000000	-0.041667	0.000000	0.000000	-1.000000	10.380832	1.000000	0.000000	0.000000
tail.c:1206	0.000000	0.000000	0.000000	0.000000	-0.041667	0.000000	0.000000	-1.000000	10.380832	1.000000	0.000000	0.000000
tail.c:1207	0.000000	0.000000	0.000000	0.000000	-0.041667	0.000000	0.000000	-1.000000	10.380832	1.000000	0.000000	0.000000
tail.c:1211	0.000000	0.000000	0.000000	0.000000	-0.041667	0.000000	0.000000	-1.000000	10.380832	1.000000	0.000000	0.000000
tail.c:1212	0.000000	0.000000	0.000000	0.000000	-0.041667	0.000000	0.000000	-1.000000	10.380832	1.000000	0.000000	0.000000
tail.c:1216	0.000000	0.000000	0.000000	0.000000	-0.041667	0.000000	0.000000	-1.000000	10.380832	1.000000	0.000000	0.000000
tail.c:1218	0.000000	0.000000	0.000000	0.000000	-0.041667	0.000000	0.000000	-1.000000	10.380832	1.000000	0.000000	0.000000
tail.c:1222	0.000000	0.000000	0.000000	0.000000	-0.041667	0.000000	0.000000	-1.000000	10.380832	1.000000	0.000000	0.000000
tail.c:1223	0.000000	0.000000	0.000000	0.000000	-0.083333	0.000000	0.000000	-1.000000	10.579365	1.189207	0.000000	0.000000
tail.c:1231	0.884615	0.500000	0.250000	1.000000	0.875000	0.041667	1.000000	20.000000	12.676323	0.855600	1.142857	4.242641
tail.c:1235	0.884615	0.500000	0.250000	1.000000	0.875000	0.041667	1.000000	20.000000	12.676323	0.855600	1.142857	4.242641
tail.c:1236	0.884615	0.500000	0.250000	1.000000	0.875000	0.041667	1.000000	20.000000	12.676323	0.855600	1.142857	4.242641
tail.c:1237	0.000000	0.000000	0.000000	0.000000	-0.041667	0.000000	0.000000	-1.000000	10.380832	1.000000	0.000000	0.000000
tail.c:1238	0.920000	0.577350	0.333333	1.000000	0.916667	0.041667	1.000000	21.000000	12.579365	0.643594	1.200000	4.472136
tail.c:1245	0.884615	0.500000	0.250000	1.000000	0.875000	0.041667	1.000000	20.000000	12.676323	0.855600	1.142857	4.242641
tail.c:1249	0.884615	0.500000	0.250000	1.000000	0.875000	0.041667	1.000000	20.000000	12.676323	0.855600	1.142857	4.242641
tail.c:1250	0.884615	0.500000	0.250000	1.000000	0.875000	0.041667	1.000000	20.000000	12.676323	0.855600	1.142857	4.242641
tail.c:1252	0.884615	0.500000	0.250000	1.000000	0.875000	0.041667	1.000000	20.000000	12.676323	0.855600	1.142857	4.242641
tail.c:1272	0.000000	0.000000	0.000000	0.000000	-0.041667	0.000000	0.000000	-1.000000	10.380832	1.000000	0.000000	0.000000
tail.c:1275	0.000000	0.000000	0.000000	0.000000	-0.041667	0.000000	0.000000	-1.000000	10.380832	1.000000	0.000000	0.000000
tail.c:1277	0.000000	0.000000	0.000000	0.000000	-0.041667	0.000000	0.000000	-1.000000	10.380832	1.000000	0.000000	0.000000
tail.c:1279	0.000000	0.000000	0.000000	0.000000	-0.041667	0.000000	0.000000	-1.000000	10.380832	1.000000	0.000000	0.000000
tail.c:1280	0.000000	0.000000	0.000000	0.000000	-0.041667	0.000000	0.000000	-1.000000	10.380832	1.000000	0.000000	0.000000
tail.c:1281	0.000000	0.000000	0.000000	0.000000	-0.041667	0.000000	0.000000	-1.000000	10.380832	1.000000	0.000000	0.000000
tail.c:1282	0.000000	0.000000	0.000000	0.000000	-0.041667	0.000000	0.000000	-1.000000	10.380832	1.000000	0.000000	0.000000
tail.c:1314	0.920000	0.577350	0.333333	1.000000	0.916667	0.041667	1.000000	21.000000	12.579365	0.643594	1.200000	4.472136
tail.c:1317	0.920000	0.577350	0.333333	1.000000	0.916667	0.041667	1.000000	21.000000	12.579365	0.643594	1.200000	4.472136
tail.c:1322	0.920000	0.577350	0.333333	1.000000	0.916667	0.041667	1.000000	21.000000	12.579365	0.643594	1.200000	4.472136
tail.c:1323	0.920000	0.577350	0.333333	1.000000	0.916667	0.041667	1.000000	21.000000	12.579365	0.643594	1.200000	4.472136
tail.c:1324	0.920000	0.577350	0.333333	1.000000	0.916667	0.041667	1.000000	21.000000	12.579365	0.643594	1.200000	4.472136
tail.c:1325	0.920000	0.577350	0.333333	1.000000	0.916667	0.041667	1.000000	21.000000	12.579365	0.643594	1.200000	4.472136
tail.c:1327	0.920000	0.577350	0.333333	1.000000	0.916667	0.041667	1.000000	21.000000	12.579365	0.643594	1.200000	4.472136
tail.c:1329	0.920000	0.577350	0.333333	1.000000	0.916667	0.041667	1.000000	21.000000	12.579365	0.643594	1.200000	4.472136
tail.c:1330	0.920000	0.577350	0.333333	1.000000	0.916667	0.041667	1.000000	21.000000	12.579365	0.643594	1.200000	4.472136
tail.c:1332	0.920000	0.577350	0.333333	1.000000	0.916667	0.041667	1.000000	21.000000	12.579365	0.643594	1.200000	4.472136
tail.c:1333	0.920000	0.577350	0.333333	1.000000	0.916667	0.041667	1.000000	21.000000	12.579365	0.643594	1.200000	4.472136
tail.c:1340	0.920000	0.577350	0.333333	1.000000	0.916667	0.041667	1.000000	21.000000	12.579365	0.643594	1.200000	4.472136
tail.c:1342	0.920000	0.577350	0.333333	1.000000	0.916667	0.041667	1.000000	21.000000	12.579365	0.643594	1.200000	4.472136
tail.c:1344	0.920000	0.577350	0.333333	1.000000	0.916667	0.041667	1.000000	21.000000	12.579365	0.643594	1.200000	4.472136
tail.c:1345	0.920000	0.577350	0.333333	1.000000	0.916667	0.041667	1.000000	21.000000	12.579365	0.643594	1.200000	4.472136
tail.c:1346	0.920000	0.577350	0.333333	1.000000	0.916667	0.041667	1.000000	21.000000	12.579365	0.643594	1.200000	4.472136
tail.c:1348	0.920000	0.577350	0.333333	1.000000	0.916667	0.041667	1.000000	21.000000	12.579365	0.643594	1.200000	4.472136
tail.c:1350	0.920000	0.577350	0.333333	1.000000	0.916667	0.041667	1.000000	21.000000	12.579365	0.643594	1.200000	4.472136
tail.c:1352	0.000000	0.000000	0.000000	0.000000	-0.041667	0.000000	0.000000	-1.000000	10.380832	1.000000	0.000000	0.000000
tail.c:1353	0.000000	0.000000	0.000000	0.000000	-0.041667	0.000000	0.000000	-1.000000	10.380832	1.000000	0.000000	0.000000
tail.c:1354	0.000000	0.000000	0.000000	0.000000	-0.041667	0.000000	0.000000	-1.000000	10.380832	1.000000	0.000000	0.000000
tail.c:1356	0.000000	0.000000	0.000000	0.000000	-0.041667	0.000000	0.000000	-1.000000	10.380832	1.000000	0.000000	0.000000
tail.c:1360	0.000000	0.000000	0.000000	0.000000	-0.041667	0.000000	0.000000	-1.000000	10.380832	1.000000	0.000000	0.000000
tail.c:1364	0.000000	0.000000	0.000000	0.000000	-0.041667	0.000000	0.000000	-1.000000	10.380832	1.000000	0.000000	0.000000
tail.c:1366	0.000000	0.000000	0.000000	0.000000	-0.041667	0.000000	0.000000	-1.000000	10.380832	1.000000	0.000000	0.000000
tail.c:1380	0.920000	0.577350	0.333333	1.000000	0.916667	0.041667	1.000000	21.000000	12.579365	0.643594	1.200000	4.472136
tail.c:1382	0.920000	0.577350	0.333333	1.000000	0.916667	0.041667	1.000000	21.000000	12.579365	0.643594	1.200000	4.472136
tail.c:1384	0.920000	0.577350	0.333333	1.000000	0.916667	0.041667	1.000000	21.000000	12.579365	0.643594	1.200000	4.472136
tail.c:1389	0.920000	0.577350	0.333333	1.000000	0.916667	0.041667	1.000000	21.000000	12.579365	0.643594	1.200000	4.472136
tail.c:1391	0.920000	0.577350	0.333333	1.000000	0.916667	0.041667	1.000000	21.000000	12.579365	0.643594	1.200000	4.472136
tail.c:1405	0.920000	0.577350	0.333333	1.000000	0.916667	0.041667	1.000000	21.000000	12.579365	0.643594	1.200000	4.472136
tail.c:1411	0.920000	0.577350	0.333333	1.000000	0.916667	0.041667	1.000000	21.000000	12.579365	0.643594	1.200000	4.472136
tail.c:1412	0.958333	0.707107	0.500000	1.000000	0.958333	0.041667	1.000000	22.000000	12.380832	0.000000	1.333333	4.690416
tail.c:1414	0.000000	0.000000	0.000000	0.000000	-0.041667	0.000000	0.000000	-1.000000	10.380832	1.000000	0.000000	0.000000
tail.c:1418	0.000000	0.000000	0.000000	0.000000	-0.041667	0.000000	0.000000	-1.000000	10.380832	1.000000	0.000000	0.000000
tail.c:1420	0.000000	0.000000	0.000000	0.000000	-0.041667	0.000000	0.000000	-1.000000	10.380832	1.000000	0.000000	0.000000
tail.c:1421	0.000000	0.000000	0.000000	0.000000	-0.041667	0.000000	0.000000	-1.000000	10.380832	1.000000	0.000000	0.000000
tail.c:1424	0.000000	0.000000	0.000000	0.000000	-0.041667	0.000000	0.000000	-1.000000	10.380832	1.000000	0.000000	0.000000
tail.c:1425	0.000000	0.000000	0.000000	0.000000	-0.041667	0.000000	0.000000	-1.000000	10.380832	1.000000	0.000000	0.000000
tail.c:1438	0.000000	0.000000	0.000000	0.000000	-0.041667	0.000000	0.000000	-1.000000	10.380832	1.000000	0.000000	0.000000
tail.c:1439	0.000000	0.000000	0.000000	0.000000	-0.041667	0.000000	0.000000	-1.000000	10.380832	1.000000	0.000000	0.000000
tail.c:1440	0.000000	0.000000	0.000000	0.000000	-0.041667	0.000000	0.000000	-1.000000	10.380832	1.000000	0.000000	0.000000
tail.c:1442	0.000000	0.000000	0.000000	0.000000	-0.041667	0.000000	0.000000	-1.000000	10.380832	1.000000	0.000000	0.000000
tail.c:1443	0.000000	0.000000	0.000000	0.000000	-0.041667	0.000000	0.000000	-1.000000	10.380832	1.000000	0.000000	0.000000
tail.c:1585	0.000000	0.000000	0.000000	0.000000	-0.083333	0.000000	0.000000	-1.000000	10.579365	1.189207	0.000000	0.000000
tail.c:1590	0.000000	0.000000	0.000000	0.000000	-0.083333	0.000000	0.000000	-1.000000	10.579365	1.189207	0.000000	0.000000
tail.c:1596	0.000000	0.000000	0.000000	0.000000	-0.083333	0.000000	0.000000	-1.000000	10.579365	1.189207	0.000000	0.000000
tail.c:1598	0.000000	0.000000	0.000000	0.000000	-0.041667	0.000000	0.000000	-1.000000	10.380832	1.000000	0.000000	0.000000
tail.c:1599	0.000000	0.000000	0.000000	0.000000	-0.041667	0.000000	0.000000	-1.000000	10.380832	1.000000	0.000000	0.000000
tail.c:1601	0.000000	0.000000	0.000000	0.000000	-0.041667	0.000000	0.000000	-1.000000	10.380832	1.000000	0.000000	0.000000
tail.c:1602	0.000000	0.000000	0.000000	0.000000	-0.041667	0.000000	0.000000	-1.000000	10.380832	1.000000	0.000000	0.000000
tail.c:1606	0.000000	0.000000	0.000000	0.000000	-0.041667	0.000000	0.000000	-1.000000	10.380832	1.000000	0.000000	0.000000
tail.c:1607	0.000000	0.000000	0.000000	0.000000	-0.041667	0.000000	0.000000	-1.000000	10.380832	1.000000	0.000000	0.000000
tail.c:1608	0.000000	0.000000	0.000000	0.000000	-0.041667	0.000000	0.000000	-1.000000	10.380832	1.000000	0.000000	0.000000
tail.c:1610	0.000000	0.000000	0.000000	0.000000	-0.041667	0.000000	0.000000	-1.000000	10.380832	1.000000	0.000000	0.000000
tail.c:1614	0.000000	0.000000	0.000000	0.000000	-0.083333	0.000000	0.000000	-1.000000	10.579365	1.189207	0.000000	0.000000
tail.c:1615	0.000000	0.000000	0.000000	0.000000	-0.083333	0.000000	0.000000	-1.000000	10.579365	1.189207	0.000000	0.000000
tail.c:1616	0.000000	0.000000	0.000000	0.000000	-0.041667	0.000000	0.000000	-1.000000	10.380832	1.000000	0.000000	0.000000
tail.c:1617	0.000000	0.000000	0.000000	0.000000	-0.041667	0.000000	0.000000	-1.000000	10.380832	1.000000	0.000000	0.000000
tail.c:1618	0.000000	0.000000	0.000000	0.000000	-0.041667	0.000000	0.000000	-1.000000	10.380832	1.000000	0.000000	0.000000
tail.c:1619	0.000000	0.000000	0.000000	0.000000	-0.041667	0.000000	0.000000	-1.000000	10.380832	1.000000	0.000000	0.000000
tail.c:1622	0.000000	0.000000	0.000000	0.000000	-0.041667	0.000000	0.000000	-1.000000	10.380832	1.000000	0.000000	0.000000
tail.c:1623	0.000000	0.000000	0.000000	0.000000	-0.041667	0.000000	0.000000	-1.000000	10.380832	1.000000	0.000000	0.000000
tail.c:1625	0.000000	0.000000	0.000000	0.000000	-0.041667	0.000000	0.000000	-1.000000	10.380832	1.000000	0.000000	0.000000
tail.c:1631	0.000000	0.000000	0.000000	0.000000	-0.041667	0.000000	0.000000	-1.000000	10.380832	1.000000	0.000000	0.000000
tail.c:1637	0.000000	0.000000	0.000000	0.000000	-0.041667	0.000000	0.000000	-1.000000	10.380832	1.000000	0.000000	0.000000
tail.c:1639	0.000000	0.000000	0.000000	0.000000	-0.041667	0.000000	0.000000	-1.000000	10.380832	1.000000	0.000000	0.000000
tail.c:1642	0.000000	0.000000	0.000000	0.000000	-0.083333	0.000000	0.000000	-1.000000	10.579365	1.189207	0.000000	0.000000
tail.c:1644	0.000000	0.000000	0.000000	0.000000	-0.041667	0.000000	0.000000	-1.000000	10.380832	1.000000	0.000000	0.000000
tail.c:1651	0.000000	0.000000	0.000000	0.000000	-0.166667	0.000000	0.000000	-1.000000	10.717798	1.414214	0.000000	0.000000
tail.c:1656	0.000000	0.000000	0.000000	0.000000	-0.166667	0.000000	0.000000	-1.000000	10.717798	1.414214	0.000000	0.000000
tail.c:1662	0.000000	0.000000	0.000000	0.000000	-0.166667	0.000000	0.000000	-1.000000	10.717798	1.414214	0.000000	0.000000
tail.c:1664	0.000000	0.000000	0.000000	0.000000	-0.041667	0.000000	0.000000	-1.000000	10.380832	1.000000	0.000000	0.000000
tail.c:1665	0.000000	0.000000	0.000000	0.000000	-0.041667	0.000000	0.000000	-1.000000	10.380832	1.000000	0.000000	0.000000
tail.c:1667	0.000000	0.000000	0.000000	0.000000	-0.041667	0.000000	0.000000	-1.000000	10.380832	1.000000	0.000000	0.000000
tail.c:1671	0.000000	0.000000	0.000000	0.000000	-0.166667	0.000000	0.000000	-1.000000	10.717798	1.414214	0.000000	0.000000
tail.c:1676	0.000000	0.000000	0.000000	0.000000	-0.166667	0.000000	0.000000	-1.000000	10.717798	1.414214	0.000000	0.000000
tail.c:1677	0.000000	0.000000	0.000000	0.000000	-0.166667	0.000000	0.000000	-1.000000	10.717798	1.414214	0.000000	0.000000
tail.c:1678	0.000000	0.000000	0.000000	0.000000	-0.166667	0.000000	0.000000	-1.000000	10.717798	1.414214	0.000000	0.000000
tail.c:1679	0.000000	0.000000	0.000000	0.000000	-0.166667	0.000000	0.000000	-1.000000	10.717798	1.414214	0.000000	0.000000
tail.c:1681	0.000000	0.000000	0.000000	0.000000	-0.125000	0.000000	0.000000	-1.000000	10.676323	1.316074	0.000000	0.000000
tail.c:1682	0.000000	0.000000	0.000000	0.000000	-0.125000	0.000000	0.000000	-1.000000	10.676323	1.316074	0.000000	0.000000
tail.c:1683	0.000000	0.000000	0.000000	0.000000	-0.125000	0.000000	0.000000	-1.000000	10.676323	1.316074	0.000000	0.000000
tail.c:1693	0.000000	0.000000	0.000000	0.000000	-0.083333	0.000000	0.000000	-1.000000	10.579365	1.189207	0.000000	0.000000
tail.c:1694	0.000000	0.000000	0.000000	0.000000	-0.083333	0.000000	0.000000	-1.000000	10.579365	1.189207	0.000000	0.000000
tail.c:1696	0.000000	0.000000	0.000000	0.000000	-0.083333	0.000000	0.000000	-1.000000	10.579365	1.189207	0.000000	0.000000
tail.c:1699	0.000000	0.000000	0.000000	0.000000	-0.125000	0.000000	0.000000	-1.000000	10.676323	1.316074	0.000000	0.000000
tail.c:1713	0.000000	0.000000	0.000000	0.000000	-0.208333	0.000000	0.000000	-1.000000	10.721349	1.495349	0.000000	0.000000
tail.c:1716	0.000000	0.000000	0.000000	0.000000	-0.208333	0.000000	0.000000	-1.000000	10.721349	1.495349	0.000000	0.000000
tail.c:1717	0.000000	0.000000	0.000000	0.000000	-0.208333	0.000000	0.000000	-1.000000	10.721349	1.495349	0.000000	0.000000
tail.c:1718	0.000000	0.000000	0.000000	0.000000	-0.166667	0.000000	0.000000	-1.000000	10.717798	1.414214	0.000000	0.000000
tail.c:1720	0.000000	0.000000	0.000000	0.000000	-0.083333	0.000000	0.000000	-1.000000	10.579365	1.189207	0.000000	0.000000
tail.c:1727	0.766667	0.353553	0.125000	1.000000	0.708333	0.041667	1.000000	16.000000	12.645751	1.282868	1.066667	3.162278
tail.c:1732	0.766667	0.353553	0.125000	1.000000	0.708333	0.041667	1.000000	16.000000	12.645751	1.282868	1.066667	3.162278
tail.c:1734	0.766667	0.353553	0.125000	1.000000	0.708333	0.041667	1.000000	16.000000	12.645751	1.282868	1.066667	3.162278
tail.c:1736	0.000000	0.000000	0.000000	0.000000	-0.125000	0.000000	0.000000	-1.000000	10.676323	1.316074	0.000000	0.000000
tail.c:1737	0.000000	0.000000	0.000000	0.000000	-0.125000	0.000000	0.000000	-1.000000	10.676323	1.316074	0.000000	0.000000
tail.c:1742	0.821429	0.408248	0.166667	1.000000	0.791667	0.041667	1.000000	18.000000	12.721349	1.111786	1.090909	3.741657
tail.c:1744	0.766667	0.353553	0.125000	1.000000	0.708333	0.041667	1.000000	16.000000	12.645751	1.282868	1.066667	3.162278
tail.c:1746	0.766667	0.353553	0.125000	1.000000	0.708333	0.041667	1.000000	16.000000	12.645751	1.282868	1.066667	3.162278
tail.c:1748	0.884615	0.500000	0.250000	1.000000	0.875000	0.041667	1.000000	20.000000	12.676323	0.855600	1.142857	4.242641
tail.c:1750	0.920000	0.577350	0.333333	1.000000	0.916667	0.041667	1.000000	21.000000	12.579365	0.643594	1.200000	4.472136
tail.c:1751	0.920000	0.577350	0.333333	1.000000	0.916667	0.041667	1.000000	21.000000	12.579365	0.643594	1.200000	4.472136
tail.c:1752	0.920000	0.577350	0.333333	1.000000	0.916667	0.041667	1.000000	21.000000	12.579365	0.643594	1.200000	4.472136
tail.c:1753	0.920000	0.577350	0.333333	1.000000	0.916667	0.041667	1.000000	21.000000	12.579365	0.643594	1.200000	4.472136
tail.c:1754	0.920000	0.577350	0.333333	1.000000	0.916667	0.041667	1.000000	21.000000	12.579365	0.643594	1.200000	4.472136
tail.c:1756	0.884615	0.500000	0.250000	1.000000	0.875000	0.041667	1.000000	20.000000	12.676323	0.855600	1.142857	4.242641
tail.c:1758	0.884615	0.500000	0.250000	1.000000	0.875000	0.041667	1.000000	20.000000	12.676323	0.855600	1.142857	4.242641
tail.c:1764	0.000000	0.000000	0.000000	0.000000	-0.208333	0.000000	0.000000	-1.000000	10.721349	1.495349	0.000000	0.000000
tail.c:1766	0.000000	0.000000	0.000000	0.000000	-0.208333	0.000000	0.000000	-1.000000	10.721349	1.495349	0.000000	0.000000
tail.c:1767	0.000000	0.000000	0.000000	0.000000	-0.208333	0.000000	0.000000	-1.000000	10.721349	1.495349	0.000000	0.000000
tail.c:1777	0.000000	0.000000	0.000000	0.000000	-0.125000	0.000000	0.000000	-1.000000	10.676323	1.316074	0.000000	0.000000
tail.c:1778	0.000000	0.000000	0.000000	0.000000	-0.125000	0.000000	0.000000	-1.000000	10.676323	1.316074	0.000000	0.000000
tail.c:1784	0.000000	0.000000	0.000000	0.000000	-0.125000	0.000000	0.000000	-1.000000	10.676323	1.316074	0.000000	0.000000
tail.c:1794	0.000000	0.000000	0.000000	0.000000	-0.125000	0.000000	0.000000	-1.000000	10.676323	1.316074	0.000000	0.000000
tail.c:1804	0.000000	0.000000	0.000000	0.000000	-0.125000	0.000000	0.000000	-1.000000	10.676323	1.316074	0.000000	0.000000
tail.c:1805	0.000000	0.000000	0.000000	0.000000	-0.125000	0.000000	0.000000	-1.000000	10.676323	1.316074	0.000000	0.000000
tail.c:1810	0.000000	0.000000	0.000000	0.000000	-0.125000	0.000000	0.000000	-1.000000	10.676323	1.316074	0.000000	0.000000
tail.c:1818	0.766667	0.353553	0.125000	1.000000	0.708333	0.041667	1.000000	16.000000	12.645751	1.282868	1.066667	3.162278
tail.c:1831	0.511111	0.208514	0.043478	1.000000	0.083333	0.041667	1.000000	1.000000	8.690416	1.921045	1.022222	4.472136
tail.c:1837	0.511111	0.208514	0.043478	1.000000	0.083333	0.041667	1.000000	1.000000	8.690416	1.921045	1.022222	4.472136
tail.c:1839	0.511111	0.208514	0.043478	1.000000	0.083333	0.041667	1.000000	1.000000	8.690416	1.921045	1.022222	4.472136
tail.c:1840	0.511111	0.208514	0.043478	1.000000	0.083333	0.041667	1.000000	1.000000	8.690416	1.921045	1.022222	4.472136
tail.c:1844	0.511111	0.208514	0.043478	1.000000	0.083333	0.041667	1.000000	1.000000	8.690416	1.921045	1.022222	4.472136
tail.c:1845	0.741935	0.333333	0.111111	1.000000	0.666667	0.041667	1.000000	15.000000	12.574394	1.352193	1.058824	2.828427
tail.c:1846	0.821429	0.408248	0.166667	1.000000	0.791667	0.041667	1.000000	18.000000	12.721349	1.111786	1.090909	3.741657
tail.c:1847	0.793103	0.377964	0.142857	1.000000	0.750000	0.041667	1.000000	17.000000	12.695701	1.203948	1.076923	3.464102
tail.c:1849	0.000000	0.000000	0.000000	0.000000	-0.916667	0.000000	0.000000	-1.000000	6.690416	2.165737	0.000000	0.000000
tail.c:1850	0.000000	0.000000	0.000000	0.000000	-0.916667	0.000000	0.000000	-1.000000	6.690416	2.165737	0.000000	0.000000
tail.c:1852	0.000000	0.000000	0.000000	0.000000	-0.916667	0.000000	0.000000	-1.000000	6.690416	2.165737	0.000000	0.000000
tail.c:1859	0.000000	0.000000	0.000000	0.000000	-0.041667	0.000000	0.000000	-1.000000	10.380832	1.000000	0.000000	0.000000
tail.c:1860	0.000000	0.000000	0.000000	0.000000	-0.041667	0.000000	0.000000	-1.000000	10.380832	1.000000	0.000000	0.000000
tail.c:1862	0.000000	0.000000	0.000000	0.000000	-0.041667	0.000000	0.000000	-1.000000	10.380832	1.000000	0.000000	0.000000
tail.c:1863	0.000000	0.000000	0.000000	0.000000	-0.041667	0.000000	0.000000	-1.000000	10.380832	1.000000	0.000000	0.000000
tail.c:1870	0.000000	0.000000	0.000000	0.000000	-0.916667	0.000000	0.000000	-1.000000	6.690416	2.165737	0.000000	0.000000
tail.c:1871	0.000000	0.000000	0.000000	0.000000	-0.041667	0.000000	0.000000	-1.000000	10.380832	1.000000	0.000000	0.000000
tail.c:1873	0.000000	0.000000	0.000000	0.000000	-0.916667	0.000000	0.000000	-1.000000	6.690416	2.165737	0.000000	0.000000
tail.c:1874	0.000000	0.000000	0.000000	0.000000	-0.916667	0.000000	0.000000	-1.000000	6.690416	2.165737	0.000000	0.000000
tail.c:1877	0.000000	0.000000	0.000000	0.000000	-0.916667	0.000000	0.000000	-1.000000	6.690416	2.165737	0.000000	0.000000
tail.c:1878	0.000000	0.000000	0.000000	0.000000	-0.916667	0.000000	0.000000	-1.000000	6.690416	2.165737	0.000000	0.000000
tail.c:1879	0.000000	0.000000	0.000000	0.000000	-0.041667	0.000000	0.000000	-1.000000	10.380832	1.000000	0.000000	0.000000
tail.c:1880	0.000000	0.000000	0.000000	0.000000	-0.916667	0.000000	0.000000	-1.000000	6.690416	2.165737	0.000000	0.000000
tail.c:1882	0.000000	0.000000	0.000000	0.000000	-0.916667	0.000000	0.000000	-1.000000	6.690416	2.165737	0.000000	0.000000
tail.c:1884	0.000000	0.000000	0.000000	0.000000	-0.041667	0.000000	0.000000	-1.000000	10.380832	1.000000	0.000000	0.000000
tail.c:1885	0.000000	0.000000	0.000000	0.000000	-0.083333	0.000000	0.000000	-1.000000	10.579365	1.189207	0.000000	0.000000
tail.c:1886	0.000000	0.000000	0.000000	0.000000	-0.083333	0.000000	0.000000	-1.000000	10.579365	1.189207	0.000000	0.000000
tail.c:1889	0.000000	0.000000	0.000000	0.000000	-0.916667	0.000000	0.000000	-1.000000	6.690416	2.165737	0.000000	0.000000
tail.c:1895	0.000000	0.000000	0.000000	0.000000	-0.916667	0.000000	0.000000	-1.000000	6.690416	2.165737	0.000000	0.000000
tail.c:1896	0.000000	0.000000	0.000000	0.000000	-0.916667	0.000000	0.000000	-1.000000	6.690416	2.165737	0.000000	0.000000
tail.c:1898	0.000000	0.000000	0.000000	0.000000	-0.041667	0.000000	0.000000	-1.000000	10.380832	1.000000	0.000000	0.000000
tail.c:1899	0.000000	0.000000	0.000000	0.000000	-0.041667	0.000000	0.000000	-1.000000	10.380832	1.000000	0.000000	0.000000
tail.c:1900	0.000000	0.000000	0.000000	0.000000	-0.041667	0.000000	0.000000	-1.000000	10.380832	1.000000	0.000000	0.000000
tail.c:1901	0.000000	0.000000	0.000000	0.000000	-0.041667	0.000000	0.000000	-1.000000	10.380832	1.000000	0.000000	0.000000
tail.c:1906	0.000000	0.000000	0.000000	0.000000	-0.041667	0.000000	0.000000	-1.000000	10.380832	1.000000	0.000000	0.000000
tail.c:1907	0.000000	0.000000	0.000000	0.000000	-0.041667	0.000000	0.000000	-1.000000	10.380832	1.000000	0.000000	0.000000
tail.c:1908	0.000000	0.000000	0.000000	0.000000	-0.041667	0.000000	0.000000	-1.000000	10.380832	1.000000	0.000000	0.000000
tail.c:1910	0.000000	0.000000	0.000000	0.000000	-0.041667	0.000000	0.000000	-1.000000	10.380832	1.000000	0.000000	0.000000
tail.c:1914	0.511111	0.208514	0.043478	1.000000	0.083333	0.041667	1.000000	1.000000	8.690416	1.921045	1.022222	4.472136
tail.c:1920	0.511111	0.208514	0.043478	1.000000	0.083333	0.041667	1.000000	1.000000	8.690416	1.921045	1.022222	4.472136
tail.c:1924	0.511111	0.208514	0.043478	1.000000	0.083333	0.041667	1.000000	1.000000	8.690416	1.921045	1.022222	4.472136
tail.c:1934	0.000000	0.000000	0.000000	0.000000	-0.166667	0.000000	0.000000	-1.000000	10.717798	1.414214	0.000000	0.000000
tail.c:1935	0.000000	0.000000	0.000000	0.000000	-0.166667	0.000000	0.000000	-1.000000	10.717798	1.414214	0.000000	0.000000
tail.c:1936	0.000000	0.000000	0.000000	0.000000	-0.041667	0.000000	0.000000	-1.000000	10.380832	1.000000	0.000000	0.000000
tail.c:1937	0.000000	0.000000	0.000000	0.000000	-0.166667	0.000000	0.000000	-1.000000	10.717798	1.414214	0.000000	0.000000
tail.c:1938	0.000000	0.000000	0.000000	0.000000	-0.041667	0.000000	0.000000	-1.000000	10.380832	1.000000	0.000000	0.000000
tail.c:1942	0.000000	0.000000	0.000000	0.000000	-0.166667	0.000000	0.000000	-1.000000	10.717798	1.414214	0.000000	0.000000
tail.c:1943	0.000000	0.000000	0.000000	0.000000	-0.166667	0.000000	0.000000	-1.000000	10.717798	1.414214	0.000000	0.000000
tail.c:1945	0.000000	0.000000	0.000000	0.000000	-0.041667	0.000000	0.000000	-1.000000	10.380832	1.000000	0.000000	0.000000
tail.c:1951	0.000000	0.000000	0.000000	0.000000	-0.166667	0.000000	0.000000	-1.000000	10.717798	1.414214	0.000000	0.000000
tail.c:1955	0.821429	0.408248	0.166667	1.000000	0.791667	0.041667	1.000000	18.000000	12.721349	1.111786	1.090909	3.741657
tail.c:1956	0.821429	0.408248	0.166667	1.000000	0.791667	0.041667	1.000000	18.000000	12.721349	1.111786	1.090909	3.741657
tail.c:1957	0.000000	0.000000	0.000000	0.000000	-0.166667	0.000000	0.000000	-1.000000	10.717798	1.414214	0.000000	0.000000
tail.c:1959	0.958333	0.707107	0.500000	1.000000	0.958333	0.041667	1.000000	22.000000	12.380832	0.000000	1.333333	4.690416
tail.c:1961	0.821429	0.408248	0.166667	1.000000	0.791667	0.041667	1.000000	18.000000	12.721349	1.111786	1.090909	3.741657
tail.c:1964	1.000000	1.000000	1.000000	1.000000	1.000000	0.041667	1.000000	23.000000	11.591663	1.000000	2.000000	4.898979
tail.c:1965	1.000000	1.000000	1.000000	1.000000	1.000000	0.041667	1.000000	23.000000	11.591663	1.000000	2.000000	4.898979
tail.c:1981	0.000000	0.000000	0.000000	0.000000	-0.083333	0.000000	0.000000	-1.000000	10.579365	1.189207	0.000000	0.000000
tail.c:1982	0.000000	0.000000	0.000000	0.000000	-0.083333	0.000000	0.000000	-1.000000	10.579365	1.189207	0.000000	0.000000
tail.c:1988	0.000000	0.000000	0.000000	0.000000	-0.041667	0.000000	0.000000	-1.000000	10.380832	1.000000	0.000000	0.000000
tail.c:1989	0.000000	0.000000	0.000000	0.000000	-0.041667	0.000000	0.000000	-1.000000	10.380832	1.000000	0.000000	0.000000
tail.c:1993	0.000000	0.000000	0.000000	0.000000	-0.041667	0.000000	0.000000	-1.000000	10.380832	1.000000	0.000000	0.000000
tail.c:1995	0.000000	0.000000	0.000000	0.000000	-0.041667	0.000000	0.000000	-1.000000	10.380832	1.000000	0.000000	0.000000
tail.c:2008	0.920000	0.577350	0.333333	1.000000	0.916667	0.041667	1.000000	21.000000	12.579365	0.643594	1.200000	4.472136
tail.c:2011	0.920000	0.577350	0.333333	1.000000	0.916667	0.041667	1.000000	21.000000	12.579365	0.643594	1.200000	4.472136
tail.c:2013	0.920000	0.577350	0.333333	1.000000	0.916667	0.041667	1.000000	21.000000	12.579365	0.643594	1.200000	4.472136
tail.c:2021	0.000000	0.000000	0.000000	0.000000	-0.916667	0.000000	0.000000	-1.000000	6.690416	2.165737	0.000000	0.000000
tail.c:2025	0.000000	0.000000	0.000000	0.000000	-0.041667	0.000000	0.000000	-1.000000	10.380832	1.000000	0.000000	0.000000
tail.c:2033	0.741935	0.333333	0.111111	1.000000	0.666667	0.041667	1.000000	15.000000	12.574394	1.352193	1.058824	2.828427
tail.c:2034	1.000000	1.000000	1.000000	1.000000	1.000000	0.041667	1.000000	23.000000	11.591663	1.000000	2.000000	4.898979
tail.c:2036	0.741935	0.333333	0.111111	1.000000	0.666667	0.041667	1.000000	15.000000	12.574394	1.352193	1.058824	2.828427
tail.c:2039	0.741935	0.333333	0.111111	1.000000	0.666667	0.041667	1.000000	15.000000	12.574394	1.352193	1.058824	2.828427
tail.c:2044	0.741935	0.333333	0.111111	1.000000	0.666667	0.041667	1.000000	15.000000	12.574394	1.352193	1.058824	2.828427
tail.c:2049	0.821429	0.408248	0.166667	1.000000	0.791667	0.041667	1.000000	18.000000	12.721349	1.111786	1.090909	3.741657
tail.c:2055	0.821429	0.408248	0.166667	1.000000	0.791667	0.041667	1.000000	18.000000	12.721349	1.111786	1.090909	3.741657
tail.c:2058	0.821429	0.408248	0.166667	1.000000	0.791667	0.041667	1.000000	18.000000	12.721349	1.111786	1.090909	3.741657
tail.c:2060	0.821429	0.408248	0.166667	1.000000	0.791667	0.041667	1.000000	18.000000	12.721349	1.111786	1.090909	3.741657
tail.c:2061	0.821429	0.408248	0.166667	1.000000	0.791667	0.041667	1.000000	18.000000	12.721349	1.111786	1.090909	3.741657
tail.c:2062	0.000000	0.000000	0.000000	0.000000	-0.083333	0.000000	0.000000	-1.000000	10.579365	1.189207	0.000000	0.000000
tail.c:2063	0.000000	0.000000	0.000000	0.000000	-0.083333	0.000000	0.000000	-1.000000	10.579365	1.189207	0.000000	0.000000
tail.c:2064	0.821429	0.408248	0.166667	1.000000	0.791667	0.041667	1.000000	18.000000	12.721349	1.111786	1.090909	3.741657
tail.c:2066	0.821429	0.408248	0.166667	1.000000	0.791667	0.041667	1.000000	18.000000	12.721349	1.111786	1.090909	3.741657
tail.c:2067	0.000000	0.000000	0.000000	0.000000	-0.083333	0.000000	0.000000	-1.000000	10.579365	1.189207	0.000000	0.000000
tail.c:2069	0.884615	0.500000	0.250000	1.000000	0.875000	0.041667	1.000000	20.000000	12.676323	0.855600	1.142857	4.242641
tail.c:2072	0.821429	0.408248	0.166667	1.000000	0.791667	0.041667	1.000000	18.000000	12.721349	1.111786	1.090909	3.741657
tail.c:2076	0.511111	0.208514	0.043478	1.000000	0.083333	0.041667	1.000000	1.000000	8.690416	1.921045	1.022222	4.472136
tail.c:2078	0.511111	0.208514	0.043478	1.000000	0.083333	0.041667	1.000000	1.000000	8.690416	1.921045	1.022222	4.472136
tail.c:2079	0.511111	0.208514	0.043478	1.000000	0.083333	0.041667	1.000000	1.000000	8.690416	1.921045	1.022222	4.472136
tail.c:2083	0.511111	0.208514	0.043478	1.000000	0.083333	0.041667	1.000000	1.000000	8.690416	1.921045	1.022222	4.472136
tail.c:2093	0.511111	0.208514	0.043478	1.000000	0.083333	0.041667	1.000000	1.000000	8.690416	1.921045	1.022222	4.472136
tail.c:2096	0.511111	0.208514	0.043478	1.000000	0.083333	0.041667	1.000000	1.000000	8.690416	1.921045	1.022222	4.472136
tail.c:2097	0.511111	0.208514	0.043478	1.000000	0.083333	0.041667	1.000000	1.000000	8.690416	1.921045	1.022222	4.472136
tail.c:2101	0.511111	0.208514	0.043478	1.000000	0.083333	0.041667	1.000000	1.000000	8.690416	1.921045	1.022222	4.472136
tail.c:2103	0.511111	0.208514	0.043478	1.000000	0.083333	0.041667	1.000000	1.000000	8.690416	1.921045	1.022222	4.472136
tail.c:2105	0.511111	0.208514	0.043478	1.000000	0.083333	0.041667	1.000000	1.000000	8.690416	1.921045	1.022222	4.472136
tail.c:2106	0.511111	0.208514	0.043478	1.000000	0.083333	0.041667	1.000000	1.000000	8.690416	1.921045	1.022222	4.472136
tail.c:2107	0.511111	0.208514	0.043478	1.000000	0.083333	0.041667	1.000000	1.000000	8.690416	1.921045	1.022222	4.472136
tail.c:2108	0.511111	0.208514	0.043478	1.000000	0.083333	0.041667	1.000000	1.000000	8.690416	1.921045	1.022222	4.472136
tail.c:2109	0.511111	0.208514	0.043478	1.000000	0.083333	0.041667	1.000000	1.000000	8.690416	1.921045	1.022222	4.472136
tail.c:2110	0.511111	0.208514	0.043478	1.000000	0.083333	0.041667	1.000000	1.000000	8.690416	1.921045	1.022222	4.472136
tail.c:2115	0.741935	0.333333	0.111111	1.000000	0.666667	0.041667	1.000000	15.000000	12.574394	1.352193	1.058824	2.828427
tail.c:2117	0.000000	0.000000	0.000000	0.000000	-0.041667	0.000000	0.000000	-1.000000	10.380832	1.000000	0.000000	0.000000
tail.c:2118	0.000000	0.000000	0.000000	0.000000	-0.041667	0.000000	0.000000	-1.000000	10.380832	1.000000	0.000000	0.000000
tail.c:2121	0.741935	0.333333	0.111111	1.000000	0.666667	0.041667	1.000000	15.000000	12.574394	1.352193	1.058824	2.828427
tail.c:2123	0.793103	0.377964	0.142857	1.000000	0.750000	0.041667	1.000000	17.000000	12.695701	1.203948	1.076923	3.464102
tail.c:2124	0.793103	0.377964	0.142857	1.000000	0.750000	0.041667	1.000000	17.000000	12.695701	1.203948	1.076923	3.464102
tail.c:2129	0.000000	0.000000	0.000000	0.000000	-0.125000	0.000000	0.000000	-1.000000	10.676323	1.316074	0.000000	0.000000
tail.c:2130	0.000000	0.000000	0.000000	0.000000	-0.125000	0.000000	0.000000	-1.000000	10.676323	1.316074	0.000000	0.000000
tail.c:2134	0.741935	0.333333	0.111111	1.000000	0.666667	0.041667	1.000000	15.000000	12.574394	1.352193	1.058824	2.828427
tail.c:2136	0.741935	0.333333	0.111111	1.000000	0.666667	0.041667	1.000000	15.000000	12.574394	1.352193	1.058824	2.828427
tail.c:2137	0.741935	0.333333	0.111111	1.000000	0.666667	0.041667	1.000000	15.000000	12.574394	1.352193	1.058824	2.828427
tail.c:2138	0.000000	0.000000	0.000000	0.000000	-0.125000	0.000000	0.000000	-1.000000	10.676323	1.316074	0.000000	0.000000
tail.c:2141	0.741935	0.333333	0.111111	1.000000	0.666667	0.041667	1.000000	15.000000	12.574394	1.352193	1.058824	2.828427
tail.c:2147	0.741935	0.333333	0.111111	1.000000	0.666667	0.041667	1.000000	15.000000	12.574394	1.352193	1.058824	2.828427
tail.c:2153	0.741935	0.333333	0.111111	1.000000	0.666667	0.041667	1.000000	15.000000	12.574394	1.352193	1.058824	2.828427
tail.c:2154	0.000000	0.000000	0.000000	0.000000	-0.083333	0.000000	0.000000	-1.000000	10.579365	1.189207	0.000000	0.000000
tail.c:2156	0.766667	0.353553	0.125000	1.000000	0.708333	0.041667	1.000000	16.000000	12.645751	1.282868	1.066667	3.162278
tail.c:2157	0.766667	0.353553	0.125000	1.000000	0.708333	0.041667	1.000000	16.000000	12.645751	1.282868	1.066667	3.162278
tail.c:2158	0.766667	0.353553	0.125000	1.000000	0.708333	0.041667	1.000000	16.000000	12.645751	1.282868	1.066667	3.162278
tail.c:2160	0.766667	0.353553	0.125000	1.000000	0.708333	0.041667	1.000000	16.000000	12.645751	1.282868	1.066667	3.162278
tail.c:2161	0.766667	0.353553	0.125000	1.000000	0.708333	0.041667	1.000000	16.000000	12.645751	1.282868	1.066667	3.162278
tail.c:2167	0.766667	0.353553	0.125000	1.000000	0.708333	0.041667	1.000000	16.000000	12.645751	1.282868	1.066667	3.162278
tail.c:2168	0.766667	0.353553	0.125000	1.000000	0.708333	0.041667	1.000000	16.000000	12.645751	1.282868	1.066667	3.162278
tail.c:2170	0.766667	0.353553	0.125000	1.000000	0.708333	0.041667	1.000000	16.000000	12.645751	1.282868	1.066667	3.162278
tail.c:2195	0.884615	0.500000	0.250000	1.000000	0.875000	0.041667	1.000000	20.000000	12.676323	0.855600	1.142857	4.242641
tail.c:2196	0.884615	0.500000	0.250000	1.000000	0.875000	0.041667	1.000000	20.000000	12.676323	0.855600	1.142857	4.242641
tail.c:2197	0.000000	0.000000	0.000000	0.000000	-0.041667	0.000000	0.000000	-1.000000	10.380832	1.000000	0.000000	0.000000
tail.c:2199	0.884615	0.500000	0.250000	1.000000	0.875000	0.041667	1.000000	20.000000	12.676323	0.855600	1.142857	4.242641
tail.c:2201	0.920000	0.577350	0.333333	1.000000	0.916667	0.041667	1.000000	21.000000	12.579365	0.643594	1.200000	4.472136
tail.c:2202	0.920000	0.577350	0.333333	1.000000	0.916667	0.041667	1.000000	21.000000	12.579365	0.643594	1.200000	4.472136
tail.c:2207	0.920000	0.577350	0.333333	1.000000	0.916667	0.041667	1.000000	21.000000	12.579365	0.643594	1.200000	4.472136
tail.c:2210	0.920000	0.577350	0.333333	1.000000	0.916667	0.041667	1.000000	21.000000	12.579365	0.643594	1.200000	4.472136
tail.c:2211	0.920000	0.577350	0.333333	1.000000	0.916667	0.041667	1.000000	21.000000	12.579365	0.643594	1.200000	4.472136
tail.c:2216	0.000000	0.000000	0.000000	0.000000	-0.083333	0.000000	0.000000	-1.000000	10.579365	1.189207	0.000000	0.000000
tail.c:2217	0.000000	0.000000	0.000000	0.000000	-0.083333	0.000000	0.000000	-1.000000	10.579365	1.189207	0.000000	0.000000
tail.c:2220	0.000000	0.000000	0.000000	0.000000	-0.250000	0.000000	0.000000	-1.000000	10.695701	1.565085	0.000000	0.000000
tail.c:2222	0.000000	0.000000	0.000000	0.000000	-0.250000	0.000000	0.000000	-1.000000	10.695701	1.565085	0.000000	0.000000
tail.c:333	0.000000	0.000000	0.000000	0.000000	-0.041667	0.000000	0.000000	-1.000000	10.380832	1.000000	0.000000	0.000000
tail.c:336	0.000000	0.000000	0.000000	0.000000	-0.041667	0.000000	0.000000	-1.000000	10.380832	1.000000	0.000000	0.000000
tail.c:340	0.766667	0.353553	0.125000	1.000000	0.708333	0.041667	1.000000	16.000000	12.645751	1.282868	1.066667	3.162278
tail.c:342	0.766667	0.353553	0.125000	1.000000	0.708333	0.041667	1.000000	16.000000	12.645751	1.282868	1.066667	3.162278
tail.c:346	0.000000	0.000000	0.000000	0.000000	-0.166667	0.000000	0.000000	-1.000000	10.717798	1.414214	0.000000	0.000000
tail.c:348	0.000000	0.000000	0.000000	0.000000	-0.166667	0.000000	0.000000	-1.000000	10.717798	1.414214	0.000000	0.000000
tail.c:350	0.000000	0.000000	0.000000	0.000000	-0.166667	0.000000	0.000000	-1.000000	10.717798	1.414214	0.000000	0.000000
tail.c:356	0.000000	0.000000	0.000000	0.000000	-0.125000	0.000000	0.000000	-1.000000	10.676323	1.316074	0.000000	0.000000
tail.c:360	0.000000	0.000000	0.000000	0.000000	-0.125000	0.000000	0.000000	-1.000000	10.676323	1.316074	0.000000	0.000000
tail.c:361	0.000000	0.000000	0.000000	0.000000	-0.125000	0.000000	0.000000	-1.000000	10.676323	1.316074	0.000000	0.000000
tail.c:362	0.000000	0.000000	0.000000	0.000000	-0.125000	0.000000	0.000000	-1.000000	10.676323	1.316074	0.000000	0.000000
tail.c:363	0.000000	0.000000	0.000000	0.000000	-0.125000	0.000000	0.000000	-1.000000	10.676323	1.316074	0.000000	0.000000
tail.c:364	0.000000	0.000000	0.000000	0.000000	-0.125000	0.000000	0.000000	-1.000000	10.676323	1.316074	0.000000	0.000000
tail.c:365	0.000000	0.000000	0.000000	0.000000	-0.125000	0.000000	0.000000	-1.000000	10.676323	1.316074	0.000000	0.000000
tail.c:366	0.000000	0.000000	0.000000	0.000000	-0.125000	0.000000	0.000000	-1.000000	10.676323	1.316074	0.000000	0.000000
tail.c:367	0.000000	0.000000	0.000000	0.000000	-0.125000	0.000000	0.000000	-1.000000	10.676323	1.316074	0.000000	0.000000
tail.c:368	0.000000	0.000000	0.000000	0.000000	-0.125000	0.000000	0.000000	-1.000000	10.676323	1.316074	0.000000	0.000000
tail.c:369	0.000000	0.000000	0.000000	0.000000	-0.125000	0.000000	0.000000	-1.000000	10.676323	1.316074	0.000000	0.000000
tail.c:374	0.000000	0.000000	0.000000	0.000000	-0.083333	0.000000	0.000000	-1.000000	10.579365	1.189207	0.000000	0.000000
tail.c:376	0.000000	0.000000	0.000000	0.000000	-0.083333	0.000000	0.000000	-1.000000	10.579365	1.189207	0.000000	0.000000
tail.c:380	0.000000	0.000000	0.000000	0.000000	-0.083333	0.000000	0.000000	-1.000000	10.579365	1.189207	0.000000	0.000000
tail.c:397	0.000000	0.000000	0.000000	0.000000	-0.125000	0.000000	0.000000	-1.000000	10.676323	1.316074	0.000000	0.000000
tail.c:400	0.000000	0.000000	0.000000	0.000000	-0.125000	0.000000	0.000000	-1.000000	10.676323	1.316074	0.000000	0.000000
tail.c:402	0.000000	0.000000	0.000000	0.000000	-0.125000	0.000000	0.000000	-1.000000	10.676323	1.316074	0.000000	0.000000
tail.c:406	0.000000	0.000000	0.000000	0.000000	-0.125000	0.000000	0.000000	-1.000000	10.676323	1.316074	0.000000	0.000000
tail.c:407	0.000000	0.000000	0.000000	0.000000	-0.125000	0.000000	0.000000	-1.000000	10.676323	1.316074	0.000000	0.000000
tail.c:408	0.000000	0.000000	0.000000	0.000000	-0.125000	0.000000	0.000000	-1.000000	10.676323	1.316074	0.000000	0.000000
tail.c:413	0.000000	0.000000	0.000000	0.000000	-0.125000	0.000000	0.000000	-1.000000	10.676323	1.316074	0.000000	0.000000
tail.c:415	0.000000	0.000000	0.000000	0.000000	-0.125000	0.000000	0.000000	-1.000000	10.676323	1.316074	0.000000	0.000000
tail.c:416	0.000000	0.000000	0.000000	0.000000	-0.125000	0.000000	0.000000	-1.000000	10.676323	1.316074	0.000000	0.000000
tail.c:417	0.000000	0.000000	0.000000	0.000000	-0.083333	0.000000	0.000000	-1.000000	10.579365	1.189207	0.000000	0.000000
tail.c:418	0.000000	0.000000	0.000000	0.000000	-0.083333	0.000000	0.000000	-1.000000	10.579365	1.189207	0.000000	0.000000
tail.c:419	0.000000	0.000000	0.000000	0.000000	-0.083333	0.000000	0.000000	-1.000000	10.579365	1.189207	0.000000	0.000000
tail.c:421	0.000000	0.000000	0.000000	0.000000	-0.083333	0.000000	0.000000	-1.000000	10.579365	1.189207	0.000000	0.000000
tail.c:422	0.000000	0.000000	0.000000	0.000000	-0.083333	0.000000	0.000000	-1.000000	10.579365	1.189207	0.000000	0.000000
tail.c:425	0.000000	0.000000	0.000000	0.000000	-0.083333	0.000000	0.000000	-1.000000	10.579365	1.189207	0.000000	0.000000
tail.c:427	0.000000	0.000000	0.000000	0.000000	-0.125000	0.000000	0.000000	-1.000000	10.676323	1.316074	0.000000	0.000000
tail.c:436	0.000000	0.000000	0.000000	0.000000	-0.166667	0.000000	0.000000	-1.000000	10.717798	1.414214	0.000000	0.000000
tail.c:438	0.000000	0.000000	0.000000	0.000000	-0.166667	0.000000	0.000000	-1.000000	10.717798	1.414214	0.000000	0.000000
tail.c:442	0.000000	0.000000	0.000000	0.000000	-0.166667	0.000000	0.000000	-1.000000	10.717798	1.414214	0.000000	0.000000
tail.c:443	0.000000	0.000000	0.000000	0.000000	-0.166667	0.000000	0.000000	-1.000000	10.717798	1.414214	0.000000	0.000000
tail.c:477	0.000000	0.000000	0.000000	0.000000	-0.125000	0.000000	0.000000	-1.000000	10.676323	1.316074	0.000000	0.000000
tail.c:482	0.000000	0.000000	0.000000	0.000000	-0.125000	0.000000	0.000000	-1.000000	10.676323	1.316074	0.000000	0.000000
tail.c:484	0.000000	0.000000	0.000000	0.000000	-0.125000	0.000000	0.000000	-1.000000	10.676323	1.316074	0.000000	0.000000
tail.c:489	0.000000	0.000000	0.000000	0.000000	-0.125000	0.000000	0.000000	-1.000000	10.676323	1.316074	0.000000	0.000000
tail.c:490	0.000000	0.000000	0.000000	0.000000	-0.125000	0.000000	0.000000	-1.000000	10.676323	1.316074	0.000000	0.000000
tail.c:494	0.000000	0.000000	0.000000	0.000000	-0.125000	0.000000	0.000000	-1.000000	10.676323	1.316074	0.000000	0.000000
tail.c:495	0.000000	0.000000	0.000000	0.000000	-0.125000	0.000000	0.000000	-1.000000	10.676323	1.316074	0.000000	0.000000
tail.c:496	0.000000	0.000000	0.000000	0.000000	-0.125000	0.000000	0.000000	-1.000000	10.676323	1.316074	0.000000	0.000000
tail.c:497	0.000000	0.000000	0.000000	0.000000	-0.125000	0.000000	0.000000	-1.000000	10.676323	1.316074	0.000000	0.000000
tail.c:502	0.000000	0.000000	0.000000	0.000000	-0.125000	0.000000	0.000000	-1.000000	10.676323	1.316074	0.000000	0.000000
tail.c:505	0.000000	0.000000	0.000000	0.000000	-0.125000	0.000000	0.000000	-1.000000	10.676323	1.316074	0.000000	0.000000
tail.c:506	0.000000	0.000000	0.000000	0.000000	-0.041667	0.000000	0.000000	-1.000000	10.380832	1.000000	0.000000	0.000000
tail.c:512	0.000000	0.000000	0.000000	0.000000	-0.125000	0.000000	0.000000	-1.000000	10.676323	1.316074	0.000000	0.000000
tail.c:513	0.000000	0.000000	0.000000	0.000000	-0.125000	0.000000	0.000000	-1.000000	10.676323	1.316074	0.000000	0.000000
tail.c:516	0.000000	0.000000	0.000000	0.000000	-0.125000	0.000000	0.000000	-1.000000	10.676323	1.316074	0.000000	0.000000
tail.c:517	0.000000	0.000000	0.000000	0.000000	-0.125000	0.000000	0.000000	-1.000000	10.676323	1.316074	0.000000	0.000000
tail.c:518	0.000000	0.000000	0.000000	0.000000	-0.083333	0.000000	0.000000	-1.000000	10.579365	1.189207	0.000000	0.000000
tail.c:519	0.000000	0.000000	0.000000	0.000000	-0.125000	0.000000	0.000000	-1.000000	10.676323	1.316074	0.000000	0.000000
tail.c:520	0.000000	0.000000	0.000000	0.000000	-0.125000	0.000000	0.000000	-1.000000	10.676323	1.316074	0.000000	0.000000
tail.c:524	0.000000	0.000000	0.000000	0.000000	-0.083333	0.000000	0.000000	-1.000000	10.579365	1.189207	0.000000	0.000000
tail.c:525	0.000000	0.000000	0.000000	0.000000	-0.083333	0.000000	0.000000	-1.000000	10.579365	1.189207	0.000000	0.000000
tail.c:526	0.000000	0.000000	0.000000	0.000000	-0.083333	0.000000	0.000000	-1.000000	10.579365	1.189207	0.000000	0.000000
tail.c:527	0.000000	0.000000	0.000000	0.000000	-0.083333	0.000000	0.000000	-1.000000	10.579365	1.189207	0.000000	0.000000
tail.c:528	0.000000	0.000000	0.000000	0.000000	-0.083333	0.000000	0.000000	-1.000000	10.579365	1.189207	0.000000	0.000000
tail.c:533	0.000000	0.000000	0.000000	0.000000	-0.083333	0.000000	0.000000	-1.000000	10.579365	1.189207	0.000000	0.000000
tail.c:537	0.000000	0.000000	0.000000	0.000000	-0.083333	0.000000	0.000000	-1.000000	10.579365	1.189207	0.000000	0.000000
tail.c:538	0.000000	0.000000	0.000000	0.000000	-0.083333	0.000000	0.000000	-1.000000	10.579365	1.189207	0.000000	0.000000
tail.c:540	0.000000	0.000000	0.000000	0.000000	-0.083333	0.000000	0.000000	-1.000000	10.579365	1.189207	0.000000	0.000000
tail.c:565	0.000000	0.000000	0.000000	0.000000	-0.083333	0.000000	0.000000	-1.000000	10.579365	1.189207	0.000000	0.000000
tail.c:577	0.000000	0.000000	0.000000	0.000000	-0.083333	0.000000	0.000000	-1.000000	10.579365	1.189207	0.000000	0.000000
tail.c:578	0.000000	0.000000	0.000000	0.000000	-0.083333	0.000000	0.000000	-1.000000	10.579365	1.189207	0.000000	0.000000
tail.c:581	0.000000	0.000000	0.000000	0.000000	-0.083333	0.000000	0.000000	-1.000000	10.579365	1.189207	0.000000	0.000000
tail.c:582	0.000000	0.000000	0.000000	0.000000	-0.083333	0.000000	0.000000	-1.000000	10.579365	1.189207	0.000000	0.000000
tail.c:583	0.000000	0.000000	0.000000	0.000000	-0.083333	0.000000	0.000000	-1.000000	10.579365	1.189207	0.000000	0.000000
tail.c:584	0.000000	0.000000	0.000000	0.000000	-0.083333	0.000000	0.000000	-1.000000	10.579365	1.189207	0.000000	0.000000
tail.c:589	0.000000	0.000000	0.000000	0.000000	-0.083333	0.000000	0.000000	-1.000000	10.579365	1.189207	0.000000	0.000000
tail.c:590	0.000000	0.000000	0.000000	0.000000	-0.083333	0.000000	0.000000	-1.000000	10.579365	1.189207	0.000000	0.000000
tail.c:592	0.000000	0.000000	0.000000	0.000000	-0.041667	0.000000	0.000000	-1.000000	10.380832	1.000000	0.000000	0.000000
tail.c:593	0.000000	0.000000	0.000000	0.000000	-0.041667	0.000000	0.000000	-1.000000	10.380832	1.000000	0.000000	0.000000
tail.c:594	0.000000	0.000000	0.000000	0.000000	-0.041667	0.000000	0.000000	-1.000000	10.380832	1.000000	0.000000	0.000000
tail.c:595	0.000000	0.000000	0.000000	0.000000	-0.041667	0.000000	0.000000	-1.000000	10.380832	1.000000	0.000000	0.000000
tail.c:599	0.000000	0.000000	0.000000	0.000000	-0.041667	0.000000	0.000000	-1.000000	10.380832	1.000000	0.000000	0.000000
tail.c:600	0.000000	0.000000	0.000000	0.000000	-0.041667	0.000000	0.000000	-1.000000	10.380832	1.000000	0.000000	0.000000
tail.c:601	0.000000	0.000000	0.000000	0.000000	-0.041667	0.000000	0.000000	-1.000000	10.380832	1.000000	0.000000	0.000000
tail.c:603	0.000000	0.000000	0.000000	0.000000	-0.041667	0.000000	0.000000	-1.000000	10.380832	1.000000	0.000000	0.000000
tail.c:604	0.000000	0.000000	0.000000	0.000000	-0.041667	0.000000	0.000000	-1.000000	10.380832	1.000000	0.000000	0.000000
tail.c:607	0.000000	0.000000	0.000000	0.000000	-0.041667	0.000000	0.000000	-1.000000	10.380832	1.000000	0.000000	0.000000
tail.c:612	0.000000	0.000000	0.000000	0.000000	-0.041667	0.000000	0.000000	-1.000000	10.380832	1.000000	0.000000	0.000000
tail.c:614	0.000000	0.000000	0.000000	0.000000	-0.041667	0.000000	0.000000	-1.000000	10.380832	1.000000	0.000000	0.000000
tail.c:615	0.000000	0.000000	0.000000	0.000000	-0.041667	0.000000	0.000000	-1.000000	10.380832	1.000000	0.000000	0.000000
tail.c:616	0.000000	0.000000	0.000000	0.000000	-0.041667	0.000000	0.000000	-1.000000	10.380832	1.000000	0.000000	0.000000
tail.c:635	0.000000	0.000000	0.000000	0.000000	-0.041667	0.000000	0.000000	-1.000000	10.380832	1.000000	0.000000	0.000000
tail.c:637	0.000000	0.000000	0.000000	0.000000	-0.083333	0.000000	0.000000	-1.000000	10.579365	1.189207	0.000000	0.000000
tail.c:639	0.000000	0.000000	0.000000	0.000000	-0.083333	0.000000	0.000000	-1.000000	10.579365	1.189207	0.000000	0.000000
tail.c:647	0.000000	0.000000	0.000000	0.000000	-0.083333	0.000000	0.000000	-1.000000	10.579365	1.189207	0.000000	0.000000
tail.c:648	0.000000	0.000000	0.000000	0.000000	-0.083333	0.000000	0.000000	-1.000000	10.579365	1.189207	0.000000	0.000000
tail.c:651	0.000000	0.000000	0.000000	0.000000	-0.041667	0.000000	0.000000	-1.000000	10.380832	1.000000	0.000000	0.000000
tail.c:655	0.000000	0.000000	0.000000	0.000000	-0.041667	0.000000	0.000000	-1.000000	10.380832	1.000000	0.000000	0.000000
tail.c:657	0.000000	0.000000	0.000000	0.000000	-0.041667	0.000000	0.000000	-1.000000	10.380832	1.000000	0.000000	0.000000
tail.c:658	0.000000	0.000000	0.000000	0.000000	-0.041667	0.000000	0.000000	-1.000000	10.380832	1.000000	0.000000	0.000000
tail.c:663	0.000000	0.000000	0.000000	0.000000	-0.041667	0.000000	0.000000	-1.000000	10.380832	1.000000	0.000000	0.000000
tail.c:668	0.000000	0.000000	0.000000	0.000000	-0.041667	0.000000	0.000000	-1.000000	10.380832	1.000000	0.000000	0.000000
tail.c:669	0.000000	0.000000	0.000000	0.000000	-0.041667	0.000000	0.000000	-1.000000	10.380832	1.000000	0.000000	0.000000
tail.c:670	0.000000	0.000000	0.000000	0.000000	-0.041667	0.000000	0.000000	-1.000000	10.380832	1.000000	0.000000	0.000000
tail.c:675	0.000000	0.000000	0.000000	0.000000	-0.041667	0.000000	0.000000	-1.000000	10.380832	1.000000	0.000000	0.000000
tail.c:677	0.000000	0.000000	0.000000	0.000000	-0.041667	0.000000	0.000000	-1.000000	10.380832	1.000000	0.000000	0.000000
tail.c:678	0.000000	0.000000	0.000000	0.000000	-0.041667	0.000000	0.000000	-1.000000	10.380832	1.000000	0.000000	0.000000
tail.c:679	0.000000	0.000000	0.000000	0.000000	-0.041667	0.000000	0.000000	-1.000000	10.380832	1.000000	0.000000	0.000000
tail.c:683	0.000000	0.000000	0.000000	0.000000	-0.041667	0.000000	0.000000	-1.000000	10.380832	1.000000	0.000000	0.000000
tail.c:686	0.000000	0.000000	0.000000	0.000000	-0.041667	0.000000	0.000000	-1.000000	10.380832	1.000000	0.000000	0.000000
tail.c:690	0.000000	0.000000	0.000000	0.000000	-0.083333	0.000000	0.000000	-1.000000	10.579365	1.189207	0.000000	0.000000
tail.c:692	0.000000	0.000000	0.000000	0.000000	-0.083333	0.000000	0.000000	-1.000000	10.579365	1.189207	0.000000	0.000000
tail.c:693	0.000000	0.000000	0.000000	0.000000	-0.083333	0.000000	0.000000	-1.000000	10.579365	1.189207	0.000000	0.000000
tail.c:694	0.000000	0.000000	0.000000	0.000000	-0.083333	0.000000	0.000000	-1.000000	10.579365	1.189207	0.000000	0.000000
tail.c:696	0.000000	0.000000	0.000000	0.000000	-0.083333	0.000000	0.000000	-1.000000	10.579365	1.189207	0.000000	0.000000
tail.c:704	0.000000	0.000000	0.000000	0.000000	-0.083333	0.000000	0.000000	-1.000000	10.579365	1.189207	0.000000	0.000000
tail.c:716	0.000000	0.000000	0.000000	0.000000	-0.083333	0.000000	0.000000	-1.000000	10.579365	1.189207	0.000000	0.000000
tail.c:717	0.000000	0.000000	0.000000	0.000000	-0.083333	0.000000	0.000000	-1.000000	10.579365	1.189207	0.000000	0.000000
tail.c:720	0.000000	0.000000	0.000000	0.000000	-0.083333	0.000000	0.000000	-1.000000	10.579365	1.189207	0.000000	0.000000
tail.c:721	0.000000	0.000000	0.000000	0.000000	-0.083333	0.000000	0.000000	-1.000000	10.579365	1.189207	0.000000	0.000000
tail.c:722	0.000000	0.000000	0.000000	0.000000	-0.083333	0.000000	0.000000	-1.000000	10.579365	1.189207	0.000000	0.000000
tail.c:723	0.000000	0.000000	0.000000	0.000000	-0.083333	0.000000	0.000000	-1.000000	10.579365	1.189207	0.000000	0.000000
tail.c:728	0.000000	0.000000	0.000000	0.000000	-0.083333	0.000000	0.000000	-1.000000	10.579365	1.189207	0.000000	0.000000
tail.c:729	0.000000	0.000000	0.000000	0.000000	-0.083333	0.000000	0.000000	-1.000000	10.579365	1.189207	0.000000	0.000000
tail.c:731	0.000000	0.000000	0.000000	0.000000	-0.083333	0.000000	0.000000	-1.000000	10.579365	1.189207	0.000000	0.000000
tail.c:732	0.000000	0.000000	0.000000	0.000000	-0.083333	0.000000	0.000000	-1.000000	10.579365	1.189207	0.000000	0.000000
tail.c:733	0.000000	0.000000	0.000000	0.000000	-0.083333	0.000000	0.000000	-1.000000	10.579365	1.189207	0.000000	0.000000
tail.c:735	0.000000	0.000000	0.000000	0.000000	-0.083333	0.000000	0.000000	-1.000000	10.579365	1.189207	0.000000	0.000000
tail.c:739	0.000000	0.000000	0.000000	0.000000	-0.083333	0.000000	0.000000	-1.000000	10.579365	1.189207	0.000000	0.000000
tail.c:741	0.000000	0.000000	0.000000	0.000000	-0.083333	0.000000	0.000000	-1.000000	10.579365	1.189207	0.000000	0.000000
tail.c:742	0.000000	0.000000	0.000000	0.000000	-0.083333	0.000000	0.000000	-1.000000	10.579365	1.189207	0.000000	0.000000
tail.c:763	0.000000	0.000000	0.000000	0.000000	-0.083333	0.000000	0.000000	-1.000000	10.579365	1.189207	0.000000	0.000000
tail.c:765	0.000000	0.000000	0.000000	0.000000	-0.083333	0.000000	0.000000	-1.000000	10.579365	1.189207	0.000000	0.000000
tail.c:767	0.000000	0.000000	0.000000	0.000000	-0.083333	0.000000	0.000000	-1.000000	10.579365	1.189207	0.000000	0.000000
tail.c:776	0.000000	0.000000	0.000000	0.000000	-0.083333	0.000000	0.000000	-1.000000	10.579365	1.189207	0.000000	0.000000
tail.c:781	0.000000	0.000000	0.000000	0.000000	-0.083333	0.000000	0.000000	-1.000000	10.579365	1.189207	0.000000	0.000000
tail.c:782	0.000000	0.000000	0.000000	0.000000	-0.083333	0.000000	0.000000	-1.000000	10.579365	1.189207	0.000000	0.000000
tail.c:784	0.000000	0.000000	0.000000	0.000000	-0.041667	0.000000	0.000000	-1.000000	10.380832	1.000000	0.000000	0.000000
tail.c:785	0.000000	0.000000	0.000000	0.000000	-0.083333	0.000000	0.000000	-1.000000	10.579365	1.189207	0.000000	0.000000
tail.c:787	0.000000	0.000000	0.000000	0.000000	-0.083333	0.000000	0.000000	-1.000000	10.579365	1.189207	0.000000	0.000000
tail.c:791	0.000000	0.000000	0.000000	0.000000	-0.083333	0.000000	0.000000	-1.000000	10.579365	1.189207	0.000000	0.000000
tail.c:793	0.000000	0.000000	0.000000	0.000000	-0.083333	0.000000	0.000000	-1.000000	10.579365	1.189207	0.000000	0.000000
tail.c:794	0.000000	0.000000	0.000000	0.000000	-0.083333	0.000000	0.000000	-1.000000	10.579365	1.189207	0.000000	0.000000
tail.c:795	0.000000	0.000000	0.000000	0.000000	-0.083333	0.000000	0.000000	-1.000000	10.579365	1.189207	0.000000	0.000000
tail.c:797	0.000000	0.000000	0.000000	0.000000	-0.083333	0.000000	0.000000	-1.000000	10.579365	1.189207	0.000000	0.000000
tail.c:805	0.000000	0.000000	0.000000	0.000000	-0.041667	0.000000	0.000000	-1.000000	10.380832	1.000000	0.000000	0.000000
tail.c:810	0.000000	0.000000	0.000000	0.000000	-0.041667	0.000000	0.000000	-1.000000	10.380832	1.000000	0.000000	0.000000
tail.c:812	0.000000	0.000000	0.000000	0.000000	-0.041667	0.000000	0.000000	-1.000000	10.380832	1.000000	0.000000	0.000000
tail.c:813	0.000000	0.000000	0.000000	0.000000	-0.041667	0.000000	0.000000	-1.000000	10.380832	1.000000	0.000000	0.000000
tail.c:814	0.000000	0.000000	0.000000	0.000000	-0.041667	0.000000	0.000000	-1.000000	10.380832	1.000000	0.000000	0.000000
tail.c:815	0.000000	0.000000	0.000000	0.000000	-0.041667	0.000000	0.000000	-1.000000	10.380832	1.000000	0.000000	0.000000
tail.c:820	0.000000	0.000000	0.000000	0.000000	-0.041667	0.000000	0.000000	-1.000000	10.380832	1.000000	0.000000	0.000000
tail.c:821	0.000000	0.000000	0.000000	0.000000	-0.041667	0.000000	0.000000	-1.000000	10.380832	1.000000	0.000000	0.000000
tail.c:822	0.000000	0.000000	0.000000	0.000000	-0.041667	0.000000	0.000000	-1.000000	10.380832	1.000000	0.000000	0.000000
tail.c:825	0.000000	0.000000	0.000000	0.000000	-0.041667	0.000000	0.000000	-1.000000	10.380832	1.000000	0.000000	0.000000
tail.c:826	0.000000	0.000000	0.000000	0.000000	-0.041667	0.000000	0.000000	-1.000000	10.380832	1.000000	0.000000	0.000000
tail.c:827	0.000000	0.000000	0.000000	0.000000	-0.041667	0.000000	0.000000	-1.000000	10.380832	1.000000	0.000000	0.000000
tail.c:828	0.000000	0.000000	0.000000	0.000000	-0.041667	0.000000	0.000000	-1.000000	10.380832	1.000000	0.000000	0.000000
tail.c:832	0.000000	0.000000	0.000000	0.000000	-0.041667	0.000000	0.000000	-1.000000	10.380832	1.000000	0.000000	0.000000
tail.c:840	0.000000	0.000000	0.000000	0.000000	-0.041667	0.000000	0.000000	-1.000000	10.380832	1.000000	0.000000	0.000000
tail.c:843	0.000000	0.000000	0.000000	0.000000	-0.041667	0.000000	0.000000	-1.000000	10.380832	1.000000	0.000000	0.000000
tail.c:844	0.000000	0.000000	0.000000	0.000000	-0.041667	0.000000	0.000000	-1.000000	10.380832	1.000000	0.000000	0.000000
tail.c:849	0.000000	0.000000	0.000000	0.000000	-0.041667	0.000000	0.000000	-1.000000	10.380832	1.000000	0.000000	0.000000
tail.c:850	0.000000	0.000000	0.000000	0.000000	-0.041667	0.000000	0.000000	-1.000000	10.380832	1.000000	0.000000	0.000000
tail.c:851	0.000000	0.000000	0.000000	0.000000	-0.041667	0.000000	0.000000	-1.000000	10.380832	1.000000	0.000000	0.000000
tail.c:852	0.000000	0.000000	0.000000	0.000000	-0.041667	0.000000	0.000000	-1.000000	10.380832	1.000000	0.000000	0.000000
tail.c:858	0.000000	0.000000	0.000000	0.000000	-0.041667	0.000000	0.000000	-1.000000	10.380832	1.000000	0.000000	0.000000
tail.c:860	0.000000	0.000000	0.000000	0.000000	-0.041667	0.000000	0.000000	-1.000000	10.380832	1.000000	0.000000	0.000000
tail.c:862	0.000000	0.000000	0.000000	0.000000	-0.041667	0.000000	0.000000	-1.000000	10.380832	1.000000	0.000000	0.000000
tail.c:863	0.000000	0.000000	0.000000	0.000000	-0.041667	0.000000	0.000000	-1.000000	10.380832	1.000000	0.000000	0.000000
tail.c:865	0.000000	0.000000	0.000000	0.000000	-0.041667	0.000000	0.000000	-1.000000	10.380832	1.000000	0.000000	0.000000
tail.c:866	0.000000	0.000000	0.000000	0.000000	-0.041667	0.000000	0.000000	-1.000000	10.380832	1.000000	0.000000	0.000000
tail.c:868	0.000000	0.000000	0.000000	0.000000	-0.041667	0.000000	0.000000	-1.000000	10.380832	1.000000	0.000000	0.000000
tail.c:869	0.000000	0.000000	0.000000	0.000000	-0.041667	0.000000	0.000000	-1.000000	10.380832	1.000000	0.000000	0.000000
tail.c:870	0.000000	0.000000	0.000000	0.000000	-0.041667	0.000000	0.000000	-1.000000	10.380832	1.000000	0.000000	0.000000
tail.c:882	0.000000	0.000000	0.000000	0.000000	-0.125000	0.000000	0.000000	-1.000000	10.676323	1.316074	0.000000	0.000000
tail.c:884	0.000000	0.000000	0.000000	0.000000	-0.125000	0.000000	0.000000	-1.000000	10.676323	1.316074	0.000000	0.000000
tail.c:888	0.000000	0.000000	0.000000	0.000000	-0.125000	0.000000	0.000000	-1.000000	10.676323	1.316074	0.000000	0.000000
tail.c:889	0.000000	0.000000	0.000000	0.000000	-0.125000	0.000000	0.000000	-1.000000	10.676323	1.316074	0.000000	0.000000
tail.c:899	0.000000	0.000000	0.000000	0.000000	-0.125000	0.000000	0.000000	-1.000000	10.676323	1.316074	0.000000	0.000000
tail.c:902	0.000000	0.000000	0.000000	0.000000	-0.125000	0.000000	0.000000	-1.000000	10.676323	1.316074	0.000000	0.000000
tail.c:921	0.000000	0.000000	0.000000	0.000000	-0.125000	0.000000	0.000000	-1.000000	10.676323	1.316074	0.000000	0.000000
tail.c:932	0.000000	0.000000	0.000000	0.000000	-0.041667	0.000000	0.000000	-1.000000	10.380832	1.000000	0.000000	0.000000
tail.c:936	0.000000	0.000000	0.000000	0.000000	-0.041667	0.000000	0.000000	-1.000000	10.380832	1.000000	0.000000	0.000000
tail.c:937	0.000000	0.000000	0.000000	0.000000	-0.041667	0.000000	0.000000	-1.000000	10.380832	1.000000	0.000000	0.000000
tail.c:938	0.000000	0.000000	0.000000	0.000000	-0.041667	0.000000	0.000000	-1.000000	10.380832	1.000000	0.000000	0.000000
tail.c:939	0.000000	0.000000	0.000000	0.000000	-0.041667	0.000000	0.000000	-1.000000	10.380832	1.000000	0.000000	0.000000
tail.c:941	0.000000	0.000000	0.000000	0.000000	-0.041667	0.000000	0.000000	-1.000000	10.380832	1.000000	0.000000	0.000000
tail.c:943	0.000000	0.000000	0.000000	0.000000	-0.041667	0.000000	0.000000	-1.000000	10.380832	1.000000	0.000000	0.000000
tail.c:945	0.000000	0.000000	0.000000	0.000000	-0.041667	0.000000	0.000000	-1.000000	10.380832	1.000000	0.000000	0.000000
tail.c:949	0.000000	0.000000	0.000000	0.000000	-0.041667	0.000000	0.000000	-1.000000	10.380832	1.000000	0.000000	0.000000
tail.c:951	0.000000	0.000000	0.000000	0.000000	-0.041667	0.000000	0.000000	-1.000000	10.380832	1.000000	0.000000	0.000000
tail.c:953	0.000000	0.000000	0.000000	0.000000	-0.041667	0.000000	0.000000	-1.000000	10.380832	1.000000	0.000000	0.000000
tail.c:954	0.000000	0.000000	0.000000	0.000000	-0.041667	0.000000	0.000000	-1.000000	10.380832	1.000000	0.000000	0.000000
tail.c:955	0.000000	0.000000	0.000000	0.000000	-0.041667	0.000000	0.000000	-1.000000	10.380832	1.000000	0.000000	0.000000
tail.c:971	0.000000	0.000000	0.000000	0.000000	-0.041667	0.000000	0.000000	-1.000000	10.380832	1.000000	0.000000	0.000000
tail.c:999	0.000000	0.000000	0.000000	0.000000	-0.041667	0.000000	0.000000	-1.000000	10.380832	1.000000	0.000000	0.000000
