seq.c:130	0.000000	0.000000	0.000000	0.000000	-0.333333	0.000000	0.000000	-1.000000	3.000000	1.000000	0.000000	0.000000
seq.c:134	0.000000	0.000000	0.000000	0.000000	-0.333333	0.000000	0.000000	-1.000000	3.000000	1.000000	0.000000	0.000000
seq.c:141	0.000000	0.000000	0.000000	0.000000	-0.333333	0.000000	0.000000	-1.000000	3.000000	1.000000	0.000000	0.000000
seq.c:142	0.000000	0.000000	0.000000	0.000000	-0.333333	0.000000	0.000000	-1.000000	3.000000	1.000000	0.000000	0.000000
seq.c:144	0.000000	0.000000	0.000000	0.000000	-0.333333	0.000000	0.000000	-1.000000	3.000000	1.000000	0.000000	0.000000
seq.c:145	0.000000	0.000000	0.000000	0.000000	-0.333333	0.000000	0.000000	-1.000000	3.000000	1.000000	0.000000	0.000000
seq.c:147	0.000000	0.000000	0.000000	0.000000	-0.333333	0.000000	0.000000	-1.000000	3.000000	1.000000	0.000000	0.000000
seq.c:149	0.000000	0.000000	0.000000	0.000000	-0.333333	0.000000	0.000000	-1.000000	3.000000	1.000000	0.000000	0.000000
seq.c:150	0.000000	0.000000	0.000000	0.000000	-0.333333	0.000000	0.000000	-1.000000	3.000000	1.000000	0.000000	0.000000
seq.c:151	0.000000	0.000000	0.000000	0.000000	-0.333333	0.000000	0.000000	-1.000000	3.000000	1.000000	0.000000	0.000000
seq.c:154	0.000000	0.000000	0.000000	0.000000	-0.333333	0.000000	0.000000	-1.000000	3.000000	1.000000	0.000000	0.000000
seq.c:155	0.000000	0.000000	0.000000	0.000000	-0.333333	0.000000	0.000000	-1.000000	3.000000	1.000000	0.000000	0.000000
seq.c:156	0.000000	0.000000	0.000000	0.000000	-0.333333	0.000000	0.000000	-1.000000	3.000000	1.000000	0.000000	0.000000
seq.c:157	0.000000	0.000000	0.000000	0.000000	-0.333333	0.000000	0.000000	-1.000000	3.000000	1.000000	0.000000	0.000000
seq.c:160	0.000000	0.000000	0.000000	0.000000	-0.333333	0.000000	0.000000	-1.000000	3.000000	1.000000	0.000000	0.000000
seq.c:162	0.000000	0.000000	0.000000	0.000000	-0.333333	0.000000	0.000000	-1.000000	3.000000	1.000000	0.000000	0.000000
seq.c:163	0.000000	0.000000	0.000000	0.000000	-0.333333	0.000000	0.000000	-1.000000	3.000000	1.000000	0.000000	0.000000
seq.c:164	0.000000	0.000000	0.000000	0.000000	-0.333333	0.000000	0.000000	-1.000000	3.000000	1.000000	0.000000	0.000000
seq.c:165	0.000000	0.000000	0.000000	0.000000	-0.333333	0.000000	0.000000	-1.000000	3.000000	1.000000	0.000000	0.000000
seq.c:167	0.000000	0.000000	0.000000	0.000000	-0.333333	0.000000	0.000000	-1.000000	3.000000	1.000000	0.000000	0.000000
seq.c:168	0.000000	0.000000	0.000000	0.000000	-0.333333	0.000000	0.000000	-1.000000	3.000000	1.000000	0.000000	0.000000
seq.c:170	0.000000	0.000000	0.000000	0.000000	-0.333333	0.000000	0.000000	-1.000000	3.000000	1.000000	0.000000	0.000000
seq.c:172	0.000000	0.000000	0.000000	0.000000	-0.333333	0.000000	0.000000	-1.000000	3.000000	1.000000	0.000000	0.000000
seq.c:174	0.000000	0.000000	0.000000	0.000000	-0.333333	0.000000	0.000000	-1.000000	3.000000	1.000000	0.000000	0.000000
seq.c:176	0.000000	0.000000	0.000000	0.000000	-0.333333	0.000000	0.000000	-1.000000	3.000000	1.000000	0.000000	0.000000
seq.c:177	0.000000	0.000000	0.000000	0.000000	-0.333333	0.000000	0.000000	-1.000000	3.000000	1.000000	0.000000	0.000000
seq.c:180	0.000000	0.000000	0.000000	0.000000	-0.333333	0.000000	0.000000	-1.000000	3.000000	1.000000	0.000000	0.000000
seq.c:181	0.000000	0.000000	0.000000	0.000000	-0.333333	0.000000	0.000000	-1.000000	3.000000	1.000000	0.000000	0.000000
seq.c:183	0.000000	0.000000	0.000000	0.000000	-0.333333	0.000000	0.000000	-1.000000	3.000000	1.000000	0.000000	0.000000
seq.c:187	0.000000	0.000000	0.000000	0.000000	-0.333333	0.000000	0.000000	-1.000000	3.000000	1.000000	0.000000	0.000000
seq.c:196	0.000000	0.000000	0.000000	0.000000	-0.333333	0.000000	0.000000	-1.000000	3.000000	1.000000	0.000000	0.000000
seq.c:199	0.000000	0.000000	0.000000	0.000000	-0.333333	0.000000	0.000000	-1.000000	3.000000	1.000000	0.000000	0.000000
seq.c:200	0.000000	0.000000	0.000000	0.000000	-0.333333	0.000000	0.000000	-1.000000	3.000000	1.000000	0.000000	0.000000
seq.c:204	0.000000	0.000000	0.000000	0.000000	-0.333333	0.000000	0.000000	-1.000000	3.000000	1.000000	0.000000	0.000000
seq.c:206	0.000000	0.000000	0.000000	0.000000	-0.333333	0.000000	0.000000	-1.000000	3.000000	1.000000	0.000000	0.000000
seq.c:207	0.000000	0.000000	0.000000	0.000000	-0.333333	0.000000	0.000000	-1.000000	3.000000	1.000000	0.000000	0.000000
seq.c:209	0.000000	0.000000	0.000000	0.000000	-0.333333	0.000000	0.000000	-1.000000	3.000000	1.000000	0.000000	0.000000
seq.c:212	0.000000	0.000000	0.000000	0.000000	-0.333333	0.000000	0.000000	-1.000000	3.000000	1.000000	0.000000	0.000000
seq.c:213	0.000000	0.000000	0.000000	0.000000	-0.333333	0.000000	0.000000	-1.000000	3.000000	1.000000	0.000000	0.000000
seq.c:214	0.000000	0.000000	0.000000	0.000000	-0.333333	0.000000	0.000000	-1.000000	3.000000	1.000000	0.000000	0.000000
seq.c:215	0.000000	0.000000	0.000000	0.000000	-0.333333	0.000000	0.000000	-1.000000	3.000000	1.000000	0.000000	0.000000
seq.c:217	0.000000	0.000000	0.000000	0.000000	-0.333333	0.000000	0.000000	-1.000000	3.000000	1.000000	0.000000	0.000000
seq.c:218	0.000000	0.000000	0.000000	0.000000	-0.333333	0.000000	0.000000	-1.000000	3.000000	1.000000	0.000000	0.000000
seq.c:221	0.000000	0.000000	0.000000	0.000000	-0.333333	0.000000	0.000000	-1.000000	3.000000	1.000000	0.000000	0.000000
seq.c:222	0.000000	0.000000	0.000000	0.000000	-0.333333	0.000000	0.000000	-1.000000	3.000000	1.000000	0.000000	0.000000
seq.c:223	0.000000	0.000000	0.000000	0.000000	-0.333333	0.000000	0.000000	-1.000000	3.000000	1.000000	0.000000	0.000000
seq.c:224	0.000000	0.000000	0.000000	0.000000	-0.333333	0.000000	0.000000	-1.000000	3.000000	1.000000	0.000000	0.000000
seq.c:225	0.000000	0.000000	0.000000	0.000000	-0.333333	0.000000	0.000000	-1.000000	3.000000	1.000000	0.000000	0.000000
seq.c:226	0.000000	0.000000	0.000000	0.000000	-0.333333	0.000000	0.000000	-1.000000	3.000000	1.000000	0.000000	0.000000
seq.c:230	0.000000	0.000000	0.000000	0.000000	-0.333333	0.000000	0.000000	-1.000000	3.000000	1.000000	0.000000	0.000000
seq.c:231	0.000000	0.000000	0.000000	0.000000	-0.333333	0.000000	0.000000	-1.000000	3.000000	1.000000	0.000000	0.000000
seq.c:232	0.000000	0.000000	0.000000	0.000000	-0.333333	0.000000	0.000000	-1.000000	3.000000	1.000000	0.000000	0.000000
seq.c:234	0.000000	0.000000	0.000000	0.000000	-0.333333	0.000000	0.000000	-1.000000	3.000000	1.000000	0.000000	0.000000
seq.c:235	0.000000	0.000000	0.000000	0.000000	-0.333333	0.000000	0.000000	-1.000000	3.000000	1.000000	0.000000	0.000000
seq.c:238	0.000000	0.000000	0.000000	0.000000	-0.333333	0.000000	0.000000	-1.000000	3.000000	1.000000	0.000000	0.000000
seq.c:239	0.000000	0.000000	0.000000	0.000000	-0.333333	0.000000	0.000000	-1.000000	3.000000	1.000000	0.000000	0.000000
seq.c:240	0.000000	0.000000	0.000000	0.000000	-0.333333	0.000000	0.000000	-1.000000	3.000000	1.000000	0.000000	0.000000
seq.c:241	0.000000	0.000000	0.000000	0.000000	-0.333333	0.000000	0.000000	-1.000000	3.000000	1.000000	0.000000	0.000000
seq.c:242	0.000000	0.000000	0.000000	0.000000	-0.333333	0.000000	0.000000	-1.000000	3.000000	1.000000	0.000000	0.000000
seq.c:243	0.000000	0.000000	0.000000	0.000000	-0.333333	0.000000	0.000000	-1.000000	3.000000	1.000000	0.000000	0.000000
seq.c:244	0.000000	0.000000	0.000000	0.000000	-0.333333	0.000000	0.000000	-1.000000	3.000000	1.000000	0.000000	0.000000
seq.c:245	0.000000	0.000000	0.000000	0.000000	-0.333333	0.000000	0.000000	-1.000000	3.000000	1.000000	0.000000	0.000000
seq.c:246	0.000000	0.000000	0.000000	0.000000	-0.333333	0.000000	0.000000	-1.000000	3.000000	1.000000	0.000000	0.000000
seq.c:247	0.000000	0.000000	0.000000	0.000000	-0.333333	0.000000	0.000000	-1.000000	3.000000	1.000000	0.000000	0.000000
seq.c:254	0.000000	0.000000	0.000000	0.000000	-0.333333	0.000000	0.000000	-1.000000	3.000000	1.000000	0.000000	0.000000
seq.c:257	0.000000	0.000000	0.000000	0.000000	-0.333333	0.000000	0.000000	-1.000000	3.000000	1.000000	0.000000	0.000000
seq.c:259	0.000000	0.000000	0.000000	0.000000	-0.333333	0.000000	0.000000	-1.000000	3.000000	1.000000	0.000000	0.000000
seq.c:261	0.000000	0.000000	0.000000	0.000000	-0.333333	0.000000	0.000000	-1.000000	3.000000	1.000000	0.000000	0.000000
seq.c:264	0.000000	0.000000	0.000000	0.000000	-0.333333	0.000000	0.000000	-1.000000	3.000000	1.000000	0.000000	0.000000
seq.c:266	0.000000	0.000000	0.000000	0.000000	-0.333333	0.000000	0.000000	-1.000000	3.000000	1.000000	0.000000	0.000000
seq.c:267	0.000000	0.000000	0.000000	0.000000	-0.333333	0.000000	0.000000	-1.000000	3.000000	1.000000	0.000000	0.000000
seq.c:268	0.000000	0.000000	0.000000	0.000000	-0.333333	0.000000	0.000000	-1.000000	3.000000	1.000000	0.000000	0.000000
seq.c:269	0.000000	0.000000	0.000000	0.000000	-0.333333	0.000000	0.000000	-1.000000	3.000000	1.000000	0.000000	0.000000
seq.c:270	0.000000	0.000000	0.000000	0.000000	-0.333333	0.000000	0.000000	-1.000000	3.000000	1.000000	0.000000	0.000000
seq.c:271	0.000000	0.000000	0.000000	0.000000	-0.333333	0.000000	0.000000	-1.000000	3.000000	1.000000	0.000000	0.000000
seq.c:273	0.000000	0.000000	0.000000	0.000000	-0.333333	0.000000	0.000000	-1.000000	3.000000	1.000000	0.000000	0.000000
seq.c:282	0.000000	0.000000	0.000000	0.000000	-0.333333	0.000000	0.000000	-1.000000	3.000000	1.000000	0.000000	0.000000
seq.c:286	0.000000	0.000000	0.000000	0.000000	-0.333333	0.000000	0.000000	-1.000000	3.000000	1.000000	0.000000	0.000000
seq.c:287	0.000000	0.000000	0.000000	0.000000	-0.333333	0.000000	0.000000	-1.000000	3.000000	1.000000	0.000000	0.000000
seq.c:288	0.000000	0.000000	0.000000	0.000000	-0.333333	0.000000	0.000000	-1.000000	3.000000	1.000000	0.000000	0.000000
seq.c:289	0.000000	0.000000	0.000000	0.000000	-0.333333	0.000000	0.000000	-1.000000	3.000000	1.000000	0.000000	0.000000
seq.c:291	0.000000	0.000000	0.000000	0.000000	-0.333333	0.000000	0.000000	-1.000000	3.000000	1.000000	0.000000	0.000000
seq.c:293	0.000000	0.000000	0.000000	0.000000	-0.333333	0.000000	0.000000	-1.000000	3.000000	1.000000	0.000000	0.000000
seq.c:294	0.000000	0.000000	0.000000	0.000000	-0.333333	0.000000	0.000000	-1.000000	3.000000	1.000000	0.000000	0.000000
seq.c:296	0.000000	0.000000	0.000000	0.000000	-0.333333	0.000000	0.000000	-1.000000	3.000000	1.000000	0.000000	0.000000
seq.c:297	0.000000	0.000000	0.000000	0.000000	-0.333333	0.000000	0.000000	-1.000000	3.000000	1.000000	0.000000	0.000000
seq.c:299	0.000000	0.000000	0.000000	0.000000	-0.333333	0.000000	0.000000	-1.000000	3.000000	1.000000	0.000000	0.000000
seq.c:300	0.000000	0.000000	0.000000	0.000000	-0.333333	0.000000	0.000000	-1.000000	3.000000	1.000000	0.000000	0.000000
seq.c:303	0.000000	0.000000	0.000000	0.000000	-0.333333	0.000000	0.000000	-1.000000	3.000000	1.000000	0.000000	0.000000
seq.c:304	0.000000	0.000000	0.000000	0.000000	-0.333333	0.000000	0.000000	-1.000000	3.000000	1.000000	0.000000	0.000000
seq.c:305	0.000000	0.000000	0.000000	0.000000	-0.333333	0.000000	0.000000	-1.000000	3.000000	1.000000	0.000000	0.000000
seq.c:308	0.000000	0.000000	0.000000	0.000000	-0.333333	0.000000	0.000000	-1.000000	3.000000	1.000000	0.000000	0.000000
seq.c:309	0.000000	0.000000	0.000000	0.000000	-0.333333	0.000000	0.000000	-1.000000	3.000000	1.000000	0.000000	0.000000
seq.c:311	0.000000	0.000000	0.000000	0.000000	-0.333333	0.000000	0.000000	-1.000000	3.000000	1.000000	0.000000	0.000000
seq.c:313	0.000000	0.000000	0.000000	0.000000	-0.333333	0.000000	0.000000	-1.000000	3.000000	1.000000	0.000000	0.000000
seq.c:317	0.000000	0.000000	0.000000	0.000000	-0.333333	0.000000	0.000000	-1.000000	3.000000	1.000000	0.000000	0.000000
seq.c:321	0.000000	0.000000	0.000000	0.000000	-0.333333	0.000000	0.000000	-1.000000	3.000000	1.000000	0.000000	0.000000
seq.c:323	0.000000	0.000000	0.000000	0.000000	-0.333333	0.000000	0.000000	-1.000000	3.000000	1.000000	0.000000	0.000000
seq.c:325	0.000000	0.000000	0.000000	0.000000	-0.333333	0.000000	0.000000	-1.000000	3.000000	1.000000	0.000000	0.000000
seq.c:328	0.000000	0.000000	0.000000	0.000000	-0.333333	0.000000	0.000000	-1.000000	3.000000	1.000000	0.000000	0.000000
seq.c:330	0.000000	0.000000	0.000000	0.000000	-0.333333	0.000000	0.000000	-1.000000	3.000000	1.000000	0.000000	0.000000
seq.c:331	0.000000	0.000000	0.000000	0.000000	-0.333333	0.000000	0.000000	-1.000000	3.000000	1.000000	0.000000	0.000000
seq.c:332	0.000000	0.000000	0.000000	0.000000	-0.333333	0.000000	0.000000	-1.000000	3.000000	1.000000	0.000000	0.000000
seq.c:333	0.000000	0.000000	0.000000	0.000000	-0.333333	0.000000	0.000000	-1.000000	3.000000	1.000000	0.000000	0.000000
seq.c:334	0.000000	0.000000	0.000000	0.000000	-0.333333	0.000000	0.000000	-1.000000	3.000000	1.000000	0.000000	0.000000
seq.c:335	0.000000	0.000000	0.000000	0.000000	-0.333333	0.000000	0.000000	-1.000000	3.000000	1.000000	0.000000	0.000000
seq.c:336	0.000000	0.000000	0.000000	0.000000	-0.333333	0.000000	0.000000	-1.000000	3.000000	1.000000	0.000000	0.000000
seq.c:338	0.000000	0.000000	0.000000	0.000000	-0.333333	0.000000	0.000000	-1.000000	3.000000	1.000000	0.000000	0.000000
seq.c:339	0.000000	0.000000	0.000000	0.000000	-0.333333	0.000000	0.000000	-1.000000	3.000000	1.000000	0.000000	0.000000
seq.c:340	0.000000	0.000000	0.000000	0.000000	-0.333333	0.000000	0.000000	-1.000000	3.000000	1.000000	0.000000	0.000000
seq.c:345	0.000000	0.000000	0.000000	0.000000	-0.333333	0.000000	0.000000	-1.000000	3.000000	1.000000	0.000000	0.000000
seq.c:346	0.000000	0.000000	0.000000	0.000000	-0.333333	0.000000	0.000000	-1.000000	3.000000	1.000000	0.000000	0.000000
seq.c:357	0.500000	0.577350	0.333333	1.000000	0.333333	0.333333	1.000000	0.000000	3.414214	0.643594	1.200000	1.000000
seq.c:359	0.500000	0.577350	0.333333	1.000000	0.333333	0.333333	1.000000	0.000000	3.414214	0.643594	1.200000	1.000000
seq.c:360	0.500000	0.577350	0.333333	1.000000	0.333333	0.333333	1.000000	0.000000	3.414214	0.643594	1.200000	1.000000
seq.c:364	0.500000	0.577350	0.333333	1.000000	0.333333	0.333333	1.000000	0.000000	3.414214	0.643594	1.200000	1.000000
seq.c:365	0.500000	0.577350	0.333333	1.000000	0.333333	0.333333	1.000000	0.000000	3.414214	0.643594	1.200000	1.000000
seq.c:366	0.000000	0.000000	0.000000	0.000000	-0.333333	0.000000	0.000000	-1.000000	3.000000	1.000000	0.000000	0.000000
seq.c:368	0.000000	0.000000	0.000000	0.000000	-0.333333	0.000000	0.000000	-1.000000	3.000000	1.000000	0.000000	0.000000
seq.c:369	0.000000	0.000000	0.000000	0.000000	-0.333333	0.000000	0.000000	-1.000000	3.000000	1.000000	0.000000	0.000000
seq.c:370	0.000000	0.000000	0.000000	0.000000	-0.333333	0.000000	0.000000	-1.000000	3.000000	1.000000	0.000000	0.000000
seq.c:376	0.500000	0.577350	0.333333	1.000000	0.333333	0.333333	1.000000	0.000000	3.414214	0.643594	1.200000	1.000000
seq.c:378	0.500000	0.577350	0.333333	1.000000	0.333333	0.333333	1.000000	0.000000	3.414214	0.643594	1.200000	1.000000
seq.c:379	0.000000	0.000000	0.000000	0.000000	-0.333333	0.000000	0.000000	-1.000000	3.000000	1.000000	0.000000	0.000000
seq.c:380	0.500000	0.577350	0.333333	1.000000	0.333333	0.333333	1.000000	0.000000	3.414214	0.643594	1.200000	1.000000
seq.c:382	0.500000	0.577350	0.333333	1.000000	0.333333	0.333333	1.000000	0.000000	3.414214	0.643594	1.200000	1.000000
seq.c:388	0.500000	0.577350	0.333333	1.000000	0.333333	0.333333	1.000000	0.000000	3.414214	0.643594	1.200000	1.000000
seq.c:390	0.500000	0.577350	0.333333	1.000000	0.333333	0.333333	1.000000	0.000000	3.414214	0.643594	1.200000	1.000000
seq.c:391	0.500000	0.577350	0.333333	1.000000	0.333333	0.333333	1.000000	0.000000	3.414214	0.643594	1.200000	1.000000
seq.c:392	0.000000	0.000000	0.000000	0.000000	-0.333333	0.000000	0.000000	-1.000000	3.000000	1.000000	0.000000	0.000000
seq.c:395	0.500000	0.577350	0.333333	1.000000	0.333333	0.333333	1.000000	0.000000	3.414214	0.643594	1.200000	1.000000
seq.c:396	0.000000	0.000000	0.000000	0.000000	-0.333333	0.000000	0.000000	-1.000000	3.000000	1.000000	0.000000	0.000000
seq.c:397	0.500000	0.577350	0.333333	1.000000	0.333333	0.333333	1.000000	0.000000	3.414214	0.643594	1.200000	1.000000
seq.c:404	0.500000	0.577350	0.333333	1.000000	0.333333	0.333333	1.000000	0.000000	3.414214	0.643594	1.200000	1.000000
seq.c:408	0.500000	0.577350	0.333333	1.000000	0.333333	0.333333	1.000000	0.000000	3.414214	0.643594	1.200000	1.000000
seq.c:409	0.500000	0.577350	0.333333	1.000000	0.333333	0.333333	1.000000	0.000000	3.414214	0.643594	1.200000	1.000000
seq.c:411	0.500000	0.577350	0.333333	1.000000	0.333333	0.333333	1.000000	0.000000	3.414214	0.643594	1.200000	1.000000
seq.c:412	0.500000	0.577350	0.333333	1.000000	0.333333	0.333333	1.000000	0.000000	3.414214	0.643594	1.200000	1.000000
seq.c:413	0.500000	0.577350	0.333333	1.000000	0.333333	0.333333	1.000000	0.000000	3.414214	0.643594	1.200000	1.000000
seq.c:414	0.500000	0.577350	0.333333	1.000000	0.333333	0.333333	1.000000	0.000000	3.414214	0.643594	1.200000	1.000000
seq.c:415	0.500000	0.577350	0.333333	1.000000	0.333333	0.333333	1.000000	0.000000	3.414214	0.643594	1.200000	1.000000
seq.c:416	0.500000	0.577350	0.333333	1.000000	0.333333	0.333333	1.000000	0.000000	3.414214	0.643594	1.200000	1.000000
seq.c:417	0.500000	0.577350	0.333333	1.000000	0.333333	0.333333	1.000000	0.000000	3.414214	0.643594	1.200000	1.000000
seq.c:419	0.500000	0.577350	0.333333	1.000000	0.333333	0.333333	1.000000	0.000000	3.414214	0.643594	1.200000	1.000000
seq.c:420	0.500000	0.577350	0.333333	1.000000	0.333333	0.333333	1.000000	0.000000	3.414214	0.643594	1.200000	1.000000
seq.c:426	0.500000	0.577350	0.333333	1.000000	0.333333	0.333333	1.000000	0.000000	3.414214	0.643594	1.200000	1.000000
seq.c:427	0.500000	0.577350	0.333333	1.000000	0.333333	0.333333	1.000000	0.000000	3.414214	0.643594	1.200000	1.000000
seq.c:429	0.500000	0.577350	0.333333	1.000000	0.333333	0.333333	1.000000	0.000000	3.414214	0.643594	1.200000	1.000000
seq.c:430	0.500000	0.577350	0.333333	1.000000	0.333333	0.333333	1.000000	0.000000	3.414214	0.643594	1.200000	1.000000
seq.c:431	0.500000	0.577350	0.333333	1.000000	0.333333	0.333333	1.000000	0.000000	3.414214	0.643594	1.200000	1.000000
seq.c:433	0.500000	0.577350	0.333333	1.000000	0.333333	0.333333	1.000000	0.000000	3.414214	0.643594	1.200000	1.000000
seq.c:434	0.500000	0.577350	0.333333	1.000000	0.333333	0.333333	1.000000	0.000000	3.414214	0.643594	1.200000	1.000000
seq.c:435	0.500000	0.577350	0.333333	1.000000	0.333333	0.333333	1.000000	0.000000	3.414214	0.643594	1.200000	1.000000
seq.c:436	0.500000	0.577350	0.333333	1.000000	0.333333	0.333333	1.000000	0.000000	3.414214	0.643594	1.200000	1.000000
seq.c:444	0.500000	0.577350	0.333333	1.000000	0.333333	0.333333	1.000000	0.000000	3.414214	0.643594	1.200000	1.000000
seq.c:445	0.500000	0.577350	0.333333	1.000000	0.333333	0.333333	1.000000	0.000000	3.414214	0.643594	1.200000	1.000000
seq.c:447	0.500000	0.577350	0.333333	1.000000	0.333333	0.333333	1.000000	0.000000	3.414214	0.643594	1.200000	1.000000
seq.c:450	0.500000	0.577350	0.333333	1.000000	0.333333	0.333333	1.000000	0.000000	3.414214	0.643594	1.200000	1.000000
seq.c:451	0.500000	0.577350	0.333333	1.000000	0.333333	0.333333	1.000000	0.000000	3.414214	0.643594	1.200000	1.000000
seq.c:452	0.500000	0.577350	0.333333	1.000000	0.333333	0.333333	1.000000	0.000000	3.414214	0.643594	1.200000	1.000000
seq.c:457	0.500000	0.577350	0.333333	1.000000	0.333333	0.333333	1.000000	0.000000	3.414214	0.643594	1.200000	1.000000
seq.c:459	0.500000	0.577350	0.333333	1.000000	0.333333	0.333333	1.000000	0.000000	3.414214	0.643594	1.200000	1.000000
seq.c:460	0.500000	0.577350	0.333333	1.000000	0.333333	0.333333	1.000000	0.000000	3.414214	0.643594	1.200000	1.000000
seq.c:464	0.500000	0.577350	0.333333	1.000000	0.333333	0.333333	1.000000	0.000000	3.414214	0.643594	1.200000	1.000000
seq.c:467	0.500000	0.577350	0.333333	1.000000	0.333333	0.333333	1.000000	0.000000	3.414214	0.643594	1.200000	1.000000
seq.c:468	0.500000	0.577350	0.333333	1.000000	0.333333	0.333333	1.000000	0.000000	3.414214	0.643594	1.200000	1.000000
seq.c:470	0.500000	0.577350	0.333333	1.000000	0.333333	0.333333	1.000000	0.000000	3.414214	0.643594	1.200000	1.000000
seq.c:473	0.500000	0.577350	0.333333	1.000000	0.333333	0.333333	1.000000	0.000000	3.414214	0.643594	1.200000	1.000000
seq.c:476	0.500000	0.577350	0.333333	1.000000	0.333333	0.333333	1.000000	0.000000	3.414214	0.643594	1.200000	1.000000
seq.c:477	0.500000	0.577350	0.333333	1.000000	0.333333	0.333333	1.000000	0.000000	3.414214	0.643594	1.200000	1.000000
seq.c:481	0.500000	0.577350	0.333333	1.000000	0.333333	0.333333	1.000000	0.000000	3.414214	0.643594	1.200000	1.000000
seq.c:483	0.500000	0.577350	0.333333	1.000000	0.333333	0.333333	1.000000	0.000000	3.414214	0.643594	1.200000	1.000000
seq.c:484	0.500000	0.577350	0.333333	1.000000	0.333333	0.333333	1.000000	0.000000	3.414214	0.643594	1.200000	1.000000
seq.c:489	0.500000	0.577350	0.333333	1.000000	0.333333	0.333333	1.000000	0.000000	3.414214	0.643594	1.200000	1.000000
seq.c:491	0.500000	0.577350	0.333333	1.000000	0.333333	0.333333	1.000000	0.000000	3.414214	0.643594	1.200000	1.000000
seq.c:492	0.500000	0.577350	0.333333	1.000000	0.333333	0.333333	1.000000	0.000000	3.414214	0.643594	1.200000	1.000000
seq.c:498	0.500000	0.577350	0.333333	1.000000	0.333333	0.333333	1.000000	0.000000	3.414214	0.643594	1.200000	1.000000
seq.c:499	0.500000	0.577350	0.333333	1.000000	0.333333	0.333333	1.000000	0.000000	3.414214	0.643594	1.200000	1.000000
seq.c:500	0.500000	0.577350	0.333333	1.000000	0.333333	0.333333	1.000000	0.000000	3.414214	0.643594	1.200000	1.000000
seq.c:502	0.500000	0.577350	0.333333	1.000000	0.333333	0.333333	1.000000	0.000000	3.414214	0.643594	1.200000	1.000000
seq.c:505	0.000000	0.000000	0.000000	0.000000	-0.333333	0.000000	0.000000	-1.000000	3.000000	1.000000	0.000000	0.000000
seq.c:506	0.000000	0.000000	0.000000	0.000000	-0.333333	0.000000	0.000000	-1.000000	3.000000	1.000000	0.000000	0.000000
seq.c:509	1.000000	1.000000	1.000000	1.000000	1.000000	0.333333	1.000000	2.000000	4.828427	1.000000	2.000000	1.732051
seq.c:510	1.000000	1.000000	1.000000	1.000000	1.000000	0.333333	1.000000	2.000000	4.828427	1.000000	2.000000	1.732051
seq.c:513	0.000000	0.000000	0.000000	0.000000	-0.333333	0.000000	0.000000	-1.000000	3.000000	1.000000	0.000000	0.000000
seq.c:514	0.000000	0.000000	0.000000	0.000000	-0.333333	0.000000	0.000000	-1.000000	3.000000	1.000000	0.000000	0.000000
seq.c:518	0.000000	0.000000	0.000000	0.000000	-0.666667	0.000000	0.000000	-1.000000	1.414214	1.189207	0.000000	0.000000
seq.c:525	0.500000	0.577350	0.333333	1.000000	0.333333	0.333333	1.000000	0.000000	3.414214	0.643594	1.200000	1.000000
seq.c:526	0.500000	0.577350	0.333333	1.000000	0.333333	0.333333	1.000000	0.000000	3.414214	0.643594	1.200000	1.000000
seq.c:532	0.500000	0.577350	0.333333	1.000000	0.333333	0.333333	1.000000	0.000000	3.414214	0.643594	1.200000	1.000000
seq.c:538	0.500000	0.577350	0.333333	1.000000	0.333333	0.333333	1.000000	0.000000	3.414214	0.643594	1.200000	1.000000
seq.c:539	0.000000	0.000000	0.000000	0.000000	-0.333333	0.000000	0.000000	-1.000000	3.000000	1.000000	0.000000	0.000000
seq.c:541	0.500000	0.577350	0.333333	1.000000	0.333333	0.333333	1.000000	0.000000	3.414214	0.643594	1.200000	1.000000
seq.c:554	0.500000	0.577350	0.333333	1.000000	0.333333	0.333333	1.000000	0.000000	3.414214	0.643594	1.200000	1.000000
seq.c:555	0.500000	0.577350	0.333333	1.000000	0.333333	0.333333	1.000000	0.000000	3.414214	0.643594	1.200000	1.000000
seq.c:556	0.500000	0.577350	0.333333	1.000000	0.333333	0.333333	1.000000	0.000000	3.414214	0.643594	1.200000	1.000000
seq.c:557	0.500000	0.577350	0.333333	1.000000	0.333333	0.333333	1.000000	0.000000	3.414214	0.643594	1.200000	1.000000
seq.c:559	0.500000	0.577350	0.333333	1.000000	0.333333	0.333333	1.000000	0.000000	3.414214	0.643594	1.200000	1.000000
seq.c:560	0.500000	0.577350	0.333333	1.000000	0.333333	0.333333	1.000000	0.000000	3.414214	0.643594	1.200000	1.000000
seq.c:561	0.500000	0.577350	0.333333	1.000000	0.333333	0.333333	1.000000	0.000000	3.414214	0.643594	1.200000	1.000000
seq.c:562	0.500000	0.577350	0.333333	1.000000	0.333333	0.333333	1.000000	0.000000	3.414214	0.643594	1.200000	1.000000
seq.c:567	0.000000	0.000000	0.000000	0.000000	-0.333333	0.000000	0.000000	-1.000000	3.000000	1.000000	0.000000	0.000000
seq.c:569	0.000000	0.000000	0.000000	0.000000	-0.333333	0.000000	0.000000	-1.000000	3.000000	1.000000	0.000000	0.000000
seq.c:571	0.000000	0.000000	0.000000	0.000000	-0.333333	0.000000	0.000000	-1.000000	3.000000	1.000000	0.000000	0.000000
seq.c:572	0.000000	0.000000	0.000000	0.000000	-0.333333	0.000000	0.000000	-1.000000	3.000000	1.000000	0.000000	0.000000
seq.c:574	0.000000	0.000000	0.000000	0.000000	-0.333333	0.000000	0.000000	-1.000000	3.000000	1.000000	0.000000	0.000000
seq.c:576	0.000000	0.000000	0.000000	0.000000	-0.333333	0.000000	0.000000	-1.000000	3.000000	1.000000	0.000000	0.000000
seq.c:577	0.000000	0.000000	0.000000	0.000000	-0.333333	0.000000	0.000000	-1.000000	3.000000	1.000000	0.000000	0.000000
seq.c:581	0.000000	0.000000	0.000000	0.000000	-0.333333	0.000000	0.000000	-1.000000	3.000000	1.000000	0.000000	0.000000
seq.c:582	0.000000	0.000000	0.000000	0.000000	-0.333333	0.000000	0.000000	-1.000000	3.000000	1.000000	0.000000	0.000000
seq.c:583	0.000000	0.000000	0.000000	0.000000	-0.333333	0.000000	0.000000	-1.000000	3.000000	1.000000	0.000000	0.000000
seq.c:604	0.000000	0.000000	0.000000	0.000000	-0.333333	0.000000	0.000000	-1.000000	3.000000	1.000000	0.000000	0.000000
seq.c:605	0.000000	0.000000	0.000000	0.000000	-0.333333	0.000000	0.000000	-1.000000	3.000000	1.000000	0.000000	0.000000
seq.c:607	0.000000	0.000000	0.000000	0.000000	-0.333333	0.000000	0.000000	-1.000000	3.000000	1.000000	0.000000	0.000000
seq.c:609	0.000000	0.000000	0.000000	0.000000	-0.333333	0.000000	0.000000	-1.000000	3.000000	1.000000	0.000000	0.000000
