parser.c:1002	0.000000	0.000000	0.000000	0.000000	-0.117117	0.000000	0.000000	-1.000000	23.303267	1.898829	0.000000	0.000000
parser.c:1003	0.000000	0.000000	0.000000	0.000000	-0.117117	0.000000	0.000000	-1.000000	23.303267	1.898829	0.000000	0.000000
parser.c:1004	0.000000	0.000000	0.000000	0.000000	-0.117117	0.000000	0.000000	-1.000000	23.303267	1.898829	0.000000	0.000000
parser.c:1022	0.000000	0.000000	0.000000	0.000000	-0.117117	0.000000	0.000000	-1.000000	23.303267	1.898829	0.000000	0.000000
parser.c:1028	0.000000	0.000000	0.000000	0.000000	-0.117117	0.000000	0.000000	-1.000000	23.303267	1.898829	0.000000	0.000000
parser.c:1034	0.000000	0.000000	0.000000	0.000000	-0.117117	0.000000	0.000000	-1.000000	23.303267	1.898829	0.000000	0.000000
parser.c:1039	0.000000	0.000000	0.000000	0.000000	-0.117117	0.000000	0.000000	-1.000000	23.303267	1.898829	0.000000	0.000000
parser.c:1044	0.000000	0.000000	0.000000	0.000000	-0.018018	0.000000	0.000000	-1.000000	22.198823	1.189207	0.000000	0.000000
parser.c:1048	0.000000	0.000000	0.000000	0.000000	-0.018018	0.000000	0.000000	-1.000000	22.198823	1.189207	0.000000	0.000000
parser.c:1052	0.000000	0.000000	0.000000	0.000000	-0.009009	0.000000	0.000000	-1.000000	21.880613	1.000000	0.000000	0.000000
parser.c:1053	0.000000	0.000000	0.000000	0.000000	-0.009009	0.000000	0.000000	-1.000000	21.880613	1.000000	0.000000	0.000000
parser.c:1054	0.000000	0.000000	0.000000	0.000000	-0.009009	0.000000	0.000000	-1.000000	21.880613	1.000000	0.000000	0.000000
parser.c:1060	0.000000	0.000000	0.000000	0.000000	-0.009009	0.000000	0.000000	-1.000000	21.880613	1.000000	0.000000	0.000000
parser.c:1061	0.000000	0.000000	0.000000	0.000000	-0.009009	0.000000	0.000000	-1.000000	21.880613	1.000000	0.000000	0.000000
parser.c:1080	0.000000	0.000000	0.000000	0.000000	-0.009009	0.000000	0.000000	-1.000000	21.880613	1.000000	0.000000	0.000000
parser.c:1088	0.000000	0.000000	0.000000	0.000000	-0.009009	0.000000	0.000000	-1.000000	21.880613	1.000000	0.000000	0.000000
parser.c:1098	0.000000	0.000000	0.000000	0.000000	-0.009009	0.000000	0.000000	-1.000000	21.880613	1.000000	0.000000	0.000000
parser.c:1144	0.000000	0.000000	0.000000	0.000000	-0.306306	0.000000	0.000000	-1.000000	23.266548	2.414736	0.000000	0.000000
parser.c:1146	0.000000	0.000000	0.000000	0.000000	-0.306306	0.000000	0.000000	-1.000000	23.266548	2.414736	0.000000	0.000000
parser.c:1149	0.000000	0.000000	0.000000	0.000000	-0.045045	0.000000	0.000000	-1.000000	22.729970	1.495349	0.000000	0.000000
parser.c:1153	0.000000	0.000000	0.000000	0.000000	-0.270270	0.000000	0.000000	-1.000000	23.365769	2.340347	0.000000	0.000000
parser.c:1158	0.000000	0.000000	0.000000	0.000000	-0.009009	0.000000	0.000000	-1.000000	21.880613	1.000000	0.000000	0.000000
parser.c:1161	0.000000	0.000000	0.000000	0.000000	-0.009009	0.000000	0.000000	-1.000000	21.880613	1.000000	0.000000	0.000000
parser.c:1163	0.000000	0.000000	0.000000	0.000000	-0.009009	0.000000	0.000000	-1.000000	21.880613	1.000000	0.000000	0.000000
parser.c:1164	0.000000	0.000000	0.000000	0.000000	-0.009009	0.000000	0.000000	-1.000000	21.880613	1.000000	0.000000	0.000000
parser.c:1168	0.000000	0.000000	0.000000	0.000000	-0.009009	0.000000	0.000000	-1.000000	21.880613	1.000000	0.000000	0.000000
parser.c:1169	0.000000	0.000000	0.000000	0.000000	-0.009009	0.000000	0.000000	-1.000000	21.880613	1.000000	0.000000	0.000000
parser.c:1182	0.000000	0.000000	0.000000	0.000000	-0.216216	0.000000	0.000000	-1.000000	23.446216	2.213364	0.000000	0.000000
parser.c:1185	0.000000	0.000000	0.000000	0.000000	-0.216216	0.000000	0.000000	-1.000000	23.446216	2.213364	0.000000	0.000000
parser.c:1187	0.000000	0.000000	0.000000	0.000000	-0.216216	0.000000	0.000000	-1.000000	23.446216	2.213364	0.000000	0.000000
parser.c:1188	0.000000	0.000000	0.000000	0.000000	-0.216216	0.000000	0.000000	-1.000000	23.446216	2.213364	0.000000	0.000000
parser.c:1189	0.000000	0.000000	0.000000	0.000000	-0.216216	0.000000	0.000000	-1.000000	23.446216	2.213364	0.000000	0.000000
parser.c:1194	0.000000	0.000000	0.000000	0.000000	-0.216216	0.000000	0.000000	-1.000000	23.446216	2.213364	0.000000	0.000000
parser.c:1196	0.000000	0.000000	0.000000	0.000000	-0.216216	0.000000	0.000000	-1.000000	23.446216	2.213364	0.000000	0.000000
parser.c:1201	0.000000	0.000000	0.000000	0.000000	-0.189189	0.000000	0.000000	-1.000000	23.450538	2.140695	0.000000	0.000000
parser.c:1203	0.000000	0.000000	0.000000	0.000000	-0.189189	0.000000	0.000000	-1.000000	23.450538	2.140695	0.000000	0.000000
parser.c:1216	0.000000	0.000000	0.000000	0.000000	-0.189189	0.000000	0.000000	-1.000000	23.450538	2.140695	0.000000	0.000000
parser.c:1222	0.000000	0.000000	0.000000	0.000000	-0.009009	0.000000	0.000000	-1.000000	21.880613	1.000000	0.000000	0.000000
parser.c:1225	0.000000	0.000000	0.000000	0.000000	-0.009009	0.000000	0.000000	-1.000000	21.880613	1.000000	0.000000	0.000000
parser.c:1226	0.000000	0.000000	0.000000	0.000000	-0.009009	0.000000	0.000000	-1.000000	21.880613	1.000000	0.000000	0.000000
parser.c:1228	0.000000	0.000000	0.000000	0.000000	-0.009009	0.000000	0.000000	-1.000000	21.880613	1.000000	0.000000	0.000000
parser.c:1230	0.000000	0.000000	0.000000	0.000000	-0.009009	0.000000	0.000000	-1.000000	21.880613	1.000000	0.000000	0.000000
parser.c:1231	0.000000	0.000000	0.000000	0.000000	-0.009009	0.000000	0.000000	-1.000000	21.880613	1.000000	0.000000	0.000000
parser.c:1232	0.000000	0.000000	0.000000	0.000000	-0.009009	0.000000	0.000000	-1.000000	21.880613	1.000000	0.000000	0.000000
parser.c:1233	0.000000	0.000000	0.000000	0.000000	-0.009009	0.000000	0.000000	-1.000000	21.880613	1.000000	0.000000	0.000000
parser.c:1234	0.000000	0.000000	0.000000	0.000000	-0.009009	0.000000	0.000000	-1.000000	21.880613	1.000000	0.000000	0.000000
parser.c:1241	0.000000	0.000000	0.000000	0.000000	-0.009009	0.000000	0.000000	-1.000000	21.880613	1.000000	0.000000	0.000000
parser.c:1243	0.000000	0.000000	0.000000	0.000000	-0.009009	0.000000	0.000000	-1.000000	21.880613	1.000000	0.000000	0.000000
parser.c:1244	0.000000	0.000000	0.000000	0.000000	-0.009009	0.000000	0.000000	-1.000000	21.880613	1.000000	0.000000	0.000000
parser.c:1249	0.000000	0.000000	0.000000	0.000000	-0.009009	0.000000	0.000000	-1.000000	21.880613	1.000000	0.000000	0.000000
parser.c:1250	0.000000	0.000000	0.000000	0.000000	-0.009009	0.000000	0.000000	-1.000000	21.880613	1.000000	0.000000	0.000000
parser.c:1264	0.000000	0.000000	0.000000	0.000000	-0.018018	0.000000	0.000000	-1.000000	22.198823	1.189207	0.000000	0.000000
parser.c:1268	0.000000	0.000000	0.000000	0.000000	-0.018018	0.000000	0.000000	-1.000000	22.198823	1.189207	0.000000	0.000000
parser.c:1269	0.000000	0.000000	0.000000	0.000000	-0.018018	0.000000	0.000000	-1.000000	22.198823	1.189207	0.000000	0.000000
parser.c:1271	0.000000	0.000000	0.000000	0.000000	-0.018018	0.000000	0.000000	-1.000000	22.198823	1.189207	0.000000	0.000000
parser.c:1272	0.000000	0.000000	0.000000	0.000000	-0.018018	0.000000	0.000000	-1.000000	22.198823	1.189207	0.000000	0.000000
parser.c:1273	0.000000	0.000000	0.000000	0.000000	-0.018018	0.000000	0.000000	-1.000000	22.198823	1.189207	0.000000	0.000000
parser.c:1274	0.000000	0.000000	0.000000	0.000000	-0.018018	0.000000	0.000000	-1.000000	22.198823	1.189207	0.000000	0.000000
parser.c:1275	0.000000	0.000000	0.000000	0.000000	-0.018018	0.000000	0.000000	-1.000000	22.198823	1.189207	0.000000	0.000000
parser.c:1281	0.000000	0.000000	0.000000	0.000000	-0.009009	0.000000	0.000000	-1.000000	21.880613	1.000000	0.000000	0.000000
parser.c:1283	0.000000	0.000000	0.000000	0.000000	-0.009009	0.000000	0.000000	-1.000000	21.880613	1.000000	0.000000	0.000000
parser.c:1287	0.000000	0.000000	0.000000	0.000000	-0.009009	0.000000	0.000000	-1.000000	21.880613	1.000000	0.000000	0.000000
parser.c:1289	0.000000	0.000000	0.000000	0.000000	-0.009009	0.000000	0.000000	-1.000000	21.880613	1.000000	0.000000	0.000000
parser.c:1293	0.000000	0.000000	0.000000	0.000000	-0.009009	0.000000	0.000000	-1.000000	21.880613	1.000000	0.000000	0.000000
parser.c:1295	0.000000	0.000000	0.000000	0.000000	-0.009009	0.000000	0.000000	-1.000000	21.880613	1.000000	0.000000	0.000000
parser.c:1296	0.000000	0.000000	0.000000	0.000000	-0.009009	0.000000	0.000000	-1.000000	21.880613	1.000000	0.000000	0.000000
parser.c:1298	0.000000	0.000000	0.000000	0.000000	-0.009009	0.000000	0.000000	-1.000000	21.880613	1.000000	0.000000	0.000000
parser.c:1300	0.000000	0.000000	0.000000	0.000000	-0.009009	0.000000	0.000000	-1.000000	21.880613	1.000000	0.000000	0.000000
parser.c:1303	0.000000	0.000000	0.000000	0.000000	-0.009009	0.000000	0.000000	-1.000000	21.880613	1.000000	0.000000	0.000000
parser.c:1304	0.000000	0.000000	0.000000	0.000000	-0.009009	0.000000	0.000000	-1.000000	21.880613	1.000000	0.000000	0.000000
parser.c:1313	0.000000	0.000000	0.000000	0.000000	-0.009009	0.000000	0.000000	-1.000000	21.880613	1.000000	0.000000	0.000000
parser.c:1316	0.000000	0.000000	0.000000	0.000000	-0.009009	0.000000	0.000000	-1.000000	21.880613	1.000000	0.000000	0.000000
parser.c:1317	0.000000	0.000000	0.000000	0.000000	-0.009009	0.000000	0.000000	-1.000000	21.880613	1.000000	0.000000	0.000000
parser.c:1319	0.000000	0.000000	0.000000	0.000000	-0.009009	0.000000	0.000000	-1.000000	21.880613	1.000000	0.000000	0.000000
parser.c:1320	0.000000	0.000000	0.000000	0.000000	-0.009009	0.000000	0.000000	-1.000000	21.880613	1.000000	0.000000	0.000000
parser.c:1321	0.000000	0.000000	0.000000	0.000000	-0.009009	0.000000	0.000000	-1.000000	21.880613	1.000000	0.000000	0.000000
parser.c:1322	0.000000	0.000000	0.000000	0.000000	-0.009009	0.000000	0.000000	-1.000000	21.880613	1.000000	0.000000	0.000000
parser.c:1336	0.000000	0.000000	0.000000	0.000000	-0.126126	0.000000	0.000000	-1.000000	23.337575	1.934336	0.000000	0.000000
parser.c:1341	0.000000	0.000000	0.000000	0.000000	-0.126126	0.000000	0.000000	-1.000000	23.337575	1.934336	0.000000	0.000000
parser.c:1342	0.000000	0.000000	0.000000	0.000000	-0.126126	0.000000	0.000000	-1.000000	23.337575	1.934336	0.000000	0.000000
parser.c:1344	0.000000	0.000000	0.000000	0.000000	-0.126126	0.000000	0.000000	-1.000000	23.337575	1.934336	0.000000	0.000000
parser.c:1345	0.000000	0.000000	0.000000	0.000000	-0.126126	0.000000	0.000000	-1.000000	23.337575	1.934336	0.000000	0.000000
parser.c:1347	0.000000	0.000000	0.000000	0.000000	-0.117117	0.000000	0.000000	-1.000000	23.303267	1.898829	0.000000	0.000000
parser.c:1348	0.000000	0.000000	0.000000	0.000000	-0.117117	0.000000	0.000000	-1.000000	23.303267	1.898829	0.000000	0.000000
parser.c:1350	0.000000	0.000000	0.000000	0.000000	-0.117117	0.000000	0.000000	-1.000000	23.303267	1.898829	0.000000	0.000000
parser.c:1353	0.000000	0.000000	0.000000	0.000000	-0.009009	0.000000	0.000000	-1.000000	21.880613	1.000000	0.000000	0.000000
parser.c:1364	0.000000	0.000000	0.000000	0.000000	-0.090090	0.000000	0.000000	-1.000000	23.162278	1.778279	0.000000	0.000000
parser.c:1366	0.000000	0.000000	0.000000	0.000000	-0.090090	0.000000	0.000000	-1.000000	23.162278	1.778279	0.000000	0.000000
parser.c:1370	0.000000	0.000000	0.000000	0.000000	-0.063063	0.000000	0.000000	-1.000000	22.943534	1.626577	0.000000	0.000000
parser.c:1372	0.000000	0.000000	0.000000	0.000000	-0.063063	0.000000	0.000000	-1.000000	22.943534	1.626577	0.000000	0.000000
parser.c:1422	0.000000	0.000000	0.000000	0.000000	-0.189189	0.000000	0.000000	-1.000000	23.450538	2.140695	0.000000	0.000000
parser.c:1425	0.000000	0.000000	0.000000	0.000000	-0.189189	0.000000	0.000000	-1.000000	23.450538	2.140695	0.000000	0.000000
parser.c:1427	0.000000	0.000000	0.000000	0.000000	-0.180180	0.000000	0.000000	-1.000000	23.445802	2.114743	0.000000	0.000000
parser.c:1428	0.000000	0.000000	0.000000	0.000000	-0.180180	0.000000	0.000000	-1.000000	23.445802	2.114743	0.000000	0.000000
parser.c:1430	0.000000	0.000000	0.000000	0.000000	-0.180180	0.000000	0.000000	-1.000000	23.445802	2.114743	0.000000	0.000000
parser.c:1431	0.000000	0.000000	0.000000	0.000000	-0.180180	0.000000	0.000000	-1.000000	23.445802	2.114743	0.000000	0.000000
parser.c:1432	0.000000	0.000000	0.000000	0.000000	-0.180180	0.000000	0.000000	-1.000000	23.445802	2.114743	0.000000	0.000000
parser.c:1433	0.000000	0.000000	0.000000	0.000000	-0.180180	0.000000	0.000000	-1.000000	23.445802	2.114743	0.000000	0.000000
parser.c:1434	0.000000	0.000000	0.000000	0.000000	-0.180180	0.000000	0.000000	-1.000000	23.445802	2.114743	0.000000	0.000000
parser.c:1437	0.000000	0.000000	0.000000	0.000000	-0.009009	0.000000	0.000000	-1.000000	21.880613	1.000000	0.000000	0.000000
parser.c:1441	0.000000	0.000000	0.000000	0.000000	-0.045045	0.000000	0.000000	-1.000000	22.729970	1.495349	0.000000	0.000000
parser.c:1448	0.000000	0.000000	0.000000	0.000000	-0.045045	0.000000	0.000000	-1.000000	22.729970	1.495349	0.000000	0.000000
parser.c:1449	0.000000	0.000000	0.000000	0.000000	-0.045045	0.000000	0.000000	-1.000000	22.729970	1.495349	0.000000	0.000000
parser.c:1450	0.000000	0.000000	0.000000	0.000000	-0.045045	0.000000	0.000000	-1.000000	22.729970	1.495349	0.000000	0.000000
parser.c:1451	0.000000	0.000000	0.000000	0.000000	-0.045045	0.000000	0.000000	-1.000000	22.729970	1.495349	0.000000	0.000000
parser.c:1452	0.000000	0.000000	0.000000	0.000000	-0.045045	0.000000	0.000000	-1.000000	22.729970	1.495349	0.000000	0.000000
parser.c:1453	0.000000	0.000000	0.000000	0.000000	-0.045045	0.000000	0.000000	-1.000000	22.729970	1.495349	0.000000	0.000000
parser.c:1477	1.000000	1.000000	1.000000	1.000000	1.000000	0.009009	1.000000	110.000000	22.976177	1.000000	2.000000	10.535654
parser.c:1482	1.000000	1.000000	1.000000	1.000000	1.000000	0.009009	1.000000	110.000000	22.976177	1.000000	2.000000	10.535654
parser.c:1486	1.000000	1.000000	1.000000	1.000000	1.000000	0.009009	1.000000	110.000000	22.976177	1.000000	2.000000	10.535654
parser.c:1493	1.000000	1.000000	1.000000	1.000000	1.000000	0.009009	1.000000	110.000000	22.976177	1.000000	2.000000	10.535654
parser.c:1495	1.000000	1.000000	1.000000	1.000000	1.000000	0.009009	1.000000	110.000000	22.976177	1.000000	2.000000	10.535654
parser.c:1496	1.000000	1.000000	1.000000	1.000000	1.000000	0.009009	1.000000	110.000000	22.976177	1.000000	2.000000	10.535654
parser.c:1497	1.000000	1.000000	1.000000	1.000000	1.000000	0.009009	1.000000	110.000000	22.976177	1.000000	2.000000	10.535654
parser.c:1501	1.000000	1.000000	1.000000	1.000000	1.000000	0.009009	1.000000	110.000000	22.976177	1.000000	2.000000	10.535654
parser.c:1510	1.000000	1.000000	1.000000	1.000000	1.000000	0.009009	1.000000	110.000000	22.976177	1.000000	2.000000	10.535654
parser.c:1511	1.000000	1.000000	1.000000	1.000000	1.000000	0.009009	1.000000	110.000000	22.976177	1.000000	2.000000	10.535654
parser.c:1512	1.000000	1.000000	1.000000	1.000000	1.000000	0.009009	1.000000	110.000000	22.976177	1.000000	2.000000	10.535654
parser.c:1523	1.000000	1.000000	1.000000	1.000000	1.000000	0.009009	1.000000	110.000000	22.976177	1.000000	2.000000	10.535654
parser.c:1525	1.000000	1.000000	1.000000	1.000000	1.000000	0.009009	1.000000	110.000000	22.976177	1.000000	2.000000	10.535654
parser.c:1528	1.000000	1.000000	1.000000	1.000000	1.000000	0.009009	1.000000	110.000000	22.976177	1.000000	2.000000	10.535654
parser.c:1531	1.000000	1.000000	1.000000	1.000000	1.000000	0.009009	1.000000	110.000000	22.976177	1.000000	2.000000	10.535654
parser.c:1532	1.000000	1.000000	1.000000	1.000000	1.000000	0.009009	1.000000	110.000000	22.976177	1.000000	2.000000	10.535654
parser.c:1547	1.000000	1.000000	1.000000	1.000000	1.000000	0.009009	1.000000	110.000000	22.976177	1.000000	2.000000	10.535654
parser.c:1563	1.000000	1.000000	1.000000	1.000000	1.000000	0.009009	1.000000	110.000000	22.976177	1.000000	2.000000	10.535654
parser.c:1564	1.000000	1.000000	1.000000	1.000000	1.000000	0.009009	1.000000	110.000000	22.976177	1.000000	2.000000	10.535654
parser.c:1565	1.000000	1.000000	1.000000	1.000000	1.000000	0.009009	1.000000	110.000000	22.976177	1.000000	2.000000	10.535654
parser.c:1704	0.500000	0.094916	0.009009	1.000000	0.009009	0.009009	1.000000	0.000000	12.488088	3.080274	1.004525	10.440307
parser.c:1711	0.500000	0.094916	0.009009	1.000000	0.009009	0.009009	1.000000	0.000000	12.488088	3.080274	1.004525	10.440307
parser.c:1712	0.500000	0.094916	0.009009	1.000000	0.009009	0.009009	1.000000	0.000000	12.488088	3.080274	1.004525	10.440307
parser.c:1713	0.500000	0.094916	0.009009	1.000000	0.009009	0.009009	1.000000	0.000000	12.488088	3.080274	1.004525	10.440307
parser.c:1714	0.500000	0.094916	0.009009	1.000000	0.009009	0.009009	1.000000	0.000000	12.488088	3.080274	1.004525	10.440307
parser.c:1715	0.500000	0.094916	0.009009	1.000000	0.009009	0.009009	1.000000	0.000000	12.488088	3.080274	1.004525	10.440307
parser.c:1716	0.500000	0.094916	0.009009	1.000000	0.009009	0.009009	1.000000	0.000000	12.488088	3.080274	1.004525	10.440307
parser.c:1720	0.000000	0.000000	0.000000	0.000000	-0.081081	0.000000	0.000000	-1.000000	23.099751	1.732051	0.000000	0.000000
parser.c:1727	0.000000	0.000000	0.000000	0.000000	-0.081081	0.000000	0.000000	-1.000000	23.099751	1.732051	0.000000	0.000000
parser.c:1728	0.000000	0.000000	0.000000	0.000000	-0.081081	0.000000	0.000000	-1.000000	23.099751	1.732051	0.000000	0.000000
parser.c:1729	0.000000	0.000000	0.000000	0.000000	-0.081081	0.000000	0.000000	-1.000000	23.099751	1.732051	0.000000	0.000000
parser.c:1730	0.000000	0.000000	0.000000	0.000000	-0.081081	0.000000	0.000000	-1.000000	23.099751	1.732051	0.000000	0.000000
parser.c:1731	0.000000	0.000000	0.000000	0.000000	-0.081081	0.000000	0.000000	-1.000000	23.099751	1.732051	0.000000	0.000000
parser.c:1732	0.000000	0.000000	0.000000	0.000000	-0.081081	0.000000	0.000000	-1.000000	23.099751	1.732051	0.000000	0.000000
parser.c:1746	0.000000	0.000000	0.000000	0.000000	-0.045045	0.000000	0.000000	-1.000000	22.729970	1.495349	0.000000	0.000000
parser.c:1749	0.000000	0.000000	0.000000	0.000000	-0.045045	0.000000	0.000000	-1.000000	22.729970	1.495349	0.000000	0.000000
parser.c:1751	0.000000	0.000000	0.000000	0.000000	-0.045045	0.000000	0.000000	-1.000000	22.729970	1.495349	0.000000	0.000000
parser.c:1752	0.000000	0.000000	0.000000	0.000000	-0.045045	0.000000	0.000000	-1.000000	22.729970	1.495349	0.000000	0.000000
parser.c:1753	0.000000	0.000000	0.000000	0.000000	-0.045045	0.000000	0.000000	-1.000000	22.729970	1.495349	0.000000	0.000000
parser.c:1754	0.000000	0.000000	0.000000	0.000000	-0.045045	0.000000	0.000000	-1.000000	22.729970	1.495349	0.000000	0.000000
parser.c:1755	0.000000	0.000000	0.000000	0.000000	-0.045045	0.000000	0.000000	-1.000000	22.729970	1.495349	0.000000	0.000000
parser.c:1761	0.000000	0.000000	0.000000	0.000000	-0.009009	0.000000	0.000000	-1.000000	21.880613	1.000000	0.000000	0.000000
parser.c:1763	0.000000	0.000000	0.000000	0.000000	-0.009009	0.000000	0.000000	-1.000000	21.880613	1.000000	0.000000	0.000000
parser.c:1767	0.000000	0.000000	0.000000	0.000000	-0.027027	0.000000	0.000000	-1.000000	22.420212	1.316074	0.000000	0.000000
parser.c:1769	0.000000	0.000000	0.000000	0.000000	-0.027027	0.000000	0.000000	-1.000000	22.420212	1.316074	0.000000	0.000000
parser.c:1771	0.000000	0.000000	0.000000	0.000000	-0.009009	0.000000	0.000000	-1.000000	21.880613	1.000000	0.000000	0.000000
parser.c:1774	0.000000	0.000000	0.000000	0.000000	-0.018018	0.000000	0.000000	-1.000000	22.198823	1.189207	0.000000	0.000000
parser.c:1778	0.000000	0.000000	0.000000	0.000000	-0.054054	0.000000	0.000000	-1.000000	22.845568	1.565085	0.000000	0.000000
parser.c:1782	0.000000	0.000000	0.000000	0.000000	-0.054054	0.000000	0.000000	-1.000000	22.845568	1.565085	0.000000	0.000000
parser.c:1783	0.000000	0.000000	0.000000	0.000000	-0.054054	0.000000	0.000000	-1.000000	22.845568	1.565085	0.000000	0.000000
parser.c:1784	0.000000	0.000000	0.000000	0.000000	-0.054054	0.000000	0.000000	-1.000000	22.845568	1.565085	0.000000	0.000000
parser.c:1785	0.000000	0.000000	0.000000	0.000000	-0.054054	0.000000	0.000000	-1.000000	22.845568	1.565085	0.000000	0.000000
parser.c:1789	0.000000	0.000000	0.000000	0.000000	-0.054054	0.000000	0.000000	-1.000000	22.845568	1.565085	0.000000	0.000000
parser.c:1792	0.000000	0.000000	0.000000	0.000000	-0.054054	0.000000	0.000000	-1.000000	22.845568	1.565085	0.000000	0.000000
parser.c:1795	0.000000	0.000000	0.000000	0.000000	-0.027027	0.000000	0.000000	-1.000000	22.420212	1.316074	0.000000	0.000000
parser.c:1796	0.000000	0.000000	0.000000	0.000000	-0.027027	0.000000	0.000000	-1.000000	22.420212	1.316074	0.000000	0.000000
parser.c:1797	0.000000	0.000000	0.000000	0.000000	-0.027027	0.000000	0.000000	-1.000000	22.420212	1.316074	0.000000	0.000000
parser.c:1798	0.000000	0.000000	0.000000	0.000000	-0.027027	0.000000	0.000000	-1.000000	22.420212	1.316074	0.000000	0.000000
parser.c:1799	0.000000	0.000000	0.000000	0.000000	-0.027027	0.000000	0.000000	-1.000000	22.420212	1.316074	0.000000	0.000000
parser.c:1802	0.000000	0.000000	0.000000	0.000000	-0.009009	0.000000	0.000000	-1.000000	21.880613	1.000000	0.000000	0.000000
parser.c:1803	0.000000	0.000000	0.000000	0.000000	-0.009009	0.000000	0.000000	-1.000000	21.880613	1.000000	0.000000	0.000000
parser.c:1814	0.000000	0.000000	0.000000	0.000000	-0.009009	0.000000	0.000000	-1.000000	21.880613	1.000000	0.000000	0.000000
parser.c:1832	0.000000	0.000000	0.000000	0.000000	-0.018018	0.000000	0.000000	-1.000000	22.198823	1.189207	0.000000	0.000000
parser.c:1833	0.000000	0.000000	0.000000	0.000000	-0.018018	0.000000	0.000000	-1.000000	22.198823	1.189207	0.000000	0.000000
parser.c:1834	0.000000	0.000000	0.000000	0.000000	-0.018018	0.000000	0.000000	-1.000000	22.198823	1.189207	0.000000	0.000000
parser.c:1835	0.000000	0.000000	0.000000	0.000000	-0.018018	0.000000	0.000000	-1.000000	22.198823	1.189207	0.000000	0.000000
parser.c:1836	0.000000	0.000000	0.000000	0.000000	-0.018018	0.000000	0.000000	-1.000000	22.198823	1.189207	0.000000	0.000000
parser.c:1837	0.000000	0.000000	0.000000	0.000000	-0.018018	0.000000	0.000000	-1.000000	22.198823	1.189207	0.000000	0.000000
parser.c:1843	0.000000	0.000000	0.000000	0.000000	-0.009009	0.000000	0.000000	-1.000000	21.880613	1.000000	0.000000	0.000000
parser.c:1844	0.000000	0.000000	0.000000	0.000000	-0.009009	0.000000	0.000000	-1.000000	21.880613	1.000000	0.000000	0.000000
parser.c:1845	0.000000	0.000000	0.000000	0.000000	-0.009009	0.000000	0.000000	-1.000000	21.880613	1.000000	0.000000	0.000000
parser.c:1846	0.000000	0.000000	0.000000	0.000000	-0.009009	0.000000	0.000000	-1.000000	21.880613	1.000000	0.000000	0.000000
parser.c:1847	0.000000	0.000000	0.000000	0.000000	-0.009009	0.000000	0.000000	-1.000000	21.880613	1.000000	0.000000	0.000000
parser.c:1850	0.000000	0.000000	0.000000	0.000000	-0.045045	0.000000	0.000000	-1.000000	22.729970	1.495349	0.000000	0.000000
parser.c:1852	0.000000	0.000000	0.000000	0.000000	-0.045045	0.000000	0.000000	-1.000000	22.729970	1.495349	0.000000	0.000000
parser.c:1853	0.000000	0.000000	0.000000	0.000000	-0.045045	0.000000	0.000000	-1.000000	22.729970	1.495349	0.000000	0.000000
parser.c:1857	0.000000	0.000000	0.000000	0.000000	-0.045045	0.000000	0.000000	-1.000000	22.729970	1.495349	0.000000	0.000000
parser.c:1858	0.000000	0.000000	0.000000	0.000000	-0.045045	0.000000	0.000000	-1.000000	22.729970	1.495349	0.000000	0.000000
parser.c:1859	0.000000	0.000000	0.000000	0.000000	-0.045045	0.000000	0.000000	-1.000000	22.729970	1.495349	0.000000	0.000000
parser.c:1861	0.000000	0.000000	0.000000	0.000000	-0.045045	0.000000	0.000000	-1.000000	22.729970	1.495349	0.000000	0.000000
parser.c:1872	0.000000	0.000000	0.000000	0.000000	-0.009009	0.000000	0.000000	-1.000000	21.880613	1.000000	0.000000	0.000000
parser.c:1879	0.000000	0.000000	0.000000	0.000000	-0.009009	0.000000	0.000000	-1.000000	21.880613	1.000000	0.000000	0.000000
parser.c:1880	0.000000	0.000000	0.000000	0.000000	-0.009009	0.000000	0.000000	-1.000000	21.880613	1.000000	0.000000	0.000000
parser.c:1886	0.000000	0.000000	0.000000	0.000000	-0.009009	0.000000	0.000000	-1.000000	21.880613	1.000000	0.000000	0.000000
parser.c:1889	0.000000	0.000000	0.000000	0.000000	-0.045045	0.000000	0.000000	-1.000000	22.729970	1.495349	0.000000	0.000000
parser.c:1890	0.000000	0.000000	0.000000	0.000000	-0.045045	0.000000	0.000000	-1.000000	22.729970	1.495349	0.000000	0.000000
parser.c:1891	0.000000	0.000000	0.000000	0.000000	-0.045045	0.000000	0.000000	-1.000000	22.729970	1.495349	0.000000	0.000000
parser.c:1893	0.000000	0.000000	0.000000	0.000000	-0.045045	0.000000	0.000000	-1.000000	22.729970	1.495349	0.000000	0.000000
parser.c:1911	0.000000	0.000000	0.000000	0.000000	-0.045045	0.000000	0.000000	-1.000000	22.729970	1.495349	0.000000	0.000000
parser.c:1912	0.000000	0.000000	0.000000	0.000000	-0.045045	0.000000	0.000000	-1.000000	22.729970	1.495349	0.000000	0.000000
parser.c:1916	0.000000	0.000000	0.000000	0.000000	-0.567568	0.000000	0.000000	-1.000000	21.648563	2.817313	0.000000	0.000000
parser.c:1923	0.000000	0.000000	0.000000	0.000000	-0.567568	0.000000	0.000000	-1.000000	21.648563	2.817313	0.000000	0.000000
parser.c:1927	0.000000	0.000000	0.000000	0.000000	-0.567568	0.000000	0.000000	-1.000000	21.648563	2.817313	0.000000	0.000000
parser.c:1928	0.000000	0.000000	0.000000	0.000000	-0.567568	0.000000	0.000000	-1.000000	21.648563	2.817313	0.000000	0.000000
parser.c:1929	0.000000	0.000000	0.000000	0.000000	-0.567568	0.000000	0.000000	-1.000000	21.648563	2.817313	0.000000	0.000000
parser.c:1930	0.000000	0.000000	0.000000	0.000000	-0.567568	0.000000	0.000000	-1.000000	21.648563	2.817313	0.000000	0.000000
parser.c:1934	0.000000	0.000000	0.000000	0.000000	-0.009009	0.000000	0.000000	-1.000000	21.880613	1.000000	0.000000	0.000000
parser.c:1936	0.000000	0.000000	0.000000	0.000000	-0.009009	0.000000	0.000000	-1.000000	21.880613	1.000000	0.000000	0.000000
parser.c:1940	0.000000	0.000000	0.000000	0.000000	-0.162162	0.000000	0.000000	-1.000000	23.425967	2.059767	0.000000	0.000000
parser.c:1943	0.000000	0.000000	0.000000	0.000000	-0.162162	0.000000	0.000000	-1.000000	23.425967	2.059767	0.000000	0.000000
parser.c:1946	0.000000	0.000000	0.000000	0.000000	-0.162162	0.000000	0.000000	-1.000000	23.425967	2.059767	0.000000	0.000000
parser.c:1947	0.000000	0.000000	0.000000	0.000000	-0.162162	0.000000	0.000000	-1.000000	23.425967	2.059767	0.000000	0.000000
parser.c:1969	0.000000	0.000000	0.000000	0.000000	-0.054054	0.000000	0.000000	-1.000000	22.845568	1.565085	0.000000	0.000000
parser.c:1976	0.000000	0.000000	0.000000	0.000000	-0.054054	0.000000	0.000000	-1.000000	22.845568	1.565085	0.000000	0.000000
parser.c:1977	0.000000	0.000000	0.000000	0.000000	-0.054054	0.000000	0.000000	-1.000000	22.845568	1.565085	0.000000	0.000000
parser.c:1980	0.000000	0.000000	0.000000	0.000000	-0.054054	0.000000	0.000000	-1.000000	22.845568	1.565085	0.000000	0.000000
parser.c:1981	0.000000	0.000000	0.000000	0.000000	-0.054054	0.000000	0.000000	-1.000000	22.845568	1.565085	0.000000	0.000000
parser.c:1982	0.000000	0.000000	0.000000	0.000000	-0.054054	0.000000	0.000000	-1.000000	22.845568	1.565085	0.000000	0.000000
parser.c:1986	0.000000	0.000000	0.000000	0.000000	-0.054054	0.000000	0.000000	-1.000000	22.845568	1.565085	0.000000	0.000000
parser.c:1988	0.000000	0.000000	0.000000	0.000000	-0.054054	0.000000	0.000000	-1.000000	22.845568	1.565085	0.000000	0.000000
parser.c:1991	0.000000	0.000000	0.000000	0.000000	-0.054054	0.000000	0.000000	-1.000000	22.845568	1.565085	0.000000	0.000000
parser.c:1992	0.000000	0.000000	0.000000	0.000000	-0.054054	0.000000	0.000000	-1.000000	22.845568	1.565085	0.000000	0.000000
parser.c:1993	0.000000	0.000000	0.000000	0.000000	-0.054054	0.000000	0.000000	-1.000000	22.845568	1.565085	0.000000	0.000000
parser.c:1994	0.000000	0.000000	0.000000	0.000000	-0.054054	0.000000	0.000000	-1.000000	22.845568	1.565085	0.000000	0.000000
parser.c:1995	0.000000	0.000000	0.000000	0.000000	-0.054054	0.000000	0.000000	-1.000000	22.845568	1.565085	0.000000	0.000000
parser.c:2000	0.000000	0.000000	0.000000	0.000000	-0.009009	0.000000	0.000000	-1.000000	21.880613	1.000000	0.000000	0.000000
parser.c:2003	0.000000	0.000000	0.000000	0.000000	-0.009009	0.000000	0.000000	-1.000000	21.880613	1.000000	0.000000	0.000000
parser.c:2006	0.000000	0.000000	0.000000	0.000000	-0.009009	0.000000	0.000000	-1.000000	21.880613	1.000000	0.000000	0.000000
parser.c:2007	0.000000	0.000000	0.000000	0.000000	-0.009009	0.000000	0.000000	-1.000000	21.880613	1.000000	0.000000	0.000000
parser.c:2014	0.000000	0.000000	0.000000	0.000000	-0.027027	0.000000	0.000000	-1.000000	22.420212	1.316074	0.000000	0.000000
parser.c:2016	0.000000	0.000000	0.000000	0.000000	-0.027027	0.000000	0.000000	-1.000000	22.420212	1.316074	0.000000	0.000000
parser.c:2020	0.000000	0.000000	0.000000	0.000000	-0.036036	0.000000	0.000000	-1.000000	22.591260	1.414214	0.000000	0.000000
parser.c:2026	0.000000	0.000000	0.000000	0.000000	-0.036036	0.000000	0.000000	-1.000000	22.591260	1.414214	0.000000	0.000000
parser.c:2030	0.000000	0.000000	0.000000	0.000000	-0.036036	0.000000	0.000000	-1.000000	22.591260	1.414214	0.000000	0.000000
parser.c:2031	0.000000	0.000000	0.000000	0.000000	-0.036036	0.000000	0.000000	-1.000000	22.591260	1.414214	0.000000	0.000000
parser.c:2032	0.000000	0.000000	0.000000	0.000000	-0.036036	0.000000	0.000000	-1.000000	22.591260	1.414214	0.000000	0.000000
parser.c:2033	0.000000	0.000000	0.000000	0.000000	-0.036036	0.000000	0.000000	-1.000000	22.591260	1.414214	0.000000	0.000000
parser.c:2034	0.000000	0.000000	0.000000	0.000000	-0.036036	0.000000	0.000000	-1.000000	22.591260	1.414214	0.000000	0.000000
parser.c:2035	0.000000	0.000000	0.000000	0.000000	-0.036036	0.000000	0.000000	-1.000000	22.591260	1.414214	0.000000	0.000000
parser.c:2036	0.000000	0.000000	0.000000	0.000000	-0.036036	0.000000	0.000000	-1.000000	22.591260	1.414214	0.000000	0.000000
parser.c:2038	0.000000	0.000000	0.000000	0.000000	-0.036036	0.000000	0.000000	-1.000000	22.591260	1.414214	0.000000	0.000000
parser.c:2039	0.000000	0.000000	0.000000	0.000000	-0.036036	0.000000	0.000000	-1.000000	22.591260	1.414214	0.000000	0.000000
parser.c:2040	0.000000	0.000000	0.000000	0.000000	-0.036036	0.000000	0.000000	-1.000000	22.591260	1.414214	0.000000	0.000000
parser.c:2042	0.000000	0.000000	0.000000	0.000000	-0.036036	0.000000	0.000000	-1.000000	22.591260	1.414214	0.000000	0.000000
parser.c:2043	0.000000	0.000000	0.000000	0.000000	-0.036036	0.000000	0.000000	-1.000000	22.591260	1.414214	0.000000	0.000000
parser.c:2045	0.000000	0.000000	0.000000	0.000000	-0.036036	0.000000	0.000000	-1.000000	22.591260	1.414214	0.000000	0.000000
parser.c:2046	0.000000	0.000000	0.000000	0.000000	-0.036036	0.000000	0.000000	-1.000000	22.591260	1.414214	0.000000	0.000000
parser.c:2052	0.000000	0.000000	0.000000	0.000000	-0.045045	0.000000	0.000000	-1.000000	22.729970	1.495349	0.000000	0.000000
parser.c:2059	0.000000	0.000000	0.000000	0.000000	-0.045045	0.000000	0.000000	-1.000000	22.729970	1.495349	0.000000	0.000000
parser.c:2065	0.000000	0.000000	0.000000	0.000000	-0.045045	0.000000	0.000000	-1.000000	22.729970	1.495349	0.000000	0.000000
parser.c:2066	0.000000	0.000000	0.000000	0.000000	-0.018018	0.000000	0.000000	-1.000000	22.198823	1.189207	0.000000	0.000000
parser.c:2068	0.000000	0.000000	0.000000	0.000000	-0.036036	0.000000	0.000000	-1.000000	22.591260	1.414214	0.000000	0.000000
parser.c:2069	0.000000	0.000000	0.000000	0.000000	-0.036036	0.000000	0.000000	-1.000000	22.591260	1.414214	0.000000	0.000000
parser.c:2072	0.000000	0.000000	0.000000	0.000000	-0.036036	0.000000	0.000000	-1.000000	22.591260	1.414214	0.000000	0.000000
parser.c:2073	0.000000	0.000000	0.000000	0.000000	-0.036036	0.000000	0.000000	-1.000000	22.591260	1.414214	0.000000	0.000000
parser.c:2076	0.000000	0.000000	0.000000	0.000000	-0.009009	0.000000	0.000000	-1.000000	21.880613	1.000000	0.000000	0.000000
parser.c:2077	0.000000	0.000000	0.000000	0.000000	-0.009009	0.000000	0.000000	-1.000000	21.880613	1.000000	0.000000	0.000000
parser.c:2078	0.000000	0.000000	0.000000	0.000000	-0.009009	0.000000	0.000000	-1.000000	21.880613	1.000000	0.000000	0.000000
parser.c:2081	0.000000	0.000000	0.000000	0.000000	-0.027027	0.000000	0.000000	-1.000000	22.420212	1.316074	0.000000	0.000000
parser.c:2082	0.000000	0.000000	0.000000	0.000000	-0.027027	0.000000	0.000000	-1.000000	22.420212	1.316074	0.000000	0.000000
parser.c:2083	0.000000	0.000000	0.000000	0.000000	-0.027027	0.000000	0.000000	-1.000000	22.420212	1.316074	0.000000	0.000000
parser.c:2086	0.000000	0.000000	0.000000	0.000000	-0.009009	0.000000	0.000000	-1.000000	21.880613	1.000000	0.000000	0.000000
parser.c:2087	0.000000	0.000000	0.000000	0.000000	-0.009009	0.000000	0.000000	-1.000000	21.880613	1.000000	0.000000	0.000000
parser.c:2088	0.000000	0.000000	0.000000	0.000000	-0.009009	0.000000	0.000000	-1.000000	21.880613	1.000000	0.000000	0.000000
parser.c:2096	0.000000	0.000000	0.000000	0.000000	-0.009009	0.000000	0.000000	-1.000000	21.880613	1.000000	0.000000	0.000000
parser.c:2097	0.000000	0.000000	0.000000	0.000000	-0.009009	0.000000	0.000000	-1.000000	21.880613	1.000000	0.000000	0.000000
parser.c:2098	0.000000	0.000000	0.000000	0.000000	-0.009009	0.000000	0.000000	-1.000000	21.880613	1.000000	0.000000	0.000000
parser.c:2101	0.000000	0.000000	0.000000	0.000000	-0.009009	0.000000	0.000000	-1.000000	21.880613	1.000000	0.000000	0.000000
parser.c:2102	0.000000	0.000000	0.000000	0.000000	-0.009009	0.000000	0.000000	-1.000000	21.880613	1.000000	0.000000	0.000000
parser.c:2103	0.000000	0.000000	0.000000	0.000000	-0.009009	0.000000	0.000000	-1.000000	21.880613	1.000000	0.000000	0.000000
parser.c:2115	0.000000	0.000000	0.000000	0.000000	-0.018018	0.000000	0.000000	-1.000000	22.198823	1.189207	0.000000	0.000000
parser.c:2118	0.000000	0.000000	0.000000	0.000000	-0.009009	0.000000	0.000000	-1.000000	21.880613	1.000000	0.000000	0.000000
parser.c:2121	0.000000	0.000000	0.000000	0.000000	-0.036036	0.000000	0.000000	-1.000000	22.591260	1.414214	0.000000	0.000000
parser.c:2123	0.000000	0.000000	0.000000	0.000000	-0.009009	0.000000	0.000000	-1.000000	21.880613	1.000000	0.000000	0.000000
parser.c:2125	0.000000	0.000000	0.000000	0.000000	-0.009009	0.000000	0.000000	-1.000000	21.880613	1.000000	0.000000	0.000000
parser.c:2128	0.000000	0.000000	0.000000	0.000000	-0.027027	0.000000	0.000000	-1.000000	22.420212	1.316074	0.000000	0.000000
parser.c:2129	0.000000	0.000000	0.000000	0.000000	-0.027027	0.000000	0.000000	-1.000000	22.420212	1.316074	0.000000	0.000000
parser.c:2130	0.000000	0.000000	0.000000	0.000000	-0.027027	0.000000	0.000000	-1.000000	22.420212	1.316074	0.000000	0.000000
parser.c:2131	0.000000	0.000000	0.000000	0.000000	-0.027027	0.000000	0.000000	-1.000000	22.420212	1.316074	0.000000	0.000000
parser.c:2132	0.000000	0.000000	0.000000	0.000000	-0.027027	0.000000	0.000000	-1.000000	22.420212	1.316074	0.000000	0.000000
parser.c:2133	0.000000	0.000000	0.000000	0.000000	-0.027027	0.000000	0.000000	-1.000000	22.420212	1.316074	0.000000	0.000000
parser.c:2135	0.000000	0.000000	0.000000	0.000000	-0.027027	0.000000	0.000000	-1.000000	22.420212	1.316074	0.000000	0.000000
parser.c:2136	0.000000	0.000000	0.000000	0.000000	-0.009009	0.000000	0.000000	-1.000000	21.880613	1.000000	0.000000	0.000000
parser.c:2137	0.000000	0.000000	0.000000	0.000000	-0.027027	0.000000	0.000000	-1.000000	22.420212	1.316074	0.000000	0.000000
parser.c:2138	0.000000	0.000000	0.000000	0.000000	-0.009009	0.000000	0.000000	-1.000000	21.880613	1.000000	0.000000	0.000000
parser.c:2140	0.000000	0.000000	0.000000	0.000000	-0.027027	0.000000	0.000000	-1.000000	22.420212	1.316074	0.000000	0.000000
parser.c:2142	0.000000	0.000000	0.000000	0.000000	-0.027027	0.000000	0.000000	-1.000000	22.420212	1.316074	0.000000	0.000000
parser.c:2143	0.000000	0.000000	0.000000	0.000000	-0.027027	0.000000	0.000000	-1.000000	22.420212	1.316074	0.000000	0.000000
parser.c:2148	0.000000	0.000000	0.000000	0.000000	-0.054054	0.000000	0.000000	-1.000000	22.845568	1.565085	0.000000	0.000000
parser.c:2157	0.000000	0.000000	0.000000	0.000000	-0.054054	0.000000	0.000000	-1.000000	22.845568	1.565085	0.000000	0.000000
parser.c:2158	0.000000	0.000000	0.000000	0.000000	-0.054054	0.000000	0.000000	-1.000000	22.845568	1.565085	0.000000	0.000000
parser.c:2159	0.000000	0.000000	0.000000	0.000000	-0.009009	0.000000	0.000000	-1.000000	21.880613	1.000000	0.000000	0.000000
parser.c:2161	0.000000	0.000000	0.000000	0.000000	-0.045045	0.000000	0.000000	-1.000000	22.729970	1.495349	0.000000	0.000000
parser.c:2167	0.000000	0.000000	0.000000	0.000000	-0.045045	0.000000	0.000000	-1.000000	22.729970	1.495349	0.000000	0.000000
parser.c:2168	0.000000	0.000000	0.000000	0.000000	-0.045045	0.000000	0.000000	-1.000000	22.729970	1.495349	0.000000	0.000000
parser.c:2170	0.000000	0.000000	0.000000	0.000000	-0.045045	0.000000	0.000000	-1.000000	22.729970	1.495349	0.000000	0.000000
parser.c:2172	0.000000	0.000000	0.000000	0.000000	-0.036036	0.000000	0.000000	-1.000000	22.591260	1.414214	0.000000	0.000000
parser.c:2175	0.000000	0.000000	0.000000	0.000000	-0.036036	0.000000	0.000000	-1.000000	22.591260	1.414214	0.000000	0.000000
parser.c:2176	0.000000	0.000000	0.000000	0.000000	-0.036036	0.000000	0.000000	-1.000000	22.591260	1.414214	0.000000	0.000000
parser.c:2201	0.000000	0.000000	0.000000	0.000000	-0.009009	0.000000	0.000000	-1.000000	21.880613	1.000000	0.000000	0.000000
parser.c:2204	0.000000	0.000000	0.000000	0.000000	-0.045045	0.000000	0.000000	-1.000000	22.729970	1.495349	0.000000	0.000000
parser.c:2205	0.000000	0.000000	0.000000	0.000000	-0.045045	0.000000	0.000000	-1.000000	22.729970	1.495349	0.000000	0.000000
parser.c:2211	0.000000	0.000000	0.000000	0.000000	-0.045045	0.000000	0.000000	-1.000000	22.729970	1.495349	0.000000	0.000000
parser.c:2213	0.000000	0.000000	0.000000	0.000000	-0.045045	0.000000	0.000000	-1.000000	22.729970	1.495349	0.000000	0.000000
parser.c:2283	0.000000	0.000000	0.000000	0.000000	-0.045045	0.000000	0.000000	-1.000000	22.729970	1.495349	0.000000	0.000000
parser.c:2284	0.000000	0.000000	0.000000	0.000000	-0.045045	0.000000	0.000000	-1.000000	22.729970	1.495349	0.000000	0.000000
parser.c:2285	0.000000	0.000000	0.000000	0.000000	-0.045045	0.000000	0.000000	-1.000000	22.729970	1.495349	0.000000	0.000000
parser.c:2286	0.000000	0.000000	0.000000	0.000000	-0.045045	0.000000	0.000000	-1.000000	22.729970	1.495349	0.000000	0.000000
parser.c:2287	0.000000	0.000000	0.000000	0.000000	-0.045045	0.000000	0.000000	-1.000000	22.729970	1.495349	0.000000	0.000000
parser.c:2288	0.000000	0.000000	0.000000	0.000000	-0.045045	0.000000	0.000000	-1.000000	22.729970	1.495349	0.000000	0.000000
parser.c:2289	0.000000	0.000000	0.000000	0.000000	-0.045045	0.000000	0.000000	-1.000000	22.729970	1.495349	0.000000	0.000000
parser.c:2290	0.000000	0.000000	0.000000	0.000000	-0.045045	0.000000	0.000000	-1.000000	22.729970	1.495349	0.000000	0.000000
parser.c:2337	0.000000	0.000000	0.000000	0.000000	-0.207207	0.000000	0.000000	-1.000000	23.450590	2.189939	0.000000	0.000000
parser.c:2344	0.000000	0.000000	0.000000	0.000000	-0.207207	0.000000	0.000000	-1.000000	23.450590	2.189939	0.000000	0.000000
parser.c:2345	0.000000	0.000000	0.000000	0.000000	-0.207207	0.000000	0.000000	-1.000000	23.450590	2.189939	0.000000	0.000000
parser.c:2346	0.000000	0.000000	0.000000	0.000000	-0.207207	0.000000	0.000000	-1.000000	23.450590	2.189939	0.000000	0.000000
parser.c:2347	0.000000	0.000000	0.000000	0.000000	-0.207207	0.000000	0.000000	-1.000000	23.450590	2.189939	0.000000	0.000000
parser.c:2351	0.000000	0.000000	0.000000	0.000000	-0.207207	0.000000	0.000000	-1.000000	23.450590	2.189939	0.000000	0.000000
parser.c:2354	0.000000	0.000000	0.000000	0.000000	-0.207207	0.000000	0.000000	-1.000000	23.450590	2.189939	0.000000	0.000000
parser.c:2374	0.000000	0.000000	0.000000	0.000000	-0.117117	0.000000	0.000000	-1.000000	23.303267	1.898829	0.000000	0.000000
parser.c:2376	0.000000	0.000000	0.000000	0.000000	-0.117117	0.000000	0.000000	-1.000000	23.303267	1.898829	0.000000	0.000000
parser.c:2395	0.000000	0.000000	0.000000	0.000000	-0.018018	0.000000	0.000000	-1.000000	22.198823	1.189207	0.000000	0.000000
parser.c:2400	0.000000	0.000000	0.000000	0.000000	-0.018018	0.000000	0.000000	-1.000000	22.198823	1.189207	0.000000	0.000000
parser.c:2402	0.000000	0.000000	0.000000	0.000000	-0.018018	0.000000	0.000000	-1.000000	22.198823	1.189207	0.000000	0.000000
parser.c:2405	0.000000	0.000000	0.000000	0.000000	-0.009009	0.000000	0.000000	-1.000000	21.880613	1.000000	0.000000	0.000000
parser.c:2406	0.000000	0.000000	0.000000	0.000000	-0.009009	0.000000	0.000000	-1.000000	21.880613	1.000000	0.000000	0.000000
parser.c:2415	0.000000	0.000000	0.000000	0.000000	-0.009009	0.000000	0.000000	-1.000000	21.880613	1.000000	0.000000	0.000000
parser.c:2421	0.000000	0.000000	0.000000	0.000000	-0.009009	0.000000	0.000000	-1.000000	21.880613	1.000000	0.000000	0.000000
parser.c:2426	0.000000	0.000000	0.000000	0.000000	-0.027027	0.000000	0.000000	-1.000000	22.420212	1.316074	0.000000	0.000000
parser.c:2430	0.000000	0.000000	0.000000	0.000000	-0.027027	0.000000	0.000000	-1.000000	22.420212	1.316074	0.000000	0.000000
parser.c:2434	0.000000	0.000000	0.000000	0.000000	-0.018018	0.000000	0.000000	-1.000000	22.198823	1.189207	0.000000	0.000000
parser.c:2435	0.000000	0.000000	0.000000	0.000000	-0.018018	0.000000	0.000000	-1.000000	22.198823	1.189207	0.000000	0.000000
parser.c:2436	0.000000	0.000000	0.000000	0.000000	-0.018018	0.000000	0.000000	-1.000000	22.198823	1.189207	0.000000	0.000000
parser.c:2442	0.000000	0.000000	0.000000	0.000000	-0.018018	0.000000	0.000000	-1.000000	22.198823	1.189207	0.000000	0.000000
parser.c:2443	0.000000	0.000000	0.000000	0.000000	-0.018018	0.000000	0.000000	-1.000000	22.198823	1.189207	0.000000	0.000000
parser.c:2446	0.000000	0.000000	0.000000	0.000000	-0.018018	0.000000	0.000000	-1.000000	22.198823	1.189207	0.000000	0.000000
parser.c:2453	0.000000	0.000000	0.000000	0.000000	-0.018018	0.000000	0.000000	-1.000000	22.198823	1.189207	0.000000	0.000000
parser.c:2457	0.000000	0.000000	0.000000	0.000000	-0.990991	0.000000	0.000000	-1.000000	10.488088	3.238532	0.000000	0.000000
parser.c:2459	0.000000	0.000000	0.000000	0.000000	-0.990991	0.000000	0.000000	-1.000000	10.488088	3.238532	0.000000	0.000000
parser.c:2466	0.000000	0.000000	0.000000	0.000000	-0.990991	0.000000	0.000000	-1.000000	10.488088	3.238532	0.000000	0.000000
parser.c:2467	0.000000	0.000000	0.000000	0.000000	-0.990991	0.000000	0.000000	-1.000000	10.488088	3.238532	0.000000	0.000000
parser.c:2482	0.000000	0.000000	0.000000	0.000000	-0.990991	0.000000	0.000000	-1.000000	10.488088	3.238532	0.000000	0.000000
parser.c:2483	0.000000	0.000000	0.000000	0.000000	-0.990991	0.000000	0.000000	-1.000000	10.488088	3.238532	0.000000	0.000000
parser.c:2486	0.000000	0.000000	0.000000	0.000000	-0.990991	0.000000	0.000000	-1.000000	10.488088	3.238532	0.000000	0.000000
parser.c:2487	0.000000	0.000000	0.000000	0.000000	-0.990991	0.000000	0.000000	-1.000000	10.488088	3.238532	0.000000	0.000000
parser.c:2488	0.000000	0.000000	0.000000	0.000000	-0.990991	0.000000	0.000000	-1.000000	10.488088	3.238532	0.000000	0.000000
parser.c:2491	0.000000	0.000000	0.000000	0.000000	-0.990991	0.000000	0.000000	-1.000000	10.488088	3.238532	0.000000	0.000000
parser.c:2492	0.000000	0.000000	0.000000	0.000000	-0.990991	0.000000	0.000000	-1.000000	10.488088	3.238532	0.000000	0.000000
parser.c:2495	0.000000	0.000000	0.000000	0.000000	-0.990991	0.000000	0.000000	-1.000000	10.488088	3.238532	0.000000	0.000000
parser.c:2496	0.000000	0.000000	0.000000	0.000000	-0.990991	0.000000	0.000000	-1.000000	10.488088	3.238532	0.000000	0.000000
parser.c:2498	0.000000	0.000000	0.000000	0.000000	-0.990991	0.000000	0.000000	-1.000000	10.488088	3.238532	0.000000	0.000000
parser.c:2499	0.000000	0.000000	0.000000	0.000000	-0.990991	0.000000	0.000000	-1.000000	10.488088	3.238532	0.000000	0.000000
parser.c:2500	0.000000	0.000000	0.000000	0.000000	-0.990991	0.000000	0.000000	-1.000000	10.488088	3.238532	0.000000	0.000000
parser.c:2502	0.000000	0.000000	0.000000	0.000000	-0.990991	0.000000	0.000000	-1.000000	10.488088	3.238532	0.000000	0.000000
parser.c:2511	0.000000	0.000000	0.000000	0.000000	-0.990991	0.000000	0.000000	-1.000000	10.488088	3.238532	0.000000	0.000000
parser.c:2514	0.000000	0.000000	0.000000	0.000000	-0.990991	0.000000	0.000000	-1.000000	10.488088	3.238532	0.000000	0.000000
parser.c:2515	0.000000	0.000000	0.000000	0.000000	-0.990991	0.000000	0.000000	-1.000000	10.488088	3.238532	0.000000	0.000000
parser.c:2517	0.000000	0.000000	0.000000	0.000000	-0.990991	0.000000	0.000000	-1.000000	10.488088	3.238532	0.000000	0.000000
parser.c:2523	0.000000	0.000000	0.000000	0.000000	-0.990991	0.000000	0.000000	-1.000000	10.488088	3.238532	0.000000	0.000000
parser.c:2525	0.000000	0.000000	0.000000	0.000000	-0.990991	0.000000	0.000000	-1.000000	10.488088	3.238532	0.000000	0.000000
parser.c:2557	0.000000	0.000000	0.000000	0.000000	-0.018018	0.000000	0.000000	-1.000000	22.198823	1.189207	0.000000	0.000000
parser.c:2559	0.000000	0.000000	0.000000	0.000000	-0.018018	0.000000	0.000000	-1.000000	22.198823	1.189207	0.000000	0.000000
parser.c:2563	0.000000	0.000000	0.000000	0.000000	-0.135135	0.000000	0.000000	-1.000000	23.366572	1.967990	0.000000	0.000000
parser.c:2569	0.000000	0.000000	0.000000	0.000000	-0.135135	0.000000	0.000000	-1.000000	23.366572	1.967990	0.000000	0.000000
parser.c:2572	0.000000	0.000000	0.000000	0.000000	-0.135135	0.000000	0.000000	-1.000000	23.366572	1.967990	0.000000	0.000000
parser.c:2574	0.000000	0.000000	0.000000	0.000000	-0.135135	0.000000	0.000000	-1.000000	23.366572	1.967990	0.000000	0.000000
parser.c:2576	0.000000	0.000000	0.000000	0.000000	-0.009009	0.000000	0.000000	-1.000000	21.880613	1.000000	0.000000	0.000000
parser.c:2580	0.000000	0.000000	0.000000	0.000000	-0.135135	0.000000	0.000000	-1.000000	23.366572	1.967990	0.000000	0.000000
parser.c:2591	0.000000	0.000000	0.000000	0.000000	-0.036036	0.000000	0.000000	-1.000000	22.591260	1.414214	0.000000	0.000000
parser.c:2592	0.000000	0.000000	0.000000	0.000000	-0.036036	0.000000	0.000000	-1.000000	22.591260	1.414214	0.000000	0.000000
parser.c:2593	0.000000	0.000000	0.000000	0.000000	-0.036036	0.000000	0.000000	-1.000000	22.591260	1.414214	0.000000	0.000000
parser.c:2595	0.000000	0.000000	0.000000	0.000000	-0.081081	0.000000	0.000000	-1.000000	23.099751	1.732051	0.000000	0.000000
parser.c:2596	0.000000	0.000000	0.000000	0.000000	-0.081081	0.000000	0.000000	-1.000000	23.099751	1.732051	0.000000	0.000000
parser.c:2597	0.000000	0.000000	0.000000	0.000000	-0.081081	0.000000	0.000000	-1.000000	23.099751	1.732051	0.000000	0.000000
parser.c:2600	0.000000	0.000000	0.000000	0.000000	-0.009009	0.000000	0.000000	-1.000000	21.880613	1.000000	0.000000	0.000000
parser.c:2601	0.000000	0.000000	0.000000	0.000000	-0.009009	0.000000	0.000000	-1.000000	21.880613	1.000000	0.000000	0.000000
parser.c:2602	0.000000	0.000000	0.000000	0.000000	-0.009009	0.000000	0.000000	-1.000000	21.880613	1.000000	0.000000	0.000000
parser.c:2623	0.000000	0.000000	0.000000	0.000000	-0.009009	0.000000	0.000000	-1.000000	21.880613	1.000000	0.000000	0.000000
parser.c:2626	0.000000	0.000000	0.000000	0.000000	-0.126126	0.000000	0.000000	-1.000000	23.337575	1.934336	0.000000	0.000000
parser.c:2627	0.000000	0.000000	0.000000	0.000000	-0.126126	0.000000	0.000000	-1.000000	23.337575	1.934336	0.000000	0.000000
parser.c:2633	0.000000	0.000000	0.000000	0.000000	-0.126126	0.000000	0.000000	-1.000000	23.337575	1.934336	0.000000	0.000000
parser.c:2635	0.000000	0.000000	0.000000	0.000000	-0.018018	0.000000	0.000000	-1.000000	22.198823	1.189207	0.000000	0.000000
parser.c:2636	0.000000	0.000000	0.000000	0.000000	-0.018018	0.000000	0.000000	-1.000000	22.198823	1.189207	0.000000	0.000000
parser.c:2640	0.000000	0.000000	0.000000	0.000000	-0.108108	0.000000	0.000000	-1.000000	23.263091	1.861210	0.000000	0.000000
parser.c:2641	0.000000	0.000000	0.000000	0.000000	-0.108108	0.000000	0.000000	-1.000000	23.263091	1.861210	0.000000	0.000000
parser.c:2643	0.000000	0.000000	0.000000	0.000000	-0.126126	0.000000	0.000000	-1.000000	23.337575	1.934336	0.000000	0.000000
parser.c:2644	0.000000	0.000000	0.000000	0.000000	-0.126126	0.000000	0.000000	-1.000000	23.337575	1.934336	0.000000	0.000000
parser.c:2653	0.000000	0.000000	0.000000	0.000000	-0.756757	0.000000	0.000000	-1.000000	19.363190	3.027400	0.000000	0.000000
parser.c:2655	0.000000	0.000000	0.000000	0.000000	-0.756757	0.000000	0.000000	-1.000000	19.363190	3.027400	0.000000	0.000000
parser.c:2656	0.000000	0.000000	0.000000	0.000000	-0.756757	0.000000	0.000000	-1.000000	19.363190	3.027400	0.000000	0.000000
parser.c:2662	0.000000	0.000000	0.000000	0.000000	-0.756757	0.000000	0.000000	-1.000000	19.363190	3.027400	0.000000	0.000000
parser.c:2672	0.000000	0.000000	0.000000	0.000000	-0.162162	0.000000	0.000000	-1.000000	23.425967	2.059767	0.000000	0.000000
parser.c:2676	0.000000	0.000000	0.000000	0.000000	-0.162162	0.000000	0.000000	-1.000000	23.425967	2.059767	0.000000	0.000000
parser.c:2682	0.000000	0.000000	0.000000	0.000000	-0.162162	0.000000	0.000000	-1.000000	23.425967	2.059767	0.000000	0.000000
parser.c:2683	0.000000	0.000000	0.000000	0.000000	-0.162162	0.000000	0.000000	-1.000000	23.425967	2.059767	0.000000	0.000000
parser.c:2684	0.000000	0.000000	0.000000	0.000000	-0.162162	0.000000	0.000000	-1.000000	23.425967	2.059767	0.000000	0.000000
parser.c:2685	0.000000	0.000000	0.000000	0.000000	-0.162162	0.000000	0.000000	-1.000000	23.425967	2.059767	0.000000	0.000000
parser.c:2686	0.000000	0.000000	0.000000	0.000000	-0.162162	0.000000	0.000000	-1.000000	23.425967	2.059767	0.000000	0.000000
parser.c:2687	0.000000	0.000000	0.000000	0.000000	-0.162162	0.000000	0.000000	-1.000000	23.425967	2.059767	0.000000	0.000000
parser.c:2689	0.000000	0.000000	0.000000	0.000000	-0.162162	0.000000	0.000000	-1.000000	23.425967	2.059767	0.000000	0.000000
parser.c:2690	0.000000	0.000000	0.000000	0.000000	-0.162162	0.000000	0.000000	-1.000000	23.425967	2.059767	0.000000	0.000000
parser.c:2692	0.000000	0.000000	0.000000	0.000000	-0.162162	0.000000	0.000000	-1.000000	23.425967	2.059767	0.000000	0.000000
parser.c:2694	0.000000	0.000000	0.000000	0.000000	-0.162162	0.000000	0.000000	-1.000000	23.425967	2.059767	0.000000	0.000000
parser.c:2696	0.000000	0.000000	0.000000	0.000000	-0.009009	0.000000	0.000000	-1.000000	21.880613	1.000000	0.000000	0.000000
parser.c:2697	0.000000	0.000000	0.000000	0.000000	-0.009009	0.000000	0.000000	-1.000000	21.880613	1.000000	0.000000	0.000000
parser.c:2709	0.000000	0.000000	0.000000	0.000000	-0.009009	0.000000	0.000000	-1.000000	21.880613	1.000000	0.000000	0.000000
parser.c:2728	0.000000	0.000000	0.000000	0.000000	-0.009009	0.000000	0.000000	-1.000000	21.880613	1.000000	0.000000	0.000000
parser.c:2729	0.000000	0.000000	0.000000	0.000000	-0.009009	0.000000	0.000000	-1.000000	21.880613	1.000000	0.000000	0.000000
parser.c:2749	0.000000	0.000000	0.000000	0.000000	-0.009009	0.000000	0.000000	-1.000000	21.880613	1.000000	0.000000	0.000000
parser.c:2752	0.000000	0.000000	0.000000	0.000000	-0.009009	0.000000	0.000000	-1.000000	21.880613	1.000000	0.000000	0.000000
parser.c:2753	0.000000	0.000000	0.000000	0.000000	-0.009009	0.000000	0.000000	-1.000000	21.880613	1.000000	0.000000	0.000000
parser.c:2755	0.000000	0.000000	0.000000	0.000000	-0.162162	0.000000	0.000000	-1.000000	23.425967	2.059767	0.000000	0.000000
parser.c:2757	0.000000	0.000000	0.000000	0.000000	-0.126126	0.000000	0.000000	-1.000000	23.337575	1.934336	0.000000	0.000000
parser.c:2760	0.000000	0.000000	0.000000	0.000000	-0.009009	0.000000	0.000000	-1.000000	21.880613	1.000000	0.000000	0.000000
parser.c:2762	0.000000	0.000000	0.000000	0.000000	-0.117117	0.000000	0.000000	-1.000000	23.303267	1.898829	0.000000	0.000000
parser.c:2772	0.000000	0.000000	0.000000	0.000000	-0.117117	0.000000	0.000000	-1.000000	23.303267	1.898829	0.000000	0.000000
parser.c:2774	0.000000	0.000000	0.000000	0.000000	-0.117117	0.000000	0.000000	-1.000000	23.303267	1.898829	0.000000	0.000000
parser.c:2776	0.000000	0.000000	0.000000	0.000000	-0.117117	0.000000	0.000000	-1.000000	23.303267	1.898829	0.000000	0.000000
parser.c:2779	0.000000	0.000000	0.000000	0.000000	-0.117117	0.000000	0.000000	-1.000000	23.303267	1.898829	0.000000	0.000000
parser.c:2781	0.000000	0.000000	0.000000	0.000000	-0.117117	0.000000	0.000000	-1.000000	23.303267	1.898829	0.000000	0.000000
parser.c:2782	0.000000	0.000000	0.000000	0.000000	-0.117117	0.000000	0.000000	-1.000000	23.303267	1.898829	0.000000	0.000000
parser.c:2784	0.000000	0.000000	0.000000	0.000000	-0.117117	0.000000	0.000000	-1.000000	23.303267	1.898829	0.000000	0.000000
parser.c:2785	0.000000	0.000000	0.000000	0.000000	-0.117117	0.000000	0.000000	-1.000000	23.303267	1.898829	0.000000	0.000000
parser.c:2810	0.000000	0.000000	0.000000	0.000000	-0.153153	0.000000	0.000000	-1.000000	23.410407	2.030543	0.000000	0.000000
parser.c:2811	0.000000	0.000000	0.000000	0.000000	-0.135135	0.000000	0.000000	-1.000000	23.366572	1.967990	0.000000	0.000000
parser.c:2813	0.000000	0.000000	0.000000	0.000000	-0.153153	0.000000	0.000000	-1.000000	23.410407	2.030543	0.000000	0.000000
parser.c:2821	0.000000	0.000000	0.000000	0.000000	-0.153153	0.000000	0.000000	-1.000000	23.410407	2.030543	0.000000	0.000000
parser.c:2829	0.000000	0.000000	0.000000	0.000000	-0.153153	0.000000	0.000000	-1.000000	23.410407	2.030543	0.000000	0.000000
parser.c:2832	0.000000	0.000000	0.000000	0.000000	-0.153153	0.000000	0.000000	-1.000000	23.410407	2.030543	0.000000	0.000000
parser.c:2834	0.000000	0.000000	0.000000	0.000000	-0.153153	0.000000	0.000000	-1.000000	23.410407	2.030543	0.000000	0.000000
parser.c:2835	0.000000	0.000000	0.000000	0.000000	-0.153153	0.000000	0.000000	-1.000000	23.410407	2.030543	0.000000	0.000000
parser.c:2836	0.000000	0.000000	0.000000	0.000000	-0.153153	0.000000	0.000000	-1.000000	23.410407	2.030543	0.000000	0.000000
parser.c:2837	0.000000	0.000000	0.000000	0.000000	-0.153153	0.000000	0.000000	-1.000000	23.410407	2.030543	0.000000	0.000000
parser.c:2838	0.000000	0.000000	0.000000	0.000000	-0.153153	0.000000	0.000000	-1.000000	23.410407	2.030543	0.000000	0.000000
parser.c:2840	0.000000	0.000000	0.000000	0.000000	-0.153153	0.000000	0.000000	-1.000000	23.410407	2.030543	0.000000	0.000000
parser.c:2841	0.000000	0.000000	0.000000	0.000000	-0.153153	0.000000	0.000000	-1.000000	23.410407	2.030543	0.000000	0.000000
parser.c:2842	0.000000	0.000000	0.000000	0.000000	-0.153153	0.000000	0.000000	-1.000000	23.410407	2.030543	0.000000	0.000000
parser.c:2844	0.000000	0.000000	0.000000	0.000000	-0.153153	0.000000	0.000000	-1.000000	23.410407	2.030543	0.000000	0.000000
parser.c:2848	0.000000	0.000000	0.000000	0.000000	-0.144144	0.000000	0.000000	-1.000000	23.390719	2.000000	0.000000	0.000000
parser.c:2849	0.000000	0.000000	0.000000	0.000000	-0.144144	0.000000	0.000000	-1.000000	23.390719	2.000000	0.000000	0.000000
parser.c:2850	0.000000	0.000000	0.000000	0.000000	-0.144144	0.000000	0.000000	-1.000000	23.390719	2.000000	0.000000	0.000000
parser.c:2851	0.000000	0.000000	0.000000	0.000000	-0.144144	0.000000	0.000000	-1.000000	23.390719	2.000000	0.000000	0.000000
parser.c:2853	0.000000	0.000000	0.000000	0.000000	-0.144144	0.000000	0.000000	-1.000000	23.390719	2.000000	0.000000	0.000000
parser.c:2857	0.000000	0.000000	0.000000	0.000000	-0.117117	0.000000	0.000000	-1.000000	23.303267	1.898829	0.000000	0.000000
parser.c:2858	0.000000	0.000000	0.000000	0.000000	-0.117117	0.000000	0.000000	-1.000000	23.303267	1.898829	0.000000	0.000000
parser.c:2861	0.000000	0.000000	0.000000	0.000000	-0.009009	0.000000	0.000000	-1.000000	21.880613	1.000000	0.000000	0.000000
parser.c:2862	0.000000	0.000000	0.000000	0.000000	-0.009009	0.000000	0.000000	-1.000000	21.880613	1.000000	0.000000	0.000000
parser.c:2863	0.000000	0.000000	0.000000	0.000000	-0.009009	0.000000	0.000000	-1.000000	21.880613	1.000000	0.000000	0.000000
parser.c:2864	0.000000	0.000000	0.000000	0.000000	-0.009009	0.000000	0.000000	-1.000000	21.880613	1.000000	0.000000	0.000000
parser.c:2867	0.000000	0.000000	0.000000	0.000000	-0.054054	0.000000	0.000000	-1.000000	22.845568	1.565085	0.000000	0.000000
parser.c:2868	0.000000	0.000000	0.000000	0.000000	-0.054054	0.000000	0.000000	-1.000000	22.845568	1.565085	0.000000	0.000000
parser.c:2869	0.000000	0.000000	0.000000	0.000000	-0.054054	0.000000	0.000000	-1.000000	22.845568	1.565085	0.000000	0.000000
parser.c:2870	0.000000	0.000000	0.000000	0.000000	-0.054054	0.000000	0.000000	-1.000000	22.845568	1.565085	0.000000	0.000000
parser.c:2885	0.000000	0.000000	0.000000	0.000000	-0.009009	0.000000	0.000000	-1.000000	21.880613	1.000000	0.000000	0.000000
parser.c:2886	0.000000	0.000000	0.000000	0.000000	-0.009009	0.000000	0.000000	-1.000000	21.880613	1.000000	0.000000	0.000000
parser.c:2887	0.000000	0.000000	0.000000	0.000000	-0.009009	0.000000	0.000000	-1.000000	21.880613	1.000000	0.000000	0.000000
parser.c:2888	0.000000	0.000000	0.000000	0.000000	-0.009009	0.000000	0.000000	-1.000000	21.880613	1.000000	0.000000	0.000000
parser.c:2897	0.000000	0.000000	0.000000	0.000000	-0.018018	0.000000	0.000000	-1.000000	22.198823	1.189207	0.000000	0.000000
parser.c:2898	0.000000	0.000000	0.000000	0.000000	-0.018018	0.000000	0.000000	-1.000000	22.198823	1.189207	0.000000	0.000000
parser.c:2899	0.000000	0.000000	0.000000	0.000000	-0.018018	0.000000	0.000000	-1.000000	22.198823	1.189207	0.000000	0.000000
parser.c:2900	0.000000	0.000000	0.000000	0.000000	-0.018018	0.000000	0.000000	-1.000000	22.198823	1.189207	0.000000	0.000000
parser.c:2906	0.000000	0.000000	0.000000	0.000000	-0.099099	0.000000	0.000000	-1.000000	23.216374	1.821160	0.000000	0.000000
parser.c:2907	0.000000	0.000000	0.000000	0.000000	-0.099099	0.000000	0.000000	-1.000000	23.216374	1.821160	0.000000	0.000000
parser.c:2910	0.000000	0.000000	0.000000	0.000000	-0.027027	0.000000	0.000000	-1.000000	22.420212	1.316074	0.000000	0.000000
parser.c:2911	0.000000	0.000000	0.000000	0.000000	-0.027027	0.000000	0.000000	-1.000000	22.420212	1.316074	0.000000	0.000000
parser.c:2922	0.000000	0.000000	0.000000	0.000000	-0.009009	0.000000	0.000000	-1.000000	21.880613	1.000000	0.000000	0.000000
parser.c:2923	0.000000	0.000000	0.000000	0.000000	-0.009009	0.000000	0.000000	-1.000000	21.880613	1.000000	0.000000	0.000000
parser.c:2924	0.000000	0.000000	0.000000	0.000000	-0.009009	0.000000	0.000000	-1.000000	21.880613	1.000000	0.000000	0.000000
parser.c:2925	0.000000	0.000000	0.000000	0.000000	-0.009009	0.000000	0.000000	-1.000000	21.880613	1.000000	0.000000	0.000000
parser.c:2930	0.000000	0.000000	0.000000	0.000000	-0.045045	0.000000	0.000000	-1.000000	22.729970	1.495349	0.000000	0.000000
parser.c:2931	0.000000	0.000000	0.000000	0.000000	-0.045045	0.000000	0.000000	-1.000000	22.729970	1.495349	0.000000	0.000000
parser.c:2934	0.000000	0.000000	0.000000	0.000000	-0.009009	0.000000	0.000000	-1.000000	21.880613	1.000000	0.000000	0.000000
parser.c:2935	0.000000	0.000000	0.000000	0.000000	-0.009009	0.000000	0.000000	-1.000000	21.880613	1.000000	0.000000	0.000000
parser.c:2936	0.000000	0.000000	0.000000	0.000000	-0.009009	0.000000	0.000000	-1.000000	21.880613	1.000000	0.000000	0.000000
parser.c:2937	0.000000	0.000000	0.000000	0.000000	-0.009009	0.000000	0.000000	-1.000000	21.880613	1.000000	0.000000	0.000000
parser.c:2948	0.000000	0.000000	0.000000	0.000000	-0.117117	0.000000	0.000000	-1.000000	23.303267	1.898829	0.000000	0.000000
parser.c:2950	0.000000	0.000000	0.000000	0.000000	-0.117117	0.000000	0.000000	-1.000000	23.303267	1.898829	0.000000	0.000000
parser.c:2951	0.000000	0.000000	0.000000	0.000000	-0.063063	0.000000	0.000000	-1.000000	22.943534	1.626577	0.000000	0.000000
parser.c:2952	0.000000	0.000000	0.000000	0.000000	-0.117117	0.000000	0.000000	-1.000000	23.303267	1.898829	0.000000	0.000000
parser.c:2956	0.000000	0.000000	0.000000	0.000000	-0.063063	0.000000	0.000000	-1.000000	22.943534	1.626577	0.000000	0.000000
parser.c:2959	0.000000	0.000000	0.000000	0.000000	-0.063063	0.000000	0.000000	-1.000000	22.943534	1.626577	0.000000	0.000000
parser.c:2960	0.000000	0.000000	0.000000	0.000000	-0.063063	0.000000	0.000000	-1.000000	22.943534	1.626577	0.000000	0.000000
parser.c:2967	0.000000	0.000000	0.000000	0.000000	-0.063063	0.000000	0.000000	-1.000000	22.943534	1.626577	0.000000	0.000000
parser.c:2972	0.000000	0.000000	0.000000	0.000000	-0.063063	0.000000	0.000000	-1.000000	22.943534	1.626577	0.000000	0.000000
parser.c:2973	0.000000	0.000000	0.000000	0.000000	-0.063063	0.000000	0.000000	-1.000000	22.943534	1.626577	0.000000	0.000000
parser.c:2975	0.000000	0.000000	0.000000	0.000000	-0.063063	0.000000	0.000000	-1.000000	22.943534	1.626577	0.000000	0.000000
parser.c:2985	0.000000	0.000000	0.000000	0.000000	-0.063063	0.000000	0.000000	-1.000000	22.943534	1.626577	0.000000	0.000000
parser.c:3001	0.000000	0.000000	0.000000	0.000000	-0.126126	0.000000	0.000000	-1.000000	23.337575	1.934336	0.000000	0.000000
parser.c:3012	0.000000	0.000000	0.000000	0.000000	-0.126126	0.000000	0.000000	-1.000000	23.337575	1.934336	0.000000	0.000000
parser.c:3018	0.000000	0.000000	0.000000	0.000000	-0.126126	0.000000	0.000000	-1.000000	23.337575	1.934336	0.000000	0.000000
parser.c:3021	0.000000	0.000000	0.000000	0.000000	-0.126126	0.000000	0.000000	-1.000000	23.337575	1.934336	0.000000	0.000000
parser.c:3022	0.000000	0.000000	0.000000	0.000000	-0.126126	0.000000	0.000000	-1.000000	23.337575	1.934336	0.000000	0.000000
parser.c:3023	0.000000	0.000000	0.000000	0.000000	-0.126126	0.000000	0.000000	-1.000000	23.337575	1.934336	0.000000	0.000000
parser.c:3025	0.000000	0.000000	0.000000	0.000000	-0.126126	0.000000	0.000000	-1.000000	23.337575	1.934336	0.000000	0.000000
parser.c:3027	0.000000	0.000000	0.000000	0.000000	-0.126126	0.000000	0.000000	-1.000000	23.337575	1.934336	0.000000	0.000000
parser.c:3029	0.000000	0.000000	0.000000	0.000000	-0.126126	0.000000	0.000000	-1.000000	23.337575	1.934336	0.000000	0.000000
parser.c:3030	0.000000	0.000000	0.000000	0.000000	-0.126126	0.000000	0.000000	-1.000000	23.337575	1.934336	0.000000	0.000000
parser.c:3043	0.000000	0.000000	0.000000	0.000000	-0.126126	0.000000	0.000000	-1.000000	23.337575	1.934336	0.000000	0.000000
parser.c:3045	0.000000	0.000000	0.000000	0.000000	-0.063063	0.000000	0.000000	-1.000000	22.943534	1.626577	0.000000	0.000000
parser.c:3046	0.000000	0.000000	0.000000	0.000000	-0.063063	0.000000	0.000000	-1.000000	22.943534	1.626577	0.000000	0.000000
parser.c:3047	0.000000	0.000000	0.000000	0.000000	-0.063063	0.000000	0.000000	-1.000000	22.943534	1.626577	0.000000	0.000000
parser.c:3051	0.000000	0.000000	0.000000	0.000000	-0.063063	0.000000	0.000000	-1.000000	22.943534	1.626577	0.000000	0.000000
parser.c:3054	0.000000	0.000000	0.000000	0.000000	-0.126126	0.000000	0.000000	-1.000000	23.337575	1.934336	0.000000	0.000000
parser.c:3059	0.000000	0.000000	0.000000	0.000000	-0.126126	0.000000	0.000000	-1.000000	23.337575	1.934336	0.000000	0.000000
parser.c:3060	0.000000	0.000000	0.000000	0.000000	-0.126126	0.000000	0.000000	-1.000000	23.337575	1.934336	0.000000	0.000000
parser.c:3061	0.000000	0.000000	0.000000	0.000000	-0.126126	0.000000	0.000000	-1.000000	23.337575	1.934336	0.000000	0.000000
parser.c:3062	0.000000	0.000000	0.000000	0.000000	-0.126126	0.000000	0.000000	-1.000000	23.337575	1.934336	0.000000	0.000000
parser.c:3063	0.000000	0.000000	0.000000	0.000000	-0.126126	0.000000	0.000000	-1.000000	23.337575	1.934336	0.000000	0.000000
parser.c:3066	0.000000	0.000000	0.000000	0.000000	-0.126126	0.000000	0.000000	-1.000000	23.337575	1.934336	0.000000	0.000000
parser.c:3067	0.000000	0.000000	0.000000	0.000000	-0.126126	0.000000	0.000000	-1.000000	23.337575	1.934336	0.000000	0.000000
parser.c:3068	0.000000	0.000000	0.000000	0.000000	-0.063063	0.000000	0.000000	-1.000000	22.943534	1.626577	0.000000	0.000000
parser.c:3070	0.000000	0.000000	0.000000	0.000000	-0.063063	0.000000	0.000000	-1.000000	22.943534	1.626577	0.000000	0.000000
parser.c:3071	0.000000	0.000000	0.000000	0.000000	-0.063063	0.000000	0.000000	-1.000000	22.943534	1.626577	0.000000	0.000000
parser.c:3074	0.000000	0.000000	0.000000	0.000000	-0.126126	0.000000	0.000000	-1.000000	23.337575	1.934336	0.000000	0.000000
parser.c:3075	0.000000	0.000000	0.000000	0.000000	-0.126126	0.000000	0.000000	-1.000000	23.337575	1.934336	0.000000	0.000000
parser.c:3077	0.000000	0.000000	0.000000	0.000000	-0.108108	0.000000	0.000000	-1.000000	23.263091	1.861210	0.000000	0.000000
parser.c:3078	0.000000	0.000000	0.000000	0.000000	-0.108108	0.000000	0.000000	-1.000000	23.263091	1.861210	0.000000	0.000000
parser.c:3080	0.000000	0.000000	0.000000	0.000000	-0.108108	0.000000	0.000000	-1.000000	23.263091	1.861210	0.000000	0.000000
parser.c:3099	0.000000	0.000000	0.000000	0.000000	-0.126126	0.000000	0.000000	-1.000000	23.337575	1.934336	0.000000	0.000000
parser.c:3106	0.000000	0.000000	0.000000	0.000000	-0.126126	0.000000	0.000000	-1.000000	23.337575	1.934336	0.000000	0.000000
parser.c:3127	0.000000	0.000000	0.000000	0.000000	-0.126126	0.000000	0.000000	-1.000000	23.337575	1.934336	0.000000	0.000000
parser.c:3128	0.000000	0.000000	0.000000	0.000000	-0.126126	0.000000	0.000000	-1.000000	23.337575	1.934336	0.000000	0.000000
parser.c:3137	0.000000	0.000000	0.000000	0.000000	-0.126126	0.000000	0.000000	-1.000000	23.337575	1.934336	0.000000	0.000000
parser.c:3139	0.000000	0.000000	0.000000	0.000000	-0.126126	0.000000	0.000000	-1.000000	23.337575	1.934336	0.000000	0.000000
parser.c:3142	0.000000	0.000000	0.000000	0.000000	-0.126126	0.000000	0.000000	-1.000000	23.337575	1.934336	0.000000	0.000000
parser.c:3144	0.000000	0.000000	0.000000	0.000000	-0.126126	0.000000	0.000000	-1.000000	23.337575	1.934336	0.000000	0.000000
parser.c:3149	0.000000	0.000000	0.000000	0.000000	-0.063063	0.000000	0.000000	-1.000000	22.943534	1.626577	0.000000	0.000000
parser.c:3150	0.000000	0.000000	0.000000	0.000000	-0.063063	0.000000	0.000000	-1.000000	22.943534	1.626577	0.000000	0.000000
parser.c:3151	0.000000	0.000000	0.000000	0.000000	-0.063063	0.000000	0.000000	-1.000000	22.943534	1.626577	0.000000	0.000000
parser.c:3152	0.000000	0.000000	0.000000	0.000000	-0.063063	0.000000	0.000000	-1.000000	22.943534	1.626577	0.000000	0.000000
parser.c:3153	0.000000	0.000000	0.000000	0.000000	-0.063063	0.000000	0.000000	-1.000000	22.943534	1.626577	0.000000	0.000000
parser.c:3156	0.000000	0.000000	0.000000	0.000000	-0.063063	0.000000	0.000000	-1.000000	22.943534	1.626577	0.000000	0.000000
parser.c:3159	0.000000	0.000000	0.000000	0.000000	-0.063063	0.000000	0.000000	-1.000000	22.943534	1.626577	0.000000	0.000000
parser.c:3162	0.000000	0.000000	0.000000	0.000000	-0.063063	0.000000	0.000000	-1.000000	22.943534	1.626577	0.000000	0.000000
parser.c:3164	0.000000	0.000000	0.000000	0.000000	-0.063063	0.000000	0.000000	-1.000000	22.943534	1.626577	0.000000	0.000000
parser.c:3165	0.000000	0.000000	0.000000	0.000000	-0.063063	0.000000	0.000000	-1.000000	22.943534	1.626577	0.000000	0.000000
parser.c:3175	0.000000	0.000000	0.000000	0.000000	-0.063063	0.000000	0.000000	-1.000000	22.943534	1.626577	0.000000	0.000000
parser.c:3177	0.000000	0.000000	0.000000	0.000000	-0.063063	0.000000	0.000000	-1.000000	22.943534	1.626577	0.000000	0.000000
parser.c:3178	0.000000	0.000000	0.000000	0.000000	-0.063063	0.000000	0.000000	-1.000000	22.943534	1.626577	0.000000	0.000000
parser.c:3179	0.000000	0.000000	0.000000	0.000000	-0.063063	0.000000	0.000000	-1.000000	22.943534	1.626577	0.000000	0.000000
parser.c:3180	0.000000	0.000000	0.000000	0.000000	-0.063063	0.000000	0.000000	-1.000000	22.943534	1.626577	0.000000	0.000000
parser.c:3181	0.000000	0.000000	0.000000	0.000000	-0.063063	0.000000	0.000000	-1.000000	22.943534	1.626577	0.000000	0.000000
parser.c:3185	0.000000	0.000000	0.000000	0.000000	-0.063063	0.000000	0.000000	-1.000000	22.943534	1.626577	0.000000	0.000000
parser.c:3188	0.000000	0.000000	0.000000	0.000000	-0.063063	0.000000	0.000000	-1.000000	22.943534	1.626577	0.000000	0.000000
parser.c:3190	0.000000	0.000000	0.000000	0.000000	-0.063063	0.000000	0.000000	-1.000000	22.943534	1.626577	0.000000	0.000000
parser.c:3194	0.000000	0.000000	0.000000	0.000000	-0.126126	0.000000	0.000000	-1.000000	23.337575	1.934336	0.000000	0.000000
parser.c:3197	0.000000	0.000000	0.000000	0.000000	-0.126126	0.000000	0.000000	-1.000000	23.337575	1.934336	0.000000	0.000000
parser.c:3199	0.000000	0.000000	0.000000	0.000000	-0.126126	0.000000	0.000000	-1.000000	23.337575	1.934336	0.000000	0.000000
parser.c:3205	0.000000	0.000000	0.000000	0.000000	-0.126126	0.000000	0.000000	-1.000000	23.337575	1.934336	0.000000	0.000000
parser.c:3211	0.000000	0.000000	0.000000	0.000000	-0.126126	0.000000	0.000000	-1.000000	23.337575	1.934336	0.000000	0.000000
parser.c:3230	0.000000	0.000000	0.000000	0.000000	-0.018018	0.000000	0.000000	-1.000000	22.198823	1.189207	0.000000	0.000000
parser.c:3239	0.000000	0.000000	0.000000	0.000000	-0.018018	0.000000	0.000000	-1.000000	22.198823	1.189207	0.000000	0.000000
parser.c:3242	0.000000	0.000000	0.000000	0.000000	-0.018018	0.000000	0.000000	-1.000000	22.198823	1.189207	0.000000	0.000000
parser.c:3246	0.000000	0.000000	0.000000	0.000000	-0.018018	0.000000	0.000000	-1.000000	22.198823	1.189207	0.000000	0.000000
parser.c:3250	0.000000	0.000000	0.000000	0.000000	-0.018018	0.000000	0.000000	-1.000000	22.198823	1.189207	0.000000	0.000000
parser.c:3256	0.000000	0.000000	0.000000	0.000000	-0.009009	0.000000	0.000000	-1.000000	21.880613	1.000000	0.000000	0.000000
parser.c:3257	0.000000	0.000000	0.000000	0.000000	-0.009009	0.000000	0.000000	-1.000000	21.880613	1.000000	0.000000	0.000000
parser.c:3259	0.000000	0.000000	0.000000	0.000000	-0.009009	0.000000	0.000000	-1.000000	21.880613	1.000000	0.000000	0.000000
parser.c:3260	0.000000	0.000000	0.000000	0.000000	-0.009009	0.000000	0.000000	-1.000000	21.880613	1.000000	0.000000	0.000000
parser.c:3261	0.000000	0.000000	0.000000	0.000000	-0.009009	0.000000	0.000000	-1.000000	21.880613	1.000000	0.000000	0.000000
parser.c:3263	0.000000	0.000000	0.000000	0.000000	-0.009009	0.000000	0.000000	-1.000000	21.880613	1.000000	0.000000	0.000000
parser.c:3271	0.000000	0.000000	0.000000	0.000000	-0.009009	0.000000	0.000000	-1.000000	21.880613	1.000000	0.000000	0.000000
parser.c:3276	0.000000	0.000000	0.000000	0.000000	-0.009009	0.000000	0.000000	-1.000000	21.880613	1.000000	0.000000	0.000000
parser.c:3281	0.000000	0.000000	0.000000	0.000000	-0.009009	0.000000	0.000000	-1.000000	21.880613	1.000000	0.000000	0.000000
parser.c:3303	0.000000	0.000000	0.000000	0.000000	-0.009009	0.000000	0.000000	-1.000000	21.880613	1.000000	0.000000	0.000000
parser.c:3309	0.000000	0.000000	0.000000	0.000000	-0.009009	0.000000	0.000000	-1.000000	21.880613	1.000000	0.000000	0.000000
parser.c:3313	0.000000	0.000000	0.000000	0.000000	-0.009009	0.000000	0.000000	-1.000000	21.880613	1.000000	0.000000	0.000000
parser.c:3315	0.000000	0.000000	0.000000	0.000000	-0.009009	0.000000	0.000000	-1.000000	21.880613	1.000000	0.000000	0.000000
parser.c:3318	0.000000	0.000000	0.000000	0.000000	-0.009009	0.000000	0.000000	-1.000000	21.880613	1.000000	0.000000	0.000000
parser.c:3320	0.000000	0.000000	0.000000	0.000000	-0.009009	0.000000	0.000000	-1.000000	21.880613	1.000000	0.000000	0.000000
parser.c:3325	0.000000	0.000000	0.000000	0.000000	-0.009009	0.000000	0.000000	-1.000000	21.880613	1.000000	0.000000	0.000000
parser.c:3341	0.000000	0.000000	0.000000	0.000000	-0.009009	0.000000	0.000000	-1.000000	21.880613	1.000000	0.000000	0.000000
parser.c:3343	0.000000	0.000000	0.000000	0.000000	-0.009009	0.000000	0.000000	-1.000000	21.880613	1.000000	0.000000	0.000000
parser.c:3346	0.000000	0.000000	0.000000	0.000000	-0.009009	0.000000	0.000000	-1.000000	21.880613	1.000000	0.000000	0.000000
parser.c:3347	0.000000	0.000000	0.000000	0.000000	-0.009009	0.000000	0.000000	-1.000000	21.880613	1.000000	0.000000	0.000000
parser.c:3348	0.000000	0.000000	0.000000	0.000000	-0.009009	0.000000	0.000000	-1.000000	21.880613	1.000000	0.000000	0.000000
parser.c:3350	0.000000	0.000000	0.000000	0.000000	-0.009009	0.000000	0.000000	-1.000000	21.880613	1.000000	0.000000	0.000000
parser.c:3372	0.000000	0.000000	0.000000	0.000000	-0.009009	0.000000	0.000000	-1.000000	21.880613	1.000000	0.000000	0.000000
parser.c:3382	0.000000	0.000000	0.000000	0.000000	-0.072072	0.000000	0.000000	-1.000000	23.027437	1.681793	0.000000	0.000000
parser.c:3384	0.000000	0.000000	0.000000	0.000000	-0.072072	0.000000	0.000000	-1.000000	23.027437	1.681793	0.000000	0.000000
parser.c:3387	0.000000	0.000000	0.000000	0.000000	-0.027027	0.000000	0.000000	-1.000000	22.420212	1.316074	0.000000	0.000000
parser.c:3388	0.000000	0.000000	0.000000	0.000000	-0.027027	0.000000	0.000000	-1.000000	22.420212	1.316074	0.000000	0.000000
parser.c:3389	0.000000	0.000000	0.000000	0.000000	-0.027027	0.000000	0.000000	-1.000000	22.420212	1.316074	0.000000	0.000000
parser.c:3391	0.000000	0.000000	0.000000	0.000000	-0.018018	0.000000	0.000000	-1.000000	22.198823	1.189207	0.000000	0.000000
parser.c:3392	0.000000	0.000000	0.000000	0.000000	-0.018018	0.000000	0.000000	-1.000000	22.198823	1.189207	0.000000	0.000000
parser.c:3393	0.000000	0.000000	0.000000	0.000000	-0.018018	0.000000	0.000000	-1.000000	22.198823	1.189207	0.000000	0.000000
parser.c:3395	0.000000	0.000000	0.000000	0.000000	-0.072072	0.000000	0.000000	-1.000000	23.027437	1.681793	0.000000	0.000000
parser.c:3396	0.000000	0.000000	0.000000	0.000000	-0.072072	0.000000	0.000000	-1.000000	23.027437	1.681793	0.000000	0.000000
parser.c:3398	0.000000	0.000000	0.000000	0.000000	-0.072072	0.000000	0.000000	-1.000000	23.027437	1.681793	0.000000	0.000000
parser.c:3416	0.000000	0.000000	0.000000	0.000000	-0.054054	0.000000	0.000000	-1.000000	22.845568	1.565085	0.000000	0.000000
parser.c:3422	0.000000	0.000000	0.000000	0.000000	-0.054054	0.000000	0.000000	-1.000000	22.845568	1.565085	0.000000	0.000000
parser.c:3426	0.000000	0.000000	0.000000	0.000000	-0.054054	0.000000	0.000000	-1.000000	22.845568	1.565085	0.000000	0.000000
parser.c:3428	0.000000	0.000000	0.000000	0.000000	-0.054054	0.000000	0.000000	-1.000000	22.845568	1.565085	0.000000	0.000000
parser.c:3432	0.000000	0.000000	0.000000	0.000000	-0.054054	0.000000	0.000000	-1.000000	22.845568	1.565085	0.000000	0.000000
parser.c:3448	0.000000	0.000000	0.000000	0.000000	-0.018018	0.000000	0.000000	-1.000000	22.198823	1.189207	0.000000	0.000000
parser.c:3452	0.000000	0.000000	0.000000	0.000000	-0.018018	0.000000	0.000000	-1.000000	22.198823	1.189207	0.000000	0.000000
parser.c:3457	0.000000	0.000000	0.000000	0.000000	-0.018018	0.000000	0.000000	-1.000000	22.198823	1.189207	0.000000	0.000000
parser.c:3459	0.000000	0.000000	0.000000	0.000000	-0.018018	0.000000	0.000000	-1.000000	22.198823	1.189207	0.000000	0.000000
parser.c:3460	0.000000	0.000000	0.000000	0.000000	-0.018018	0.000000	0.000000	-1.000000	22.198823	1.189207	0.000000	0.000000
parser.c:3461	0.000000	0.000000	0.000000	0.000000	-0.018018	0.000000	0.000000	-1.000000	22.198823	1.189207	0.000000	0.000000
parser.c:3463	0.000000	0.000000	0.000000	0.000000	-0.018018	0.000000	0.000000	-1.000000	22.198823	1.189207	0.000000	0.000000
parser.c:3473	0.000000	0.000000	0.000000	0.000000	-0.018018	0.000000	0.000000	-1.000000	22.198823	1.189207	0.000000	0.000000
parser.c:3480	0.000000	0.000000	0.000000	0.000000	-0.756757	0.000000	0.000000	-1.000000	19.363190	3.027400	0.000000	0.000000
parser.c:3482	0.000000	0.000000	0.000000	0.000000	-0.756757	0.000000	0.000000	-1.000000	19.363190	3.027400	0.000000	0.000000
parser.c:3483	0.000000	0.000000	0.000000	0.000000	-0.756757	0.000000	0.000000	-1.000000	19.363190	3.027400	0.000000	0.000000
parser.c:3485	0.000000	0.000000	0.000000	0.000000	-0.756757	0.000000	0.000000	-1.000000	19.363190	3.027400	0.000000	0.000000
parser.c:3490	0.000000	0.000000	0.000000	0.000000	-0.756757	0.000000	0.000000	-1.000000	19.363190	3.027400	0.000000	0.000000
parser.c:3492	0.000000	0.000000	0.000000	0.000000	-0.756757	0.000000	0.000000	-1.000000	19.363190	3.027400	0.000000	0.000000
parser.c:3493	0.000000	0.000000	0.000000	0.000000	-0.756757	0.000000	0.000000	-1.000000	19.363190	3.027400	0.000000	0.000000
parser.c:3506	0.000000	0.000000	0.000000	0.000000	-0.756757	0.000000	0.000000	-1.000000	19.363190	3.027400	0.000000	0.000000
parser.c:3507	0.000000	0.000000	0.000000	0.000000	-0.756757	0.000000	0.000000	-1.000000	19.363190	3.027400	0.000000	0.000000
parser.c:3510	0.000000	0.000000	0.000000	0.000000	-0.738739	0.000000	0.000000	-1.000000	19.638390	3.009217	0.000000	0.000000
parser.c:3512	0.000000	0.000000	0.000000	0.000000	-0.738739	0.000000	0.000000	-1.000000	19.638390	3.009217	0.000000	0.000000
parser.c:3513	0.000000	0.000000	0.000000	0.000000	-0.738739	0.000000	0.000000	-1.000000	19.638390	3.009217	0.000000	0.000000
parser.c:352	0.000000	0.000000	0.000000	0.000000	-0.837838	0.000000	0.000000	-1.000000	17.889862	3.105423	0.000000	0.000000
parser.c:355	0.000000	0.000000	0.000000	0.000000	-0.837838	0.000000	0.000000	-1.000000	17.889862	3.105423	0.000000	0.000000
parser.c:357	0.000000	0.000000	0.000000	0.000000	-0.837838	0.000000	0.000000	-1.000000	17.889862	3.105423	0.000000	0.000000
parser.c:359	0.000000	0.000000	0.000000	0.000000	-0.837838	0.000000	0.000000	-1.000000	17.889862	3.105423	0.000000	0.000000
parser.c:360	0.000000	0.000000	0.000000	0.000000	-0.027027	0.000000	0.000000	-1.000000	22.420212	1.316074	0.000000	0.000000
parser.c:361	0.000000	0.000000	0.000000	0.000000	-0.837838	0.000000	0.000000	-1.000000	17.889862	3.105423	0.000000	0.000000
parser.c:362	0.000000	0.000000	0.000000	0.000000	-0.054054	0.000000	0.000000	-1.000000	22.845568	1.565085	0.000000	0.000000
parser.c:363	0.000000	0.000000	0.000000	0.000000	-0.837838	0.000000	0.000000	-1.000000	17.889862	3.105423	0.000000	0.000000
parser.c:366	0.000000	0.000000	0.000000	0.000000	-0.837838	0.000000	0.000000	-1.000000	17.889862	3.105423	0.000000	0.000000
parser.c:391	0.000000	0.000000	0.000000	0.000000	-0.837838	0.000000	0.000000	-1.000000	17.889862	3.105423	0.000000	0.000000
parser.c:395	0.000000	0.000000	0.000000	0.000000	-0.207207	0.000000	0.000000	-1.000000	23.450590	2.189939	0.000000	0.000000
parser.c:398	0.000000	0.000000	0.000000	0.000000	-0.207207	0.000000	0.000000	-1.000000	23.450590	2.189939	0.000000	0.000000
parser.c:400	0.000000	0.000000	0.000000	0.000000	-0.207207	0.000000	0.000000	-1.000000	23.450590	2.189939	0.000000	0.000000
parser.c:402	0.000000	0.000000	0.000000	0.000000	-0.207207	0.000000	0.000000	-1.000000	23.450590	2.189939	0.000000	0.000000
parser.c:404	0.000000	0.000000	0.000000	0.000000	-0.207207	0.000000	0.000000	-1.000000	23.450590	2.189939	0.000000	0.000000
parser.c:405	0.000000	0.000000	0.000000	0.000000	-0.207207	0.000000	0.000000	-1.000000	23.450590	2.189939	0.000000	0.000000
parser.c:409	0.000000	0.000000	0.000000	0.000000	-0.207207	0.000000	0.000000	-1.000000	23.450590	2.189939	0.000000	0.000000
parser.c:438	0.500000	0.094916	0.009009	1.000000	0.009009	0.009009	1.000000	0.000000	12.488088	3.080274	1.004525	10.440307
parser.c:440	0.500000	0.094916	0.009009	1.000000	0.009009	0.009009	1.000000	0.000000	12.488088	3.080274	1.004525	10.440307
parser.c:449	0.500000	0.094916	0.009009	1.000000	0.009009	0.009009	1.000000	0.000000	12.488088	3.080274	1.004525	10.440307
parser.c:452	0.000000	0.000000	0.000000	0.000000	-0.054054	0.000000	0.000000	-1.000000	22.845568	1.565085	0.000000	0.000000
parser.c:453	0.000000	0.000000	0.000000	0.000000	-0.054054	0.000000	0.000000	-1.000000	22.845568	1.565085	0.000000	0.000000
parser.c:454	0.000000	0.000000	0.000000	0.000000	-0.054054	0.000000	0.000000	-1.000000	22.845568	1.565085	0.000000	0.000000
parser.c:457	0.500000	0.094916	0.009009	1.000000	0.009009	0.009009	1.000000	0.000000	12.488088	3.080274	1.004525	10.440307
parser.c:461	0.500000	0.094916	0.009009	1.000000	0.009009	0.009009	1.000000	0.000000	12.488088	3.080274	1.004525	10.440307
parser.c:464	0.000000	0.000000	0.000000	0.000000	-0.036036	0.000000	0.000000	-1.000000	22.591260	1.414214	0.000000	0.000000
parser.c:465	0.000000	0.000000	0.000000	0.000000	-0.036036	0.000000	0.000000	-1.000000	22.591260	1.414214	0.000000	0.000000
parser.c:468	0.500000	0.094916	0.009009	1.000000	0.009009	0.009009	1.000000	0.000000	12.488088	3.080274	1.004525	10.440307
parser.c:469	0.500000	0.094916	0.009009	1.000000	0.009009	0.009009	1.000000	0.000000	12.488088	3.080274	1.004525	10.440307
parser.c:473	0.500000	0.094916	0.009009	1.000000	0.009009	0.009009	1.000000	0.000000	12.488088	3.080274	1.004525	10.440307
parser.c:481	0.500000	0.094916	0.009009	1.000000	0.009009	0.009009	1.000000	0.000000	12.488088	3.080274	1.004525	10.440307
parser.c:482	0.500000	0.094916	0.009009	1.000000	0.009009	0.009009	1.000000	0.000000	12.488088	3.080274	1.004525	10.440307
parser.c:485	0.000000	0.000000	0.000000	0.000000	-0.837838	0.000000	0.000000	-1.000000	17.889862	3.105423	0.000000	0.000000
parser.c:494	0.000000	0.000000	0.000000	0.000000	-0.837838	0.000000	0.000000	-1.000000	17.889862	3.105423	0.000000	0.000000
parser.c:501	0.500000	0.094916	0.009009	1.000000	0.009009	0.009009	1.000000	0.000000	12.488088	3.080274	1.004525	10.440307
parser.c:516	0.500000	0.094916	0.009009	1.000000	0.009009	0.009009	1.000000	0.000000	12.488088	3.080274	1.004525	10.440307
parser.c:522	0.500000	0.094916	0.009009	1.000000	0.009009	0.009009	1.000000	0.000000	12.488088	3.080274	1.004525	10.440307
parser.c:524	0.000000	0.000000	0.000000	0.000000	-0.207207	0.000000	0.000000	-1.000000	23.450590	2.189939	0.000000	0.000000
parser.c:525	0.000000	0.000000	0.000000	0.000000	-0.009009	0.000000	0.000000	-1.000000	21.880613	1.000000	0.000000	0.000000
parser.c:546	0.500000	0.094916	0.009009	1.000000	0.009009	0.009009	1.000000	0.000000	12.488088	3.080274	1.004525	10.440307
parser.c:548	0.500000	0.094916	0.009009	1.000000	0.009009	0.009009	1.000000	0.000000	12.488088	3.080274	1.004525	10.440307
parser.c:553	0.500000	0.094916	0.009009	1.000000	0.009009	0.009009	1.000000	0.000000	12.488088	3.080274	1.004525	10.440307
parser.c:562	0.500000	0.094916	0.009009	1.000000	0.009009	0.009009	1.000000	0.000000	12.488088	3.080274	1.004525	10.440307
parser.c:565	0.500000	0.094916	0.009009	1.000000	0.009009	0.009009	1.000000	0.000000	12.488088	3.080274	1.004525	10.440307
parser.c:568	0.500000	0.094916	0.009009	1.000000	0.009009	0.009009	1.000000	0.000000	12.488088	3.080274	1.004525	10.440307
parser.c:569	1.000000	1.000000	1.000000	1.000000	1.000000	0.009009	1.000000	110.000000	22.976177	1.000000	2.000000	10.535654
parser.c:571	1.000000	1.000000	1.000000	1.000000	1.000000	0.009009	1.000000	110.000000	22.976177	1.000000	2.000000	10.535654
parser.c:574	0.500000	0.094916	0.009009	1.000000	0.009009	0.009009	1.000000	0.000000	12.488088	3.080274	1.004525	10.440307
parser.c:575	0.000000	0.000000	0.000000	0.000000	-0.990991	0.000000	0.000000	-1.000000	10.488088	3.238532	0.000000	0.000000
parser.c:577	0.500000	0.094916	0.009009	1.000000	0.009009	0.009009	1.000000	0.000000	12.488088	3.080274	1.004525	10.440307
parser.c:579	0.500000	0.094916	0.009009	1.000000	0.009009	0.009009	1.000000	0.000000	12.488088	3.080274	1.004525	10.440307
parser.c:581	0.500000	0.094916	0.009009	1.000000	0.009009	0.009009	1.000000	0.000000	12.488088	3.080274	1.004525	10.440307
parser.c:588	0.000000	0.000000	0.000000	0.000000	-0.009009	0.000000	0.000000	-1.000000	21.880613	1.000000	0.000000	0.000000
parser.c:590	0.000000	0.000000	0.000000	0.000000	-0.009009	0.000000	0.000000	-1.000000	21.880613	1.000000	0.000000	0.000000
parser.c:593	0.000000	0.000000	0.000000	0.000000	-0.009009	0.000000	0.000000	-1.000000	21.880613	1.000000	0.000000	0.000000
parser.c:613	0.000000	0.000000	0.000000	0.000000	-0.009009	0.000000	0.000000	-1.000000	21.880613	1.000000	0.000000	0.000000
parser.c:619	0.000000	0.000000	0.000000	0.000000	-0.009009	0.000000	0.000000	-1.000000	21.880613	1.000000	0.000000	0.000000
parser.c:620	0.000000	0.000000	0.000000	0.000000	-0.009009	0.000000	0.000000	-1.000000	21.880613	1.000000	0.000000	0.000000
parser.c:627	0.000000	0.000000	0.000000	0.000000	-0.801802	0.000000	0.000000	-1.000000	18.599133	3.071479	0.000000	0.000000
parser.c:629	0.000000	0.000000	0.000000	0.000000	-0.801802	0.000000	0.000000	-1.000000	18.599133	3.071479	0.000000	0.000000
parser.c:631	0.000000	0.000000	0.000000	0.000000	-0.054054	0.000000	0.000000	-1.000000	22.845568	1.565085	0.000000	0.000000
parser.c:632	0.000000	0.000000	0.000000	0.000000	-0.054054	0.000000	0.000000	-1.000000	22.845568	1.565085	0.000000	0.000000
parser.c:636	0.000000	0.000000	0.000000	0.000000	-0.756757	0.000000	0.000000	-1.000000	19.363190	3.027400	0.000000	0.000000
parser.c:637	0.000000	0.000000	0.000000	0.000000	-0.756757	0.000000	0.000000	-1.000000	19.363190	3.027400	0.000000	0.000000
parser.c:638	0.000000	0.000000	0.000000	0.000000	-0.756757	0.000000	0.000000	-1.000000	19.363190	3.027400	0.000000	0.000000
parser.c:643	0.000000	0.000000	0.000000	0.000000	-0.054054	0.000000	0.000000	-1.000000	22.845568	1.565085	0.000000	0.000000
parser.c:646	0.000000	0.000000	0.000000	0.000000	-0.054054	0.000000	0.000000	-1.000000	22.845568	1.565085	0.000000	0.000000
parser.c:648	0.000000	0.000000	0.000000	0.000000	-0.045045	0.000000	0.000000	-1.000000	22.729970	1.495349	0.000000	0.000000
parser.c:650	0.000000	0.000000	0.000000	0.000000	-0.045045	0.000000	0.000000	-1.000000	22.729970	1.495349	0.000000	0.000000
parser.c:659	0.000000	0.000000	0.000000	0.000000	-0.009009	0.000000	0.000000	-1.000000	21.880613	1.000000	0.000000	0.000000
parser.c:675	0.000000	0.000000	0.000000	0.000000	-0.018018	0.000000	0.000000	-1.000000	22.198823	1.189207	0.000000	0.000000
parser.c:682	0.000000	0.000000	0.000000	0.000000	-0.018018	0.000000	0.000000	-1.000000	22.198823	1.189207	0.000000	0.000000
parser.c:683	0.000000	0.000000	0.000000	0.000000	-0.018018	0.000000	0.000000	-1.000000	22.198823	1.189207	0.000000	0.000000
parser.c:684	0.000000	0.000000	0.000000	0.000000	-0.018018	0.000000	0.000000	-1.000000	22.198823	1.189207	0.000000	0.000000
parser.c:685	0.000000	0.000000	0.000000	0.000000	-0.018018	0.000000	0.000000	-1.000000	22.198823	1.189207	0.000000	0.000000
parser.c:686	0.000000	0.000000	0.000000	0.000000	-0.018018	0.000000	0.000000	-1.000000	22.198823	1.189207	0.000000	0.000000
parser.c:687	0.000000	0.000000	0.000000	0.000000	-0.018018	0.000000	0.000000	-1.000000	22.198823	1.189207	0.000000	0.000000
parser.c:709	0.000000	0.000000	0.000000	0.000000	-0.189189	0.000000	0.000000	-1.000000	23.450538	2.140695	0.000000	0.000000
parser.c:716	0.000000	0.000000	0.000000	0.000000	-0.189189	0.000000	0.000000	-1.000000	23.450538	2.140695	0.000000	0.000000
parser.c:717	0.000000	0.000000	0.000000	0.000000	-0.189189	0.000000	0.000000	-1.000000	23.450538	2.140695	0.000000	0.000000
parser.c:718	0.000000	0.000000	0.000000	0.000000	-0.189189	0.000000	0.000000	-1.000000	23.450538	2.140695	0.000000	0.000000
parser.c:719	0.000000	0.000000	0.000000	0.000000	-0.189189	0.000000	0.000000	-1.000000	23.450538	2.140695	0.000000	0.000000
parser.c:720	0.000000	0.000000	0.000000	0.000000	-0.189189	0.000000	0.000000	-1.000000	23.450538	2.140695	0.000000	0.000000
parser.c:721	0.000000	0.000000	0.000000	0.000000	-0.189189	0.000000	0.000000	-1.000000	23.450538	2.140695	0.000000	0.000000
parser.c:743	0.000000	0.000000	0.000000	0.000000	-0.027027	0.000000	0.000000	-1.000000	22.420212	1.316074	0.000000	0.000000
parser.c:750	0.000000	0.000000	0.000000	0.000000	-0.027027	0.000000	0.000000	-1.000000	22.420212	1.316074	0.000000	0.000000
parser.c:751	0.000000	0.000000	0.000000	0.000000	-0.027027	0.000000	0.000000	-1.000000	22.420212	1.316074	0.000000	0.000000
parser.c:752	0.000000	0.000000	0.000000	0.000000	-0.027027	0.000000	0.000000	-1.000000	22.420212	1.316074	0.000000	0.000000
parser.c:753	0.000000	0.000000	0.000000	0.000000	-0.027027	0.000000	0.000000	-1.000000	22.420212	1.316074	0.000000	0.000000
parser.c:754	0.000000	0.000000	0.000000	0.000000	-0.027027	0.000000	0.000000	-1.000000	22.420212	1.316074	0.000000	0.000000
parser.c:755	0.000000	0.000000	0.000000	0.000000	-0.027027	0.000000	0.000000	-1.000000	22.420212	1.316074	0.000000	0.000000
parser.c:756	0.000000	0.000000	0.000000	0.000000	-0.027027	0.000000	0.000000	-1.000000	22.420212	1.316074	0.000000	0.000000
parser.c:783	0.000000	0.000000	0.000000	0.000000	-0.027027	0.000000	0.000000	-1.000000	22.420212	1.316074	0.000000	0.000000
parser.c:789	0.000000	0.000000	0.000000	0.000000	-0.027027	0.000000	0.000000	-1.000000	22.420212	1.316074	0.000000	0.000000
parser.c:790	0.000000	0.000000	0.000000	0.000000	-0.027027	0.000000	0.000000	-1.000000	22.420212	1.316074	0.000000	0.000000
parser.c:792	0.000000	0.000000	0.000000	0.000000	-0.027027	0.000000	0.000000	-1.000000	22.420212	1.316074	0.000000	0.000000
parser.c:797	0.000000	0.000000	0.000000	0.000000	-0.027027	0.000000	0.000000	-1.000000	22.420212	1.316074	0.000000	0.000000
parser.c:799	0.000000	0.000000	0.000000	0.000000	-0.027027	0.000000	0.000000	-1.000000	22.420212	1.316074	0.000000	0.000000
parser.c:800	0.000000	0.000000	0.000000	0.000000	-0.027027	0.000000	0.000000	-1.000000	22.420212	1.316074	0.000000	0.000000
parser.c:804	0.000000	0.000000	0.000000	0.000000	-0.090090	0.000000	0.000000	-1.000000	23.162278	1.778279	0.000000	0.000000
parser.c:809	0.000000	0.000000	0.000000	0.000000	-0.090090	0.000000	0.000000	-1.000000	23.162278	1.778279	0.000000	0.000000
parser.c:810	0.000000	0.000000	0.000000	0.000000	-0.090090	0.000000	0.000000	-1.000000	23.162278	1.778279	0.000000	0.000000
parser.c:811	0.000000	0.000000	0.000000	0.000000	-0.090090	0.000000	0.000000	-1.000000	23.162278	1.778279	0.000000	0.000000
parser.c:815	0.000000	0.000000	0.000000	0.000000	-0.009009	0.000000	0.000000	-1.000000	21.880613	1.000000	0.000000	0.000000
parser.c:817	0.000000	0.000000	0.000000	0.000000	-0.009009	0.000000	0.000000	-1.000000	21.880613	1.000000	0.000000	0.000000
parser.c:824	0.000000	0.000000	0.000000	0.000000	-0.009009	0.000000	0.000000	-1.000000	21.880613	1.000000	0.000000	0.000000
parser.c:828	0.000000	0.000000	0.000000	0.000000	-0.027027	0.000000	0.000000	-1.000000	22.420212	1.316074	0.000000	0.000000
parser.c:834	0.000000	0.000000	0.000000	0.000000	-0.027027	0.000000	0.000000	-1.000000	22.420212	1.316074	0.000000	0.000000
parser.c:835	0.000000	0.000000	0.000000	0.000000	-0.027027	0.000000	0.000000	-1.000000	22.420212	1.316074	0.000000	0.000000
parser.c:836	0.000000	0.000000	0.000000	0.000000	-0.027027	0.000000	0.000000	-1.000000	22.420212	1.316074	0.000000	0.000000
parser.c:840	0.000000	0.000000	0.000000	0.000000	-0.063063	0.000000	0.000000	-1.000000	22.943534	1.626577	0.000000	0.000000
parser.c:842	0.000000	0.000000	0.000000	0.000000	-0.063063	0.000000	0.000000	-1.000000	22.943534	1.626577	0.000000	0.000000
parser.c:846	0.000000	0.000000	0.000000	0.000000	-0.063063	0.000000	0.000000	-1.000000	22.943534	1.626577	0.000000	0.000000
parser.c:848	0.000000	0.000000	0.000000	0.000000	-0.063063	0.000000	0.000000	-1.000000	22.943534	1.626577	0.000000	0.000000
parser.c:852	0.000000	0.000000	0.000000	0.000000	-0.054054	0.000000	0.000000	-1.000000	22.845568	1.565085	0.000000	0.000000
parser.c:859	0.000000	0.000000	0.000000	0.000000	-0.054054	0.000000	0.000000	-1.000000	22.845568	1.565085	0.000000	0.000000
parser.c:860	0.000000	0.000000	0.000000	0.000000	-0.054054	0.000000	0.000000	-1.000000	22.845568	1.565085	0.000000	0.000000
parser.c:861	0.000000	0.000000	0.000000	0.000000	-0.054054	0.000000	0.000000	-1.000000	22.845568	1.565085	0.000000	0.000000
parser.c:862	0.000000	0.000000	0.000000	0.000000	-0.054054	0.000000	0.000000	-1.000000	22.845568	1.565085	0.000000	0.000000
parser.c:863	0.000000	0.000000	0.000000	0.000000	-0.054054	0.000000	0.000000	-1.000000	22.845568	1.565085	0.000000	0.000000
parser.c:889	0.000000	0.000000	0.000000	0.000000	-0.009009	0.000000	0.000000	-1.000000	21.880613	1.000000	0.000000	0.000000
parser.c:891	0.000000	0.000000	0.000000	0.000000	-0.009009	0.000000	0.000000	-1.000000	21.880613	1.000000	0.000000	0.000000
parser.c:892	0.000000	0.000000	0.000000	0.000000	-0.009009	0.000000	0.000000	-1.000000	21.880613	1.000000	0.000000	0.000000
parser.c:896	0.000000	0.000000	0.000000	0.000000	-0.009009	0.000000	0.000000	-1.000000	21.880613	1.000000	0.000000	0.000000
parser.c:900	0.000000	0.000000	0.000000	0.000000	-0.009009	0.000000	0.000000	-1.000000	21.880613	1.000000	0.000000	0.000000
parser.c:902	0.000000	0.000000	0.000000	0.000000	-0.009009	0.000000	0.000000	-1.000000	21.880613	1.000000	0.000000	0.000000
parser.c:903	0.000000	0.000000	0.000000	0.000000	-0.009009	0.000000	0.000000	-1.000000	21.880613	1.000000	0.000000	0.000000
parser.c:904	0.000000	0.000000	0.000000	0.000000	-0.009009	0.000000	0.000000	-1.000000	21.880613	1.000000	0.000000	0.000000
parser.c:905	0.000000	0.000000	0.000000	0.000000	-0.009009	0.000000	0.000000	-1.000000	21.880613	1.000000	0.000000	0.000000
parser.c:906	0.000000	0.000000	0.000000	0.000000	-0.009009	0.000000	0.000000	-1.000000	21.880613	1.000000	0.000000	0.000000
parser.c:907	0.000000	0.000000	0.000000	0.000000	-0.009009	0.000000	0.000000	-1.000000	21.880613	1.000000	0.000000	0.000000
parser.c:916	0.000000	0.000000	0.000000	0.000000	-0.018018	0.000000	0.000000	-1.000000	22.198823	1.189207	0.000000	0.000000
parser.c:918	0.000000	0.000000	0.000000	0.000000	-0.018018	0.000000	0.000000	-1.000000	22.198823	1.189207	0.000000	0.000000
parser.c:919	0.000000	0.000000	0.000000	0.000000	-0.018018	0.000000	0.000000	-1.000000	22.198823	1.189207	0.000000	0.000000
parser.c:920	0.000000	0.000000	0.000000	0.000000	-0.009009	0.000000	0.000000	-1.000000	21.880613	1.000000	0.000000	0.000000
parser.c:922	0.000000	0.000000	0.000000	0.000000	-0.009009	0.000000	0.000000	-1.000000	21.880613	1.000000	0.000000	0.000000
parser.c:923	0.000000	0.000000	0.000000	0.000000	-0.018018	0.000000	0.000000	-1.000000	22.198823	1.189207	0.000000	0.000000
parser.c:924	0.000000	0.000000	0.000000	0.000000	-0.018018	0.000000	0.000000	-1.000000	22.198823	1.189207	0.000000	0.000000
parser.c:925	0.000000	0.000000	0.000000	0.000000	-0.018018	0.000000	0.000000	-1.000000	22.198823	1.189207	0.000000	0.000000
parser.c:926	0.000000	0.000000	0.000000	0.000000	-0.018018	0.000000	0.000000	-1.000000	22.198823	1.189207	0.000000	0.000000
parser.c:931	0.000000	0.000000	0.000000	0.000000	-0.009009	0.000000	0.000000	-1.000000	21.880613	1.000000	0.000000	0.000000
parser.c:934	0.000000	0.000000	0.000000	0.000000	-0.009009	0.000000	0.000000	-1.000000	21.880613	1.000000	0.000000	0.000000
parser.c:935	0.000000	0.000000	0.000000	0.000000	-0.009009	0.000000	0.000000	-1.000000	21.880613	1.000000	0.000000	0.000000
parser.c:997	0.000000	0.000000	0.000000	0.000000	-0.117117	0.000000	0.000000	-1.000000	23.303267	1.898829	0.000000	0.000000
