50
51
52
53
54
63
72
73
75
76
77
83
92
93
95
96
101
106
120
121
122
124
126
128
129
130
135
136
141
143
150
159
160
161
162
163
164
165
166
167
168
169
170
171
173
174
50
51
52
53
54
63
72
73
75
76
77
83
92
93
95
96
101
106
120
121
122
124
126
128
129
130
135
136
141
143
150
159
160
161
162
163
164
165
166
167
168
169
170
171
173
174
50
51
52
53
54
63
72
73
75
76
77
83
92
93
95
96
101
106
120
121
122
124
126
128
129
130
135
136
141
143
150
159
160
161
162
163
164
165
166
167
168
169
170
171
173
174
50
51
52
53
54
63
72
73
75
76
77
83
92
93
95
96
101
106
120
121
122
124
126
128
129
130
135
136
141
143
150
159
160
161
162
163
164
165
166
167
168
169
170
171
173
174
50
51
52
53
54
63
72
73
75
76
77
83
92
93
95
96
101
106
120
121
122
124
126
128
129
130
135
136
141
143
150
159
160
161
162
163
164
165
166
167
168
169
170
171
173
174
50
51
52
53
54
63
72
73
75
76
77
83
92
93
95
96
101
106
120
121
122
124
126
128
129
130
135
136
141
143
150
159
160
161
162
163
164
165
166
167
168
169
170
171
173
174
50
51
52
53
54
63
72
73
75
76
77
83
92
93
95
96
101
106
120
121
122
124
126
128
129
130
135
136
141
143
150
159
160
161
162
163
164
165
166
167
168
169
170
171
173
174
50
51
52
53
54
63
72
73
75
76
77
83
92
93
95
96
101
106
120
121
122
124
126
128
129
130
135
136
141
143
150
159
160
161
162
163
164
165
166
167
168
169
170
171
173
174
50
51
52
53
54
63
72
73
75
76
77
83
92
93
95
96
101
106
120
121
122
124
126
128
129
130
135
136
141
143
150
159
160
161
162
163
164
165
166
167
168
169
170
171
173
174
50
51
52
53
54
63
72
73
75
76
77
83
92
93
95
96
101
106
120
121
122
124
126
128
129
130
135
136
141
143
150
159
160
161
162
163
164
165
166
167
168
169
170
171
173
174
50
51
52
53
54
63
72
73
75
76
77
83
92
93
95
96
101
106
120
121
122
124
126
128
129
130
135
136
141
143
150
159
160
161
162
163
164
165
166
167
168
169
170
171
173
174
50
51
52
53
54
63
72
73
75
76
77
83
92
93
95
96
101
106
120
121
122
124
126
128
129
130
135
136
141
143
150
159
160
161
162
163
164
165
166
167
168
169
170
171
173
174
50
51
52
53
54
63
72
73
75
76
77
83
92
93
95
96
101
106
120
121
122
124
126
128
129
130
135
136
141
143
150
159
160
161
162
163
164
165
166
167
168
169
170
171
173
174
50
51
52
53
54
63
72
73
75
76
77
83
92
93
95
96
101
106
120
121
122
124
126
128
129
130
135
136
141
143
150
159
160
161
162
163
164
165
166
167
168
169
170
171
173
174
