50	0.504750	0.094191	0.008872	14.000000	13.019436	0.008706	1.000000	30.000000	78.501891	12.508100	14.004456	545.820483
51	0.504750	0.094191	0.008872	14.000000	13.019436	0.008706	1.000000	30.000000	78.501891	12.508100	14.004456	545.820483
52	0.504750	0.094191	0.008872	14.000000	13.019436	0.008706	1.000000	30.000000	78.501891	12.508100	14.004456	545.820483
53	0.504750	0.094191	0.008872	14.000000	13.019436	0.008706	1.000000	30.000000	78.501891	12.508100	14.004456	545.820483
54	0.504750	0.094191	0.008872	14.000000	13.019436	0.008706	1.000000	30.000000	78.501891	12.508100	14.004456	545.820483
58	0.000000	0.000000	0.000000	0.000000	-0.353605	0.000000	0.000000	-1.000000	87.935910	4.873262	0.000000	0.000000
63	0.646391	0.125703	0.015801	14.000000	13.453292	0.008706	1.000000	722.000000	111.269761	12.902339	14.007964	163.266653
72	0.646391	0.125703	0.015801	14.000000	13.453292	0.008706	1.000000	722.000000	111.269761	12.902339	14.007964	163.266653
73	0.646391	0.125703	0.015801	14.000000	13.453292	0.008706	1.000000	722.000000	111.269761	12.902339	14.007964	163.266653
75	0.774538	0.171139	0.029289	14.000000	13.709091	0.008706	1.000000	1130.000000	116.771604	13.208306	14.014862	365.075335
76	0.774538	0.171139	0.029289	14.000000	13.709091	0.008706	1.000000	1130.000000	116.771604	13.208306	14.014862	365.075335
77	0.774538	0.171139	0.029289	14.000000	13.709091	0.008706	1.000000	1130.000000	116.771604	13.208306	14.014862	365.075335
80	0.000000	0.000000	0.000000	0.000000	-0.255799	0.000000	0.000000	-1.000000	89.075711	4.494331	0.000000	0.000000
81	0.000000	0.000000	0.000000	0.000000	-0.255799	0.000000	0.000000	-1.000000	89.075711	4.494331	0.000000	0.000000
83	0.646391	0.125703	0.015801	14.000000	13.453292	0.008706	1.000000	722.000000	111.269761	12.902339	14.007964	163.266653
92	0.646391	0.125703	0.015801	14.000000	13.453292	0.008706	1.000000	722.000000	111.269761	12.902339	14.007964	163.266653
93	0.646391	0.125703	0.015801	14.000000	13.453292	0.008706	1.000000	722.000000	111.269761	12.902339	14.007964	163.266653
95	0.774538	0.171139	0.029289	14.000000	13.709091	0.008706	1.000000	1130.000000	116.771604	13.208306	14.014862	365.075335
96	0.774538	0.171139	0.029289	14.000000	13.709091	0.008706	1.000000	1130.000000	116.771604	13.208306	14.014862	365.075335
99	0.000000	0.000000	0.000000	0.000000	-0.255799	0.000000	0.000000	-1.000000	89.075711	4.494331	0.000000	0.000000
101	0.646391	0.125703	0.015801	14.000000	13.453292	0.008706	1.000000	722.000000	111.269761	12.902339	14.007964	163.266653
106	0.774538	0.171139	0.029289	14.000000	13.709091	0.008706	1.000000	1130.000000	116.771604	13.208306	14.014862	365.075335
111	0.000000	0.000000	0.000000	0.000000	-0.364890	0.000000	0.000000	-1.000000	87.748571	4.911688	0.000000	0.000000
120	0.504750	0.094191	0.008872	14.000000	13.019436	0.008706	1.000000	30.000000	78.501891	12.508100	14.004456	545.820483
121	0.504750	0.094191	0.008872	14.000000	13.019436	0.008706	1.000000	30.000000	78.501891	12.508100	14.004456	545.820483
122	0.504750	0.094191	0.008872	14.000000	13.019436	0.008706	1.000000	30.000000	78.501891	12.508100	14.004456	545.820483
124	0.504750	0.094191	0.008872	14.000000	13.019436	0.008706	1.000000	30.000000	78.501891	12.508100	14.004456	545.820483
126	0.504750	0.094191	0.008872	14.000000	13.019436	0.008706	1.000000	30.000000	78.501891	12.508100	14.004456	545.820483
128	0.646391	0.125703	0.015801	14.000000	13.453292	0.008706	1.000000	722.000000	111.269761	12.902339	14.007964	163.266653
129	0.646391	0.125703	0.015801	14.000000	13.453292	0.008706	1.000000	722.000000	111.269761	12.902339	14.007964	163.266653
130	0.646391	0.125703	0.015801	14.000000	13.453292	0.008706	1.000000	722.000000	111.269761	12.902339	14.007964	163.266653
135	0.646391	0.125703	0.015801	14.000000	13.453292	0.008706	1.000000	722.000000	111.269761	12.902339	14.007964	163.266653
136	0.916619	0.296733	0.088050	14.000000	13.909091	0.008706	1.000000	1449.000000	116.173060	13.563127	14.046053	508.259776
137	0.000000	0.000000	0.000000	0.000000	-0.455799	0.000000	0.000000	-1.000000	85.852665	5.192585	0.000000	0.000000
138	0.000000	0.000000	0.000000	0.000000	-0.078997	0.000000	0.000000	-1.000000	87.853948	3.350369	0.000000	0.000000
140	0.000000	0.000000	0.000000	0.000000	-0.376803	0.000000	0.000000	-1.000000	87.539106	4.951293	0.000000	0.000000
141	0.646391	0.125703	0.015801	14.000000	13.453292	0.008706	1.000000	722.000000	111.269761	12.902339	14.007964	163.266653
143	0.504750	0.094191	0.008872	14.000000	13.019436	0.008706	1.000000	30.000000	78.501891	12.508100	14.004456	545.820483
150	0.500000	0.093308	0.008706	14.000000	13.000627	0.008706	1.000000	0.000000	67.924930	12.493001	14.004372	556.488994
152	0.000000	0.000000	0.000000	0.000000	-0.018809	0.000000	0.000000	-1.000000	84.572105	2.340347	0.000000	0.000000
153	0.000000	0.000000	0.000000	0.000000	-0.018809	0.000000	0.000000	-1.000000	84.572105	2.340347	0.000000	0.000000
154	0.000000	0.000000	0.000000	0.000000	-0.018809	0.000000	0.000000	-1.000000	84.572105	2.340347	0.000000	0.000000
155	0.000000	0.000000	0.000000	0.000000	-0.018809	0.000000	0.000000	-1.000000	84.572105	2.340347	0.000000	0.000000
156	0.000000	0.000000	0.000000	0.000000	-0.018809	0.000000	0.000000	-1.000000	84.572105	2.340347	0.000000	0.000000
157	0.000000	0.000000	0.000000	0.000000	-0.018809	0.000000	0.000000	-1.000000	84.572105	2.340347	0.000000	0.000000
159	0.504750	0.094191	0.008872	14.000000	13.019436	0.008706	1.000000	30.000000	78.501891	12.508100	14.004456	545.820483
160	0.504750	0.094191	0.008872	14.000000	13.019436	0.008706	1.000000	30.000000	78.501891	12.508100	14.004456	545.820483
161	0.504750	0.094191	0.008872	14.000000	13.019436	0.008706	1.000000	30.000000	78.501891	12.508100	14.004456	545.820483
162	0.504750	0.094191	0.008872	14.000000	13.019436	0.008706	1.000000	30.000000	78.501891	12.508100	14.004456	545.820483
163	0.504750	0.094191	0.008872	14.000000	13.019436	0.008706	1.000000	30.000000	78.501891	12.508100	14.004456	545.820483
164	0.504750	0.094191	0.008872	14.000000	13.019436	0.008706	1.000000	30.000000	78.501891	12.508100	14.004456	545.820483
165	0.504750	0.094191	0.008872	14.000000	13.019436	0.008706	1.000000	30.000000	78.501891	12.508100	14.004456	545.820483
166	0.504750	0.094191	0.008872	14.000000	13.019436	0.008706	1.000000	30.000000	78.501891	12.508100	14.004456	545.820483
167	0.504750	0.094191	0.008872	14.000000	13.019436	0.008706	1.000000	30.000000	78.501891	12.508100	14.004456	545.820483
168	0.504750	0.094191	0.008872	14.000000	13.019436	0.008706	1.000000	30.000000	78.501891	12.508100	14.004456	545.820483
169	0.504750	0.094191	0.008872	14.000000	13.019436	0.008706	1.000000	30.000000	78.501891	12.508100	14.004456	545.820483
170	0.504750	0.094191	0.008872	14.000000	13.019436	0.008706	1.000000	30.000000	78.501891	12.508100	14.004456	545.820483
171	0.504750	0.094191	0.008872	14.000000	13.019436	0.008706	1.000000	30.000000	78.501891	12.508100	14.004456	545.820483
173	0.504750	0.094191	0.008872	14.000000	13.019436	0.008706	1.000000	30.000000	78.501891	12.508100	14.004456	545.820483
174	0.504750	0.094191	0.008872	14.000000	13.019436	0.008706	1.000000	30.000000	78.501891	12.508100	14.004456	545.820483
