50
51
52
53
54
58
63
72
73
75
76
81
90
91
93
94
99
106
122
123
124
126
128
130
131
136
140
145
147
154
163
164
165
166
167
168
169
170
171
172
173
174
175
177
178
50
51
52
53
54
58
63
72
73
75
76
81
90
91
93
94
99
106
122
123
124
126
128
130
131
136
140
145
147
154
163
164
165
166
167
168
169
170
171
172
173
174
175
177
178
50
51
52
53
54
58
63
72
73
75
76
81
90
91
93
94
99
106
113
122
123
124
126
128
130
131
136
141
142
145
147
154
163
164
165
166
167
168
169
170
171
172
173
174
175
177
178
50
51
52
53
54
58
63
72
73
75
76
81
90
91
93
94
99
106
122
123
124
126
128
130
131
136
140
145
147
154
163
164
165
166
167
168
169
170
171
172
173
174
175
177
178
50
51
52
53
54
58
63
72
73
75
76
81
90
91
93
94
99
106
122
123
124
126
128
130
131
136
140
145
147
154
163
164
165
166
167
168
169
170
171
172
173
174
175
177
178
50
51
52
53
54
58
63
72
73
75
76
81
90
91
93
94
99
106
122
123
124
126
128
130
131
136
140
145
147
154
163
164
165
166
167
168
169
170
171
172
173
174
175
177
178
50
51
52
53
54
58
63
72
73
75
76
81
90
91
93
94
99
106
122
123
124
126
128
130
131
136
140
145
147
154
163
164
165
166
167
168
169
170
171
172
173
174
175
177
178
50
51
52
53
54
58
63
72
73
75
76
81
90
91
93
94
99
106
122
123
124
126
128
130
131
136
140
145
147
154
163
164
165
166
167
168
169
170
171
172
173
174
175
177
178
50
51
52
53
54
58
63
72
73
75
76
81
90
91
93
94
99
106
122
123
124
126
128
130
131
136
140
145
147
154
163
164
165
166
167
168
169
170
171
172
173
174
175
177
178
50
51
52
53
54
58
63
72
73
75
76
81
90
91
93
94
99
106
122
123
124
126
128
130
131
136
140
145
147
154
163
164
165
166
167
168
169
170
171
172
173
174
175
177
178
50
51
52
53
54
58
63
72
73
75
76
81
90
91
93
94
99
106
122
123
124
126
128
130
131
136
140
145
147
154
163
164
165
166
167
168
169
170
171
172
173
174
175
177
178
50
51
52
53
54
58
63
72
73
75
76
81
90
91
93
94
99
106
122
123
124
126
128
130
131
136
140
145
147
154
163
164
165
166
167
168
169
170
171
172
173
174
175
177
178
50
51
52
53
54
58
63
72
73
75
76
81
90
91
93
94
99
106
122
123
124
126
128
130
131
136
140
145
147
154
163
164
165
166
167
168
169
170
171
172
173
174
175
177
178
50
51
52
53
54
58
63
72
73
75
76
81
90
91
93
94
99
106
113
122
123
124
126
128
130
131
136
141
142
145
147
154
163
164
165
166
167
168
169
170
171
172
173
174
175
177
178
