0.000 0.000 0.000
0.000 0.000 0.000
0.000 0.000 0.000
0.000 0.000 0.000
0.000 0.000 0.000
0.000 0.000 0.000
0.000 0.000 0.000
0.000 0.000 0.000
0.000 0.000 0.000
0.000 0.000 0.000
0.000 0.000 0.000
0.000 0.000 0.000
0.000 0.000 0.000
0.000 0.000 0.000
0.000 0.000 0.000
0.000 0.000 0.000
0.000 0.000 0.000
0.000 0.000 0.000
0.000 0.000 0.000
0.000 0.000 0.000
0.000 0.000 0.000
0.000 0.000 0.000
0.000 0.000 0.000
0.000 0.000 0.000
0.000 0.000 0.000
0.000 0.000 0.000
0.000 0.000 0.000
0.000 0.000 0.000
0.000 0.000 0.000
0.000 0.000 0.000
0.000 0.000 0.000
0.000 0.000 0.000
0.000 0.000 0.000
0.000 0.000 0.000
0.000 0.000 0.000
0.000 0.000 0.000
0.000 0.000 0.000
0.000 0.000 0.000
0.000 0.000 0.000
0.000 0.000 0.000
0.000 0.000 0.000
0.000 0.000 0.000
0.000 0.000 0.000
0.000 0.000 0.000
0.000 0.000 0.000
0.000 0.000 0.000
0.000 0.000 0.000
0.000 0.000 0.000
0.000 0.000 0.000
0.000 0.000 0.000
0.000 0.000 0.000
0.000 0.000 0.000
0.000 0.000 0.000
0.000 0.000 0.000
0.000 0.000 0.000
0.000 0.000 0.000
0.000 0.000 0.000
0.000 0.000 0.000
0.000 0.000 0.000
0.000 0.000 0.000
0.000 0.000 0.000
0.000 0.000 0.000
0.000 0.000 0.000
0.000 0.000 0.000
0.000 0.000 0.000
0.000 0.000 0.000
0.000 0.000 0.000
0.000 0.000 0.000
0.000 0.000 0.000
0.000 0.000 0.000
0.000 0.000 0.000
0.000 0.000 0.000
0.000 0.000 0.000
0.000 0.000 0.000
0.000 0.000 0.000
0.000 0.000 0.000
0.000 0.000 0.000
0.160 0.042 0.518
0.000 0.000 0.000
0.000 0.000 0.000
0.000 0.000 0.000
0.160 0.042 0.518
0.160 0.042 0.518
0.000 0.000 0.000
0.160 0.042 0.518
0.160 0.042 0.518
0.000 0.000 0.000
0.000 0.000 0.000
0.160 0.042 0.518
0.000 0.000 0.000
0.000 0.000 0.000
0.000 0.000 0.000
0.000 0.000 0.000
0.000 0.000 0.000
0.000 0.000 0.000
0.000 0.000 0.000
0.000 0.000 0.000
0.000 0.000 0.000
0.000 0.000 0.000
0.000 0.000 0.000
0.215 0.046 0.538
0.000 0.000 0.000
0.215 0.046 0.538
0.000 0.000 0.000
0.215 0.046 0.538
0.215 0.046 0.538
0.000 0.000 0.000
0.215 0.046 0.538
0.215 0.046 0.538
0.000 0.000 0.000
0.316 0.150 0.828
0.000 0.000 0.000
0.000 0.000 0.000
0.000 0.000 0.000
0.000 0.000 0.000
0.000 0.000 0.000
0.000 0.000 0.000
0.000 0.000 0.000
0.215 0.046 0.538
0.000 0.000 0.000
0.215 0.046 0.538
0.000 0.000 0.000
0.215 0.046 0.538
0.000 0.000 0.000
0.160 0.042 0.518
0.160 0.042 0.518
0.000 0.000 0.000
0.000 0.000 0.000
0.000 0.000 0.000
0.000 0.000 0.000
0.000 0.000 0.000
0.000 0.000 0.000
0.215 0.046 0.538
0.000 0.000 0.000
0.000 0.000 0.000
0.000 0.000 0.000
0.000 0.000 0.000
0.000 0.000 0.000
0.000 0.000 0.000
0.215 0.046 0.538
0.000 0.000 0.000
0.215 0.046 0.538
0.000 0.000 0.000
0.215 0.046 0.538
0.000 0.000 0.000
0.215 0.046 0.538
0.215 0.046 0.538
0.000 0.000 0.000
0.215 0.046 0.538
0.000 0.000 0.000
0.215 0.046 0.538
0.000 0.000 0.000
0.160 0.042 0.518
0.000 0.000 0.000
0.160 0.042 0.518
0.160 0.042 0.518
0.000 0.000 0.000
0.000 0.000 0.000
0.000 0.000 0.000
0.000 0.000 0.000
0.000 0.000 0.000
0.000 0.000 0.000
0.000 0.000 0.000
0.000 0.000 0.000
0.000 0.000 0.000
0.000 0.000 0.000
0.000 0.000 0.000
0.000 0.000 0.000
0.000 0.000 0.000
0.000 0.000 0.000
0.000 0.000 0.000
0.000 0.000 0.000
0.000 0.000 0.000
0.000 0.000 0.000
0.215 0.046 0.538
0.000 0.000 0.000
0.000 0.000 0.000
0.000 0.000 0.000
0.000 0.000 0.000
0.000 0.000 0.000
0.000 0.000 0.000
0.000 0.000 0.000
0.000 0.000 0.000
0.000 0.000 0.000
0.000 0.000 0.000
0.000 0.000 0.000
0.000 0.000 0.000
0.527 0.278 0.902
0.000 0.000 0.000
0.000 0.000 0.000
0.527 0.278 0.902
0.527 0.278 0.902
0.527 0.278 0.902
0.000 0.000 0.000
0.000 0.000 0.000
0.000 0.000 0.000
0.000 0.000 0.000
0.000 0.000 0.000
0.000 0.000 0.000
0.000 0.000 0.000
0.000 0.000 0.000
0.000 0.000 0.000
0.000 0.000 0.000
0.000 0.000 0.000
0.000 0.000 0.000
0.000 0.000 0.000
0.000 0.000 0.000
0.000 0.000 0.000
0.000 0.000 0.000
0.000 0.000 0.000
0.000 0.000 0.000
0.000 0.000 0.000
0.000 0.000 0.000
0.000 0.000 0.000
0.000 0.000 0.000
0.000 0.000 0.000
0.000 0.000 0.000
0.000 0.000 0.000
0.000 0.000 0.000
0.000 0.000 0.000
0.000 0.000 0.000
0.000 0.000 0.000
0.000 0.000 0.000
0.000 0.000 0.000
0.216 0.047 0.541
0.000 0.000 0.000
0.000 0.000 0.000
0.000 0.000 0.000
0.000 0.000 0.000
0.216 0.047 0.541
0.216 0.047 0.541
0.216 0.047 0.541
0.216 0.047 0.541
0.000 0.000 0.000
0.000 0.000 0.000
0.216 0.047 0.541
0.216 0.047 0.541
0.000 0.000 0.000
0.000 0.000 0.000
0.221 0.049 0.553
0.000 0.000 0.000
0.000 0.000 0.000
0.000 0.000 0.000
0.221 0.049 0.553
0.000 0.000 0.000
0.577 0.333 0.923
0.000 0.000 0.000
0.000 0.000 0.000
0.577 0.333 0.923
0.000 0.000 0.000
0.000 0.000 0.000
0.000 0.000 0.000
0.000 0.000 0.000
0.000 0.000 0.000
0.000 0.000 0.000
0.000 0.000 0.000
0.000 0.000 0.000
0.577 0.333 0.923
0.577 0.333 0.923
0.577 0.333 0.923
0.577 0.333 0.923
0.577 0.333 0.923
0.000 0.000 0.000
0.000 0.000 0.000
0.000 0.000 0.000
0.000 0.000 0.000
0.000 0.000 0.000
0.000 0.000 0.000
0.000 0.000 0.000
0.000 0.000 0.000
0.000 0.000 0.000
0.000 0.000 0.000
0.000 0.000 0.000
0.000 0.000 0.000
0.000 0.000 0.000
0.000 0.000 0.000
0.000 0.000 0.000
0.577 0.333 0.923
0.000 0.000 0.000
0.000 0.000 0.000
0.577 0.333 0.923
0.000 0.000 0.000
0.000 0.000 0.000
0.000 0.000 0.000
0.000 0.000 0.000
0.000 0.000 0.000
0.000 0.000 0.000
0.000 0.000 0.000
0.000 0.000 0.000
0.000 0.000 0.000
0.000 0.000 0.000
0.000 0.000 0.000
0.000 0.000 0.000
0.000 0.000 0.000
0.000 0.000 0.000
0.000 0.000 0.000
0.577 0.333 0.923
0.000 0.000 0.000
0.000 0.000 0.000
0.000 0.000 0.000
0.000 0.000 0.000
0.000 0.000 0.000
0.000 0.000 0.000
0.000 0.000 0.000
0.000 0.000 0.000
0.577 0.333 0.923
0.000 0.000 0.000
0.000 0.000 0.000
0.000 0.000 0.000
0.000 0.000 0.000
0.000 0.000 0.000
0.000 0.000 0.000
0.000 0.000 0.000
0.346 0.176 0.857
0.000 0.000 0.000
0.000 0.000 0.000
0.000 0.000 0.000
0.000 0.000 0.000
0.346 0.176 0.857
0.346 0.176 0.857
0.000 0.000 0.000
0.000 0.000 0.000
0.346 0.176 0.857
0.000 0.000 0.000
0.000 0.000 0.000
0.000 0.000 0.000
0.000 0.000 0.000
0.000 0.000 0.000
0.000 0.000 0.000
0.000 0.000 0.000
0.000 0.000 0.000
0.000 0.000 0.000
0.000 0.000 0.000
0.000 0.000 0.000
0.000 0.000 0.000
0.000 0.000 0.000
0.000 0.000 0.000
0.000 0.000 0.000
0.000 0.000 0.000
0.000 0.000 0.000
0.000 0.000 0.000
0.000 0.000 0.000
0.000 0.000 0.000
0.000 0.000 0.000
0.000 0.000 0.000
0.000 0.000 0.000
0.000 0.000 0.000
0.000 0.000 0.000
0.000 0.000 0.000
0.000 0.000 0.000
0.000 0.000 0.000
0.000 0.000 0.000
0.000 0.000 0.000
0.000 0.000 0.000
0.000 0.000 0.000
0.000 0.000 0.000
0.000 0.000 0.000
0.000 0.000 0.000
0.000 0.000 0.000
0.000 0.000 0.000
0.000 0.000 0.000
0.000 0.000 0.000
0.000 0.000 0.000
0.000 0.000 0.000
0.000 0.000 0.000
0.000 0.000 0.000
0.000 0.000 0.000
0.000 0.000 0.000
0.000 0.000 0.000
0.000 0.000 0.000
0.000 0.000 0.000
0.000 0.000 0.000
0.000 0.000 0.000
0.000 0.000 0.000
0.000 0.000 0.000
0.000 0.000 0.000
0.000 0.000 0.000
0.000 0.000 0.000
0.000 0.000 0.000
0.000 0.000 0.000
0.000 0.000 0.000
0.000 0.000 0.000
0.000 0.000 0.000
0.000 0.000 0.000
0.000 0.000 0.000
0.215 0.046 0.538
0.000 0.000 0.000
0.000 0.000 0.000
0.000 0.000 0.000
0.000 0.000 0.000
0.000 0.000 0.000
0.000 0.000 0.000
0.215 0.046 0.538
0.000 0.000 0.000
0.000 0.000 0.000
0.000 0.000 0.000
0.000 0.000 0.000
0.000 0.000 0.000
0.000 0.000 0.000
0.000 0.000 0.000
0.000 0.000 0.000
0.215 0.046 0.538
0.000 0.000 0.000
0.237 0.056 0.588
0.000 0.000 0.000
0.215 0.046 0.538
0.000 0.000 0.000
0.215 0.046 0.538
0.000 0.000 0.000
0.215 0.046 0.538
0.215 0.046 0.538
0.000 0.000 0.000
0.000 0.000 0.000
0.000 0.000 0.000
0.215 0.046 0.538
0.000 0.000 0.000
0.000 0.000 0.000
0.000 0.000 0.000
0.000 0.000 0.000
0.000 0.000 0.000
0.000 0.000 0.000
0.000 0.000 0.000
0.215 0.046 0.538
0.000 0.000 0.000
0.577 0.333 0.923
0.577 0.333 0.923
0.000 0.000 0.000
0.000 0.000 0.000
0.215 0.046 0.538
0.000 0.000 0.000
0.000 0.000 0.000
0.000 0.000 0.000
0.000 0.000 0.000
0.000 0.000 0.000
0.000 0.000 0.000
0.000 0.000 0.000
0.000 0.000 0.000
0.000 0.000 0.000
0.000 0.000 0.000
0.000 0.000 0.000
0.000 0.000 0.000
0.000 0.000 0.000
0.000 0.000 0.000
0.000 0.000 0.000
0.215 0.046 0.538
0.000 0.000 0.000
0.387 0.214 0.889
0.000 0.000 0.000
0.000 0.000 0.000
0.000 0.000 0.000
0.000 0.000 0.000
0.000 0.000 0.000
0.000 0.000 0.000
0.000 0.000 0.000
0.000 0.000 0.000
0.000 0.000 0.000
0.000 0.000 0.000
0.000 0.000 0.000
0.000 0.000 0.000
0.405 0.231 0.900
0.000 0.000 0.000
0.405 0.231 0.900
0.000 0.000 0.000
0.405 0.231 0.900
0.000 0.000 0.000
0.000 0.000 0.000
0.000 0.000 0.000
0.000 0.000 0.000
0.000 0.000 0.000
0.000 0.000 0.000
0.216 0.047 0.541
0.000 0.000 0.000
0.000 0.000 0.000
0.221 0.077 0.679
0.221 0.077 0.679
0.000 0.000 0.000
0.000 0.000 0.000
0.000 0.000 0.000
0.000 0.000 0.000
0.000 0.000 0.000
0.000 0.000 0.000
0.000 0.000 0.000
0.000 0.000 0.000
0.000 0.000 0.000
0.000 0.000 0.000
0.000 0.000 0.000
0.000 0.000 0.000
0.221 0.077 0.679
0.221 0.077 0.679
0.000 0.000 0.000
0.000 0.000 0.000
0.000 0.000 0.000
0.000 0.000 0.000
0.216 0.047 0.541
0.216 0.047 0.541
0.216 0.047 0.541
0.216 0.047 0.541
0.000 0.000 0.000
0.216 0.047 0.541
0.000 0.000 0.000
0.000 0.000 0.000
0.000 0.000 0.000
0.000 0.000 0.000
0.000 0.000 0.000
0.000 0.000 0.000
0.000 0.000 0.000
0.216 0.047 0.541
0.000 0.000 0.000
0.216 0.047 0.541
0.000 0.000 0.000
0.000 0.000 0.000
0.000 0.000 0.000
0.000 0.000 0.000
0.216 0.047 0.541
0.216 0.047 0.541
0.000 0.000 0.000
0.000 0.000 0.000
0.000 0.000 0.000
0.000 0.000 0.000
0.216 0.047 0.541
0.000 0.000 0.000
0.000 0.000 0.000
0.000 0.000 0.000
0.000 0.000 0.000
0.000 0.000 0.000
0.000 0.000 0.000
0.000 0.000 0.000
0.000 0.000 0.000
0.000 0.000 0.000
0.000 0.000 0.000
0.216 0.047 0.541
0.000 0.000 0.000
0.300 0.136 0.809
0.000 0.000 0.000
0.300 0.136 0.809
0.000 0.000 0.000
0.300 0.136 0.809
0.000 0.000 0.000
0.000 0.000 0.000
0.000 0.000 0.000
0.000 0.000 0.000
0.216 0.047 0.541
0.000 0.000 0.000
0.000 0.000 0.000
0.000 0.000 0.000
0.000 0.000 0.000
0.216 0.047 0.541
0.000 0.000 0.000
0.000 0.000 0.000
0.255 0.065 0.625
0.000 0.000 0.000
0.216 0.047 0.541
0.000 0.000 0.000
0.000 0.000 0.000
0.000 0.000 0.000
0.000 0.000 0.000
0.216 0.047 0.541
0.000 0.000 0.000
0.216 0.047 0.541
0.000 0.000 0.000
0.000 0.000 0.000
0.000 0.000 0.000
0.000 0.000 0.000
0.000 0.000 0.000
0.000 0.000 0.000
0.000 0.000 0.000
0.000 0.000 0.000
0.000 0.000 0.000
0.000 0.000 0.000
0.000 0.000 0.000
0.000 0.000 0.000
0.000 0.000 0.000
0.000 0.000 0.000
0.221 0.049 0.553
0.000 0.000 0.000
0.000 0.000 0.000
0.000 0.000 0.000
0.000 0.000 0.000
0.000 0.000 0.000
0.221 0.049 0.553
0.000 0.000 0.000
0.000 0.000 0.000
0.237 0.056 0.588
0.000 0.000 0.000
0.000 0.000 0.000
0.000 0.000 0.000
0.000 0.000 0.000
0.000 0.000 0.000
0.215 0.046 0.538
0.000 0.000 0.000
0.000 0.000 0.000
0.000 0.000 0.000
0.000 0.000 0.000
0.000 0.000 0.000
0.000 0.000 0.000
0.000 0.000 0.000
0.215 0.046 0.538
0.215 0.046 0.538
0.000 0.000 0.000
0.215 0.046 0.538
0.215 0.046 0.538
0.000 0.000 0.000
0.215 0.046 0.538
0.000 0.000 0.000
0.000 0.000 0.000
0.488 0.238 0.882
0.488 0.238 0.882
0.000 0.000 0.000
0.000 0.000 0.000
0.335 0.167 0.847
0.335 0.167 0.847
0.000 0.000 0.000
0.000 0.000 0.000
0.136 0.030 0.434
0.136 0.030 0.434
0.000 0.000 0.000
0.000 0.000 0.000
0.215 0.046 0.538
0.000 0.000 0.000
0.000 0.000 0.000
0.215 0.046 0.538
0.215 0.046 0.538
0.000 0.000 0.000
0.000 0.000 0.000
0.000 0.000 0.000
0.000 0.000 0.000
0.000 0.000 0.000
0.000 0.000 0.000
0.215 0.046 0.538
0.000 0.000 0.000
0.215 0.046 0.538
0.215 0.046 0.538
0.000 0.000 0.000
0.335 0.167 0.847
0.335 0.167 0.847
0.000 0.000 0.000
0.000 0.000 0.000
0.000 0.000 0.000
0.219 0.048 0.548
0.219 0.048 0.548
0.000 0.000 0.000
0.215 0.046 0.538
0.220 0.049 0.550
0.221 0.049 0.553
0.221 0.049 0.553
0.000 0.000 0.000
0.221 0.049 0.553
0.000 0.000 0.000
0.000 0.000 0.000
0.215 0.046 0.538
0.000 0.000 0.000
0.000 0.000 0.000
0.000 0.000 0.000
0.000 0.000 0.000
0.000 0.000 0.000
0.215 0.046 0.538
0.222 0.050 0.556
0.216 0.047 0.541
0.216 0.047 0.541
0.000 0.000 0.000
0.000 0.000 0.000
0.221 0.049 0.553
0.000 0.000 0.000
0.000 0.000 0.000
0.000 0.000 0.000
0.000 0.000 0.000
0.000 0.000 0.000
0.000 0.000 0.000
0.000 0.000 0.000
0.424 0.250 0.911
0.424 0.250 0.911
0.000 0.000 0.000
0.221 0.049 0.553
0.000 0.000 0.000
0.000 0.000 0.000
0.000 0.000 0.000
0.000 0.000 0.000
0.200 0.040 0.500
0.000 0.000 0.000
0.000 0.000 0.000
0.200 0.040 0.500
0.000 0.000 0.000
0.000 0.000 0.000
0.200 0.040 0.500
0.200 0.040 0.500
0.200 0.040 0.500
0.200 0.040 0.500
0.000 0.000 0.000
0.000 0.000 0.000
0.000 0.000 0.000
0.000 0.000 0.000
0.200 0.040 0.500
0.000 0.000 0.000
0.000 0.000 0.000
0.200 0.040 0.500
0.000 0.000 0.000
0.000 0.000 0.000
0.200 0.040 0.500
0.200 0.040 0.500
0.200 0.040 0.500
0.000 0.000 0.000
0.000 0.000 0.000
0.000 0.000 0.000
0.000 0.000 0.000
0.200 0.040 0.500
0.000 0.000 0.000
0.200 0.040 0.500
0.000 0.000 0.000
0.000 0.000 0.000
0.000 0.000 0.000
0.000 0.000 0.000
0.000 0.000 0.000
0.000 0.000 0.000
0.000 0.000 0.000
0.000 0.000 0.000
0.000 0.000 0.000
0.000 0.000 0.000
0.200 0.040 0.500
0.000 0.000 0.000
0.000 0.000 0.000
0.000 0.000 0.000
0.000 0.000 0.000
0.000 0.000 0.000
0.000 0.000 0.000
0.000 0.000 0.000
0.000 0.000 0.000
0.000 0.000 0.000
0.000 0.000 0.000
0.000 0.000 0.000
0.000 0.000 0.000
0.000 0.000 0.000
0.000 0.000 0.000
0.000 0.000 0.000
0.000 0.000 0.000
0.000 0.000 0.000
0.000 0.000 0.000
0.000 0.000 0.000
0.215 0.046 0.538
0.000 0.000 0.000
0.000 0.000 0.000
0.000 0.000 0.000
0.000 0.000 0.000
0.215 0.046 0.538
0.000 0.000 0.000
0.000 0.000 0.000
0.000 0.000 0.000
0.000 0.000 0.000
0.215 0.046 0.538
0.000 0.000 0.000
0.000 0.000 0.000
0.000 0.000 0.000
0.000 0.000 0.000
0.000 0.000 0.000
0.000 0.000 0.000
0.000 0.000 0.000
0.215 0.046 0.538
0.000 0.000 0.000
0.000 0.000 0.000
0.000 0.000 0.000
0.000 0.000 0.000
0.000 0.000 0.000
0.221 0.049 0.553
0.221 0.049 0.553
0.221 0.049 0.553
0.000 0.000 0.000
0.000 0.000 0.000
0.000 0.000 0.000
0.000 0.000 0.000
0.000 0.000 0.000
0.000 0.000 0.000
0.000 0.000 0.000
0.000 0.000 0.000
0.000 0.000 0.000
