seq.c:128	0.500000	0.707107	0.500000	1.000000	0.500000	0.500000	1.000000	0.000000	3.000000	0.000000	1.333333	0.000000
seq.c:132	0.500000	0.707107	0.500000	1.000000	0.500000	0.500000	1.000000	0.000000	3.000000	0.000000	1.333333	0.000000
seq.c:138	0.500000	0.707107	0.500000	1.000000	0.500000	0.500000	1.000000	0.000000	3.000000	0.000000	1.333333	0.000000
seq.c:139	0.500000	0.707107	0.500000	1.000000	0.500000	0.500000	1.000000	0.000000	3.000000	0.000000	1.333333	0.000000
seq.c:141	0.500000	0.707107	0.500000	1.000000	0.500000	0.500000	1.000000	0.000000	3.000000	0.000000	1.333333	0.000000
seq.c:143	0.500000	0.707107	0.500000	1.000000	0.500000	0.500000	1.000000	0.000000	3.000000	0.000000	1.333333	0.000000
seq.c:144	0.500000	0.707107	0.500000	1.000000	0.500000	0.500000	1.000000	0.000000	3.000000	0.000000	1.333333	0.000000
seq.c:145	0.500000	0.707107	0.500000	1.000000	0.500000	0.500000	1.000000	0.000000	3.000000	0.000000	1.333333	0.000000
seq.c:148	0.000000	0.000000	0.000000	0.000000	-0.500000	0.000000	0.000000	-1.000000	1.000000	1.000000	0.000000	0.000000
seq.c:149	0.000000	0.000000	0.000000	0.000000	-0.500000	0.000000	0.000000	-1.000000	1.000000	1.000000	0.000000	0.000000
seq.c:150	0.000000	0.000000	0.000000	0.000000	-0.500000	0.000000	0.000000	-1.000000	1.000000	1.000000	0.000000	0.000000
seq.c:151	0.000000	0.000000	0.000000	0.000000	-0.500000	0.000000	0.000000	-1.000000	1.000000	1.000000	0.000000	0.000000
seq.c:154	0.000000	0.000000	0.000000	0.000000	-0.500000	0.000000	0.000000	-1.000000	1.000000	1.000000	0.000000	0.000000
seq.c:158	0.500000	0.707107	0.500000	1.000000	0.500000	0.500000	1.000000	0.000000	3.000000	0.000000	1.333333	0.000000
seq.c:166	0.000000	0.000000	0.000000	0.000000	-0.500000	0.000000	0.000000	-1.000000	1.000000	1.000000	0.000000	0.000000
seq.c:172	0.000000	0.000000	0.000000	0.000000	-0.500000	0.000000	0.000000	-1.000000	1.000000	1.000000	0.000000	0.000000
seq.c:176	0.000000	0.000000	0.000000	0.000000	-0.500000	0.000000	0.000000	-1.000000	1.000000	1.000000	0.000000	0.000000
seq.c:177	0.000000	0.000000	0.000000	0.000000	-0.500000	0.000000	0.000000	-1.000000	1.000000	1.000000	0.000000	0.000000
seq.c:178	0.000000	0.000000	0.000000	0.000000	-0.500000	0.000000	0.000000	-1.000000	1.000000	1.000000	0.000000	0.000000
seq.c:179	0.000000	0.000000	0.000000	0.000000	-0.500000	0.000000	0.000000	-1.000000	1.000000	1.000000	0.000000	0.000000
seq.c:181	0.000000	0.000000	0.000000	0.000000	-0.500000	0.000000	0.000000	-1.000000	1.000000	1.000000	0.000000	0.000000
seq.c:182	0.000000	0.000000	0.000000	0.000000	-0.500000	0.000000	0.000000	-1.000000	1.000000	1.000000	0.000000	0.000000
seq.c:185	0.000000	0.000000	0.000000	0.000000	-0.500000	0.000000	0.000000	-1.000000	1.000000	1.000000	0.000000	0.000000
seq.c:186	0.000000	0.000000	0.000000	0.000000	-0.500000	0.000000	0.000000	-1.000000	1.000000	1.000000	0.000000	0.000000
seq.c:187	0.000000	0.000000	0.000000	0.000000	-0.500000	0.000000	0.000000	-1.000000	1.000000	1.000000	0.000000	0.000000
seq.c:188	0.000000	0.000000	0.000000	0.000000	-0.500000	0.000000	0.000000	-1.000000	1.000000	1.000000	0.000000	0.000000
seq.c:191	0.000000	0.000000	0.000000	0.000000	-0.500000	0.000000	0.000000	-1.000000	1.000000	1.000000	0.000000	0.000000
seq.c:192	0.000000	0.000000	0.000000	0.000000	-0.500000	0.000000	0.000000	-1.000000	1.000000	1.000000	0.000000	0.000000
seq.c:194	0.000000	0.000000	0.000000	0.000000	-0.500000	0.000000	0.000000	-1.000000	1.000000	1.000000	0.000000	0.000000
seq.c:195	0.000000	0.000000	0.000000	0.000000	-0.500000	0.000000	0.000000	-1.000000	1.000000	1.000000	0.000000	0.000000
seq.c:196	0.000000	0.000000	0.000000	0.000000	-0.500000	0.000000	0.000000	-1.000000	1.000000	1.000000	0.000000	0.000000
seq.c:197	0.000000	0.000000	0.000000	0.000000	-0.500000	0.000000	0.000000	-1.000000	1.000000	1.000000	0.000000	0.000000
seq.c:198	0.000000	0.000000	0.000000	0.000000	-0.500000	0.000000	0.000000	-1.000000	1.000000	1.000000	0.000000	0.000000
seq.c:199	0.000000	0.000000	0.000000	0.000000	-0.500000	0.000000	0.000000	-1.000000	1.000000	1.000000	0.000000	0.000000
seq.c:209	0.500000	0.707107	0.500000	1.000000	0.500000	0.500000	1.000000	0.000000	3.000000	0.000000	1.333333	0.000000
seq.c:215	0.500000	0.707107	0.500000	1.000000	0.500000	0.500000	1.000000	0.000000	3.000000	0.000000	1.333333	0.000000
seq.c:217	0.500000	0.707107	0.500000	1.000000	0.500000	0.500000	1.000000	0.000000	3.000000	0.000000	1.333333	0.000000
seq.c:219	0.500000	0.707107	0.500000	1.000000	0.500000	0.500000	1.000000	0.000000	3.000000	0.000000	1.333333	0.000000
seq.c:228	0.500000	0.707107	0.500000	1.000000	0.500000	0.500000	1.000000	0.000000	3.000000	0.000000	1.333333	0.000000
seq.c:230	0.500000	0.707107	0.500000	1.000000	0.500000	0.500000	1.000000	0.000000	3.000000	0.000000	1.333333	0.000000
seq.c:231	0.500000	0.707107	0.500000	1.000000	0.500000	0.500000	1.000000	0.000000	3.000000	0.000000	1.333333	0.000000
seq.c:232	0.500000	0.707107	0.500000	1.000000	0.500000	0.500000	1.000000	0.000000	3.000000	0.000000	1.333333	0.000000
seq.c:233	0.500000	0.707107	0.500000	1.000000	0.500000	0.500000	1.000000	0.000000	3.000000	0.000000	1.333333	0.000000
seq.c:236	0.500000	0.707107	0.500000	1.000000	0.500000	0.500000	1.000000	0.000000	3.000000	0.000000	1.333333	0.000000
seq.c:238	0.000000	0.000000	0.000000	0.000000	-0.500000	0.000000	0.000000	-1.000000	1.000000	1.000000	0.000000	0.000000
seq.c:239	0.000000	0.000000	0.000000	0.000000	-0.500000	0.000000	0.000000	-1.000000	1.000000	1.000000	0.000000	0.000000
seq.c:241	0.000000	0.000000	0.000000	0.000000	-0.500000	0.000000	0.000000	-1.000000	1.000000	1.000000	0.000000	0.000000
seq.c:243	0.000000	0.000000	0.000000	0.000000	-0.500000	0.000000	0.000000	-1.000000	1.000000	1.000000	0.000000	0.000000
seq.c:244	0.000000	0.000000	0.000000	0.000000	-0.500000	0.000000	0.000000	-1.000000	1.000000	1.000000	0.000000	0.000000
seq.c:246	0.000000	0.000000	0.000000	0.000000	-0.500000	0.000000	0.000000	-1.000000	1.000000	1.000000	0.000000	0.000000
seq.c:249	0.500000	0.707107	0.500000	1.000000	0.500000	0.500000	1.000000	0.000000	3.000000	0.000000	1.333333	0.000000
seq.c:250	0.500000	0.707107	0.500000	1.000000	0.500000	0.500000	1.000000	0.000000	3.000000	0.000000	1.333333	0.000000
seq.c:253	0.500000	0.707107	0.500000	1.000000	0.500000	0.500000	1.000000	0.000000	3.000000	0.000000	1.333333	0.000000
seq.c:256	0.500000	0.707107	0.500000	1.000000	0.500000	0.500000	1.000000	0.000000	3.000000	0.000000	1.333333	0.000000
seq.c:257	0.500000	0.707107	0.500000	1.000000	0.500000	0.500000	1.000000	0.000000	3.000000	0.000000	1.333333	0.000000
seq.c:258	0.500000	0.707107	0.500000	1.000000	0.500000	0.500000	1.000000	0.000000	3.000000	0.000000	1.333333	0.000000
seq.c:259	0.500000	0.707107	0.500000	1.000000	0.500000	0.500000	1.000000	0.000000	3.000000	0.000000	1.333333	0.000000
seq.c:260	0.500000	0.707107	0.500000	1.000000	0.500000	0.500000	1.000000	0.000000	3.000000	0.000000	1.333333	0.000000
seq.c:262	0.500000	0.707107	0.500000	1.000000	0.500000	0.500000	1.000000	0.000000	3.000000	0.000000	1.333333	0.000000
seq.c:263	0.500000	0.707107	0.500000	1.000000	0.500000	0.500000	1.000000	0.000000	3.000000	0.000000	1.333333	0.000000
seq.c:264	0.500000	0.707107	0.500000	1.000000	0.500000	0.500000	1.000000	0.000000	3.000000	0.000000	1.333333	0.000000
seq.c:268	0.500000	0.707107	0.500000	1.000000	0.500000	0.500000	1.000000	0.000000	3.000000	0.000000	1.333333	0.000000
seq.c:272	0.500000	0.707107	0.500000	1.000000	0.500000	0.500000	1.000000	0.000000	3.000000	0.000000	1.333333	0.000000
seq.c:274	0.500000	0.707107	0.500000	1.000000	0.500000	0.500000	1.000000	0.000000	3.000000	0.000000	1.333333	0.000000
seq.c:276	0.500000	0.707107	0.500000	1.000000	0.500000	0.500000	1.000000	0.000000	3.000000	0.000000	1.333333	0.000000
seq.c:278	0.500000	0.707107	0.500000	1.000000	0.500000	0.500000	1.000000	0.000000	3.000000	0.000000	1.333333	0.000000
seq.c:279	0.500000	0.707107	0.500000	1.000000	0.500000	0.500000	1.000000	0.000000	3.000000	0.000000	1.333333	0.000000
seq.c:280	0.500000	0.707107	0.500000	1.000000	0.500000	0.500000	1.000000	0.000000	3.000000	0.000000	1.333333	0.000000
seq.c:281	0.500000	0.707107	0.500000	1.000000	0.500000	0.500000	1.000000	0.000000	3.000000	0.000000	1.333333	0.000000
seq.c:283	0.500000	0.707107	0.500000	1.000000	0.500000	0.500000	1.000000	0.000000	3.000000	0.000000	1.333333	0.000000
seq.c:284	0.500000	0.707107	0.500000	1.000000	0.500000	0.500000	1.000000	0.000000	3.000000	0.000000	1.333333	0.000000
seq.c:286	0.500000	0.707107	0.500000	1.000000	0.500000	0.500000	1.000000	0.000000	3.000000	0.000000	1.333333	0.000000
seq.c:287	0.500000	0.707107	0.500000	1.000000	0.500000	0.500000	1.000000	0.000000	3.000000	0.000000	1.333333	0.000000
seq.c:288	0.500000	0.707107	0.500000	1.000000	0.500000	0.500000	1.000000	0.000000	3.000000	0.000000	1.333333	0.000000
seq.c:294	0.000000	0.000000	0.000000	0.000000	-0.500000	0.000000	0.000000	-1.000000	1.000000	1.000000	0.000000	0.000000
seq.c:295	0.000000	0.000000	0.000000	0.000000	-0.500000	0.000000	0.000000	-1.000000	1.000000	1.000000	0.000000	0.000000
seq.c:299	0.000000	0.000000	0.000000	0.000000	-0.500000	0.000000	0.000000	-1.000000	1.000000	1.000000	0.000000	0.000000
seq.c:303	0.500000	0.707107	0.500000	1.000000	0.500000	0.500000	1.000000	0.000000	3.000000	0.000000	1.333333	0.000000
seq.c:306	0.500000	0.707107	0.500000	1.000000	0.500000	0.500000	1.000000	0.000000	3.000000	0.000000	1.333333	0.000000
seq.c:307	0.500000	0.707107	0.500000	1.000000	0.500000	0.500000	1.000000	0.000000	3.000000	0.000000	1.333333	0.000000
seq.c:311	0.500000	0.707107	0.500000	1.000000	0.500000	0.500000	1.000000	0.000000	3.000000	0.000000	1.333333	0.000000
seq.c:314	0.500000	0.707107	0.500000	1.000000	0.500000	0.500000	1.000000	0.000000	3.000000	0.000000	1.333333	0.000000
seq.c:315	0.500000	0.707107	0.500000	1.000000	0.500000	0.500000	1.000000	0.000000	3.000000	0.000000	1.333333	0.000000
seq.c:319	0.500000	0.707107	0.500000	1.000000	0.500000	0.500000	1.000000	0.000000	3.000000	0.000000	1.333333	0.000000
seq.c:321	0.500000	0.707107	0.500000	1.000000	0.500000	0.500000	1.000000	0.000000	3.000000	0.000000	1.333333	0.000000
seq.c:322	0.500000	0.707107	0.500000	1.000000	0.500000	0.500000	1.000000	0.000000	3.000000	0.000000	1.333333	0.000000
seq.c:327	0.500000	0.707107	0.500000	1.000000	0.500000	0.500000	1.000000	0.000000	3.000000	0.000000	1.333333	0.000000
seq.c:329	0.500000	0.707107	0.500000	1.000000	0.500000	0.500000	1.000000	0.000000	3.000000	0.000000	1.333333	0.000000
seq.c:330	0.500000	0.707107	0.500000	1.000000	0.500000	0.500000	1.000000	0.000000	3.000000	0.000000	1.333333	0.000000
seq.c:336	0.500000	0.707107	0.500000	1.000000	0.500000	0.500000	1.000000	0.000000	3.000000	0.000000	1.333333	0.000000
seq.c:337	0.500000	0.707107	0.500000	1.000000	0.500000	0.500000	1.000000	0.000000	3.000000	0.000000	1.333333	0.000000
seq.c:338	0.500000	0.707107	0.500000	1.000000	0.500000	0.500000	1.000000	0.000000	3.000000	0.000000	1.333333	0.000000
seq.c:340	0.500000	0.707107	0.500000	1.000000	0.500000	0.500000	1.000000	0.000000	3.000000	0.000000	1.333333	0.000000
seq.c:343	0.000000	0.000000	0.000000	0.000000	-0.500000	0.000000	0.000000	-1.000000	1.000000	1.000000	0.000000	0.000000
seq.c:344	0.000000	0.000000	0.000000	0.000000	-0.500000	0.000000	0.000000	-1.000000	1.000000	1.000000	0.000000	0.000000
seq.c:351	0.500000	0.707107	0.500000	1.000000	0.500000	0.500000	1.000000	0.000000	3.000000	0.000000	1.333333	0.000000
seq.c:352	0.500000	0.707107	0.500000	1.000000	0.500000	0.500000	1.000000	0.000000	3.000000	0.000000	1.333333	0.000000
seq.c:363	0.500000	0.707107	0.500000	1.000000	0.500000	0.500000	1.000000	0.000000	3.000000	0.000000	1.333333	0.000000
seq.c:369	0.500000	0.707107	0.500000	1.000000	0.500000	0.500000	1.000000	0.000000	3.000000	0.000000	1.333333	0.000000
seq.c:375	0.500000	0.707107	0.500000	1.000000	0.500000	0.500000	1.000000	0.000000	3.000000	0.000000	1.333333	0.000000
seq.c:377	0.000000	0.000000	0.000000	0.000000	-0.500000	0.000000	0.000000	-1.000000	1.000000	1.000000	0.000000	0.000000
seq.c:378	0.000000	0.000000	0.000000	0.000000	-0.500000	0.000000	0.000000	-1.000000	1.000000	1.000000	0.000000	0.000000
seq.c:383	0.000000	0.000000	0.000000	0.000000	-0.500000	0.000000	0.000000	-1.000000	1.000000	1.000000	0.000000	0.000000
seq.c:386	0.500000	0.707107	0.500000	1.000000	0.500000	0.500000	1.000000	0.000000	3.000000	0.000000	1.333333	0.000000
seq.c:388	0.500000	0.707107	0.500000	1.000000	0.500000	0.500000	1.000000	0.000000	3.000000	0.000000	1.333333	0.000000
seq.c:390	0.000000	0.000000	0.000000	0.000000	-0.500000	0.000000	0.000000	-1.000000	1.000000	1.000000	0.000000	0.000000
seq.c:391	0.000000	0.000000	0.000000	0.000000	-0.500000	0.000000	0.000000	-1.000000	1.000000	1.000000	0.000000	0.000000
seq.c:393	0.000000	0.000000	0.000000	0.000000	-0.500000	0.000000	0.000000	-1.000000	1.000000	1.000000	0.000000	0.000000
seq.c:395	0.000000	0.000000	0.000000	0.000000	-0.500000	0.000000	0.000000	-1.000000	1.000000	1.000000	0.000000	0.000000
seq.c:396	0.000000	0.000000	0.000000	0.000000	-0.500000	0.000000	0.000000	-1.000000	1.000000	1.000000	0.000000	0.000000
seq.c:400	0.500000	0.707107	0.500000	1.000000	0.500000	0.500000	1.000000	0.000000	3.000000	0.000000	1.333333	0.000000
seq.c:407	0.500000	0.707107	0.500000	1.000000	0.500000	0.500000	1.000000	0.000000	3.000000	0.000000	1.333333	0.000000
seq.c:408	0.500000	0.707107	0.500000	1.000000	0.500000	0.500000	1.000000	0.000000	3.000000	0.000000	1.333333	0.000000
seq.c:410	0.500000	0.707107	0.500000	1.000000	0.500000	0.500000	1.000000	0.000000	3.000000	0.000000	1.333333	0.000000
seq.c:412	0.500000	0.707107	0.500000	1.000000	0.500000	0.500000	1.000000	0.000000	3.000000	0.000000	1.333333	0.000000
