50	0.504762	0.106803	0.011407	18.000000	17.019485	0.011194	1.000000	30.000000	86.451286	16.867222	18.005736	699.919995
51	0.504762	0.106803	0.011407	18.000000	17.019485	0.011194	1.000000	30.000000	86.451286	16.867222	18.005736	699.919995
52	0.504762	0.106803	0.011407	18.000000	17.019485	0.011194	1.000000	30.000000	86.451286	16.867222	18.005736	699.919995
53	0.504762	0.106803	0.011407	18.000000	17.019485	0.011194	1.000000	30.000000	86.451286	16.867222	18.005736	699.919995
54	0.504762	0.106803	0.011407	18.000000	17.019485	0.011194	1.000000	30.000000	86.451286	16.867222	18.005736	699.919995
58	0.543669	0.071940	0.013035	7.000000	6.673790	0.004353	0.000000	-1.000000	102.233844	5.120393	7.006699	163.865799
63	0.646867	0.142534	0.020316	18.000000	17.454431	0.011194	1.000000	722.000000	119.201955	17.162114	18.010262	203.646753
72	0.646867	0.142534	0.020316	18.000000	17.454431	0.011194	1.000000	722.000000	119.201955	17.162114	18.010262	203.646753
73	0.646867	0.142534	0.020316	18.000000	17.454431	0.011194	1.000000	722.000000	119.201955	17.162114	18.010262	203.646753
75	0.000000	0.000000	0.000000	0.000000	-0.250157	0.000000	0.000000	-1.000000	89.000643	4.466535	0.000000	0.000000
76	0.000000	0.000000	0.000000	0.000000	-0.250157	0.000000	0.000000	-1.000000	89.000643	4.466535	0.000000	0.000000
79	0.771845	0.192055	0.036885	18.000000	17.704588	0.011194	1.000000	1120.000000	124.612286	17.387367	18.018789	465.222527
81	0.646867	0.142534	0.020316	18.000000	17.454431	0.011194	1.000000	722.000000	119.201955	17.162114	18.010262	203.646753
90	0.646867	0.142534	0.020316	18.000000	17.454431	0.011194	1.000000	722.000000	119.201955	17.162114	18.010262	203.646753
91	0.646867	0.142534	0.020316	18.000000	17.454431	0.011194	1.000000	722.000000	119.201955	17.162114	18.010262	203.646753
93	0.000000	0.000000	0.000000	0.000000	-0.250157	0.000000	0.000000	-1.000000	89.000643	4.466535	0.000000	0.000000
94	0.000000	0.000000	0.000000	0.000000	-0.250157	0.000000	0.000000	-1.000000	89.000643	4.466535	0.000000	0.000000
97	0.771845	0.192055	0.036885	18.000000	17.704588	0.011194	1.000000	1120.000000	124.612286	17.387367	18.018789	465.222527
99	0.646867	0.142534	0.020316	18.000000	17.454431	0.011194	1.000000	722.000000	119.201955	17.162114	18.010262	203.646753
104	0.541290	0.071600	0.012915	7.000000	6.670647	0.004353	0.000000	-1.000000	102.190357	5.109692	7.006635	162.363789
109	0.727356	0.171219	0.029316	18.000000	17.625393	0.011194	1.000000	994.000000	123.468642	17.308578	18.014876	367.129405
118	0.504762	0.106803	0.011407	18.000000	17.019485	0.011194	1.000000	30.000000	86.451286	16.867222	18.005736	699.919995
119	0.504762	0.106803	0.011407	18.000000	17.019485	0.011194	1.000000	30.000000	86.451286	16.867222	18.005736	699.919995
120	0.504762	0.106803	0.011407	18.000000	17.019485	0.011194	1.000000	30.000000	86.451286	16.867222	18.005736	699.919995
122	0.504762	0.106803	0.011407	18.000000	17.019485	0.011194	1.000000	30.000000	86.451286	16.867222	18.005736	699.919995
124	0.504762	0.106803	0.011407	18.000000	17.019485	0.011194	1.000000	30.000000	86.451286	16.867222	18.005736	699.919995
126	0.646867	0.142534	0.020316	18.000000	17.454431	0.011194	1.000000	722.000000	119.201955	17.162114	18.010262	203.646753
127	0.646867	0.142534	0.020316	18.000000	17.454431	0.011194	1.000000	722.000000	119.201955	17.162114	18.010262	203.646753
128	0.646867	0.142534	0.020316	18.000000	17.454431	0.011194	1.000000	722.000000	119.201955	17.162114	18.010262	203.646753
133	0.646867	0.142534	0.020316	18.000000	17.454431	0.011194	1.000000	722.000000	119.201955	17.162114	18.010262	203.646753
134	0.000000	0.000000	0.000000	0.000000	-0.084224	0.000000	0.000000	-1.000000	87.890973	3.402328	0.000000	0.000000
135	0.684165	0.154713	0.023936	18.000000	17.538655	0.011194	1.000000	856.000000	121.607390	17.231006	18.012113	212.978872
136	0.830721	0.143066	0.048611	7.000000	6.920805	0.004353	0.000000	-1.000000	101.749478	6.146139	7.027027	255.667753
138	0.615109	0.104210	0.017572	11.000000	10.617850	0.006841	0.000000	-1.000000	109.331414	9.815414	11.008965	213.864443
139	0.646867	0.142534	0.020316	18.000000	17.454431	0.011194	1.000000	722.000000	119.201955	17.162114	18.010262	203.646753
141	0.504762	0.106803	0.011407	18.000000	17.019485	0.011194	1.000000	30.000000	86.451286	16.867222	18.005736	699.919995
148	0.500000	0.105802	0.011194	18.000000	17.000629	0.011194	1.000000	0.000000	75.874804	16.856014	18.005629	713.672194
150	0.000000	0.000000	0.000000	0.000000	-0.018856	0.000000	0.000000	-1.000000	84.470896	2.340347	0.000000	0.000000
151	0.000000	0.000000	0.000000	0.000000	-0.018856	0.000000	0.000000	-1.000000	84.470896	2.340347	0.000000	0.000000
152	0.000000	0.000000	0.000000	0.000000	-0.018856	0.000000	0.000000	-1.000000	84.470896	2.340347	0.000000	0.000000
153	0.000000	0.000000	0.000000	0.000000	-0.018856	0.000000	0.000000	-1.000000	84.470896	2.340347	0.000000	0.000000
154	0.000000	0.000000	0.000000	0.000000	-0.018856	0.000000	0.000000	-1.000000	84.470896	2.340347	0.000000	0.000000
155	0.000000	0.000000	0.000000	0.000000	-0.018856	0.000000	0.000000	-1.000000	84.470896	2.340347	0.000000	0.000000
157	0.504762	0.106803	0.011407	18.000000	17.019485	0.011194	1.000000	30.000000	86.451286	16.867222	18.005736	699.919995
158	0.504762	0.106803	0.011407	18.000000	17.019485	0.011194	1.000000	30.000000	86.451286	16.867222	18.005736	699.919995
159	0.504762	0.106803	0.011407	18.000000	17.019485	0.011194	1.000000	30.000000	86.451286	16.867222	18.005736	699.919995
160	0.504762	0.106803	0.011407	18.000000	17.019485	0.011194	1.000000	30.000000	86.451286	16.867222	18.005736	699.919995
161	0.504762	0.106803	0.011407	18.000000	17.019485	0.011194	1.000000	30.000000	86.451286	16.867222	18.005736	699.919995
162	0.504762	0.106803	0.011407	18.000000	17.019485	0.011194	1.000000	30.000000	86.451286	16.867222	18.005736	699.919995
163	0.504762	0.106803	0.011407	18.000000	17.019485	0.011194	1.000000	30.000000	86.451286	16.867222	18.005736	699.919995
164	0.504762	0.106803	0.011407	18.000000	17.019485	0.011194	1.000000	30.000000	86.451286	16.867222	18.005736	699.919995
165	0.504762	0.106803	0.011407	18.000000	17.019485	0.011194	1.000000	30.000000	86.451286	16.867222	18.005736	699.919995
166	0.504762	0.106803	0.011407	18.000000	17.019485	0.011194	1.000000	30.000000	86.451286	16.867222	18.005736	699.919995
167	0.504762	0.106803	0.011407	18.000000	17.019485	0.011194	1.000000	30.000000	86.451286	16.867222	18.005736	699.919995
168	0.504762	0.106803	0.011407	18.000000	17.019485	0.011194	1.000000	30.000000	86.451286	16.867222	18.005736	699.919995
169	0.504762	0.106803	0.011407	18.000000	17.019485	0.011194	1.000000	30.000000	86.451286	16.867222	18.005736	699.919995
171	0.504762	0.106803	0.011407	18.000000	17.019485	0.011194	1.000000	30.000000	86.451286	16.867222	18.005736	699.919995
172	0.504762	0.106803	0.011407	18.000000	17.019485	0.011194	1.000000	30.000000	86.451286	16.867222	18.005736	699.919995
