50
51
52
53
54
118
119
120
122
124
141
148
157
158
159
160
161
162
163
164
165
166
167
168
169
171
172
50
51
52
53
54
118
119
120
122
124
141
148
157
158
159
160
161
162
163
164
165
166
167
168
169
171
172
50
51
52
53
54
118
119
120
122
124
141
148
157
158
159
160
161
162
163
164
165
166
167
168
169
171
172
50
51
52
53
54
118
119
120
122
124
141
148
157
158
159
160
161
162
163
164
165
166
167
168
169
171
172
50
51
52
53
54
118
119
120
122
124
141
148
157
158
159
160
161
162
163
164
165
166
167
168
169
171
172
50
51
52
53
54
118
119
120
122
124
141
148
157
158
159
160
161
162
163
164
165
166
167
168
169
171
172
50
51
52
53
54
118
119
120
122
124
141
148
157
158
159
160
161
162
163
164
165
166
167
168
169
171
172
50
51
52
53
54
118
119
120
122
124
141
148
157
158
159
160
161
162
163
164
165
166
167
168
169
171
172
50
51
52
53
54
118
119
120
122
124
141
148
157
158
159
160
161
162
163
164
165
166
167
168
169
171
172
50
51
52
53
54
118
119
120
122
124
141
148
157
158
159
160
161
162
163
164
165
166
167
168
169
171
172
50
51
52
53
54
118
119
120
122
124
141
148
157
158
159
160
161
162
163
164
165
166
167
168
169
171
172
50
51
52
53
54
118
119
120
122
124
141
148
157
158
159
160
161
162
163
164
165
166
167
168
169
171
172
50
51
52
53
54
118
119
120
122
124
141
148
157
158
159
160
161
162
163
164
165
166
167
168
169
171
172
50
51
52
53
54
118
119
120
122
124
141
148
157
158
159
160
161
162
163
164
165
166
167
168
169
171
172
50
51
52
53
54
118
119
120
122
124
141
148
157
158
159
160
161
162
163
164
165
166
167
168
169
171
172
50
51
52
53
54
118
119
120
122
124
141
148
157
158
159
160
161
162
163
164
165
166
167
168
169
171
172
50
51
52
53
54
118
119
120
122
124
141
148
157
158
159
160
161
162
163
164
165
166
167
168
169
171
172
50
51
52
53
54
118
119
120
122
124
141
148
157
158
159
160
161
162
163
164
165
166
167
168
169
171
172
50
51
52
53
54
118
119
120
122
124
141
148
157
158
159
160
161
162
163
164
165
166
167
168
169
171
172
50
51
52
53
54
118
119
120
122
124
141
148
157
158
159
160
161
162
163
164
165
166
167
168
169
171
172
50
51
52
53
54
118
119
120
122
124
141
148
157
158
159
160
161
162
163
164
165
166
167
168
169
171
172
50
51
52
53
54
118
119
120
122
124
141
148
157
158
159
160
161
162
163
164
165
166
167
168
169
171
172
50
51
52
53
54
118
119
120
122
124
141
148
157
158
159
160
161
162
163
164
165
166
167
168
169
171
172
50
51
52
53
54
118
119
120
122
124
141
148
157
158
159
160
161
162
163
164
165
166
167
168
169
171
172
50
51
52
53
54
118
119
120
122
124
141
148
157
158
159
160
161
162
163
164
165
166
167
168
169
171
172
50
51
52
53
54
118
119
120
122
124
141
148
157
158
159
160
161
162
163
164
165
166
167
168
169
171
172
50
51
52
53
54
118
119
120
122
124
141
148
157
158
159
160
161
162
163
164
165
166
167
168
169
171
172
50
51
52
53
54
118
119
120
122
124
141
148
157
158
159
160
161
162
163
164
165
166
167
168
169
171
172
50
51
52
53
54
118
119
120
122
124
141
148
157
158
159
160
161
162
163
164
165
166
167
168
169
171
172
50
51
52
53
54
118
119
120
122
124
141
148
157
158
159
160
161
162
163
164
165
166
167
168
169
171
172
50
51
52
53
54
118
119
120
122
124
141
148
157
158
159
160
161
162
163
164
165
166
167
168
169
171
172
50
51
52
53
54
118
119
120
122
124
141
148
157
158
159
160
161
162
163
164
165
166
167
168
169
171
172
50
51
52
53
54
118
119
120
122
124
141
148
157
158
159
160
161
162
163
164
165
166
167
168
169
171
172
50
51
52
53
54
118
119
120
122
124
141
148
157
158
159
160
161
162
163
164
165
166
167
168
169
171
172
50
51
52
53
54
118
119
120
122
124
141
148
157
158
159
160
161
162
163
164
165
166
167
168
169
171
172
50
51
52
53
54
118
119
120
122
124
141
148
157
158
159
160
161
162
163
164
165
166
167
168
169
171
172
50
51
52
53
54
118
119
120
122
124
141
148
157
158
159
160
161
162
163
164
165
166
167
168
169
171
172
50
51
52
53
54
118
119
120
122
124
141
148
157
158
159
160
161
162
163
164
165
166
167
168
169
171
172
50
51
52
53
54
118
119
120
122
124
141
148
157
158
159
160
161
162
163
164
165
166
167
168
169
171
172
50
51
52
53
54
118
119
120
122
124
141
148
157
158
159
160
161
162
163
164
165
166
167
168
169
171
172
50
51
52
53
54
118
119
120
122
124
141
148
157
158
159
160
161
162
163
164
165
166
167
168
169
171
172
50
51
52
53
54
118
119
120
122
124
141
148
157
158
159
160
161
162
163
164
165
166
167
168
169
171
172
50
51
52
53
54
118
119
120
122
124
141
148
157
158
159
160
161
162
163
164
165
166
167
168
169
171
172
50
51
52
53
54
118
119
120
122
124
141
148
157
158
159
160
161
162
163
164
165
166
167
168
169
171
172
50
51
52
53
54
118
119
120
122
124
141
148
157
158
159
160
161
162
163
164
165
166
167
168
169
171
172
50
51
52
53
54
118
119
120
122
124
141
148
157
158
159
160
161
162
163
164
165
166
167
168
169
171
172
50
51
52
53
54
118
119
120
122
124
141
148
157
158
159
160
161
162
163
164
165
166
167
168
169
171
172
50
51
52
53
54
118
119
120
122
124
141
148
157
158
159
160
161
162
163
164
165
166
167
168
169
171
172
50
51
52
53
54
118
119
120
122
124
141
148
157
158
159
160
161
162
163
164
165
166
167
168
169
171
172
50
51
52
53
54
118
119
120
122
124
141
148
157
158
159
160
161
162
163
164
165
166
167
168
169
171
172
