parser.c:1011	0.000000	0.000000	0.000000	0.000000	-0.009709	0.000000	0.000000	-1.000000	21.099751	1.000000	0.000000	0.000000
parser.c:1019	0.000000	0.000000	0.000000	0.000000	-0.009709	0.000000	0.000000	-1.000000	21.099751	1.000000	0.000000	0.000000
parser.c:1029	0.000000	0.000000	0.000000	0.000000	-0.009709	0.000000	0.000000	-1.000000	21.099751	1.000000	0.000000	0.000000
parser.c:1075	0.000000	0.000000	0.000000	0.000000	-0.300971	0.000000	0.000000	-1.000000	22.420064	2.359611	0.000000	0.000000
parser.c:1077	0.000000	0.000000	0.000000	0.000000	-0.300971	0.000000	0.000000	-1.000000	22.420064	2.359611	0.000000	0.000000
parser.c:1080	0.000000	0.000000	0.000000	0.000000	-0.038835	0.000000	0.000000	-1.000000	21.798990	1.414214	0.000000	0.000000
parser.c:1084	0.000000	0.000000	0.000000	0.000000	-0.262136	0.000000	0.000000	-1.000000	22.516660	2.279507	0.000000	0.000000
parser.c:1089	0.000000	0.000000	0.000000	0.000000	-0.009709	0.000000	0.000000	-1.000000	21.099751	1.000000	0.000000	0.000000
parser.c:1092	0.000000	0.000000	0.000000	0.000000	-0.009709	0.000000	0.000000	-1.000000	21.099751	1.000000	0.000000	0.000000
parser.c:1094	0.000000	0.000000	0.000000	0.000000	-0.009709	0.000000	0.000000	-1.000000	21.099751	1.000000	0.000000	0.000000
parser.c:1095	0.000000	0.000000	0.000000	0.000000	-0.009709	0.000000	0.000000	-1.000000	21.099751	1.000000	0.000000	0.000000
parser.c:1099	0.000000	0.000000	0.000000	0.000000	-0.009709	0.000000	0.000000	-1.000000	21.099751	1.000000	0.000000	0.000000
parser.c:1100	0.000000	0.000000	0.000000	0.000000	-0.009709	0.000000	0.000000	-1.000000	21.099751	1.000000	0.000000	0.000000
parser.c:1113	0.000000	0.000000	0.000000	0.000000	-0.203883	0.000000	0.000000	-1.000000	22.582576	2.140695	0.000000	0.000000
parser.c:1116	0.000000	0.000000	0.000000	0.000000	-0.203883	0.000000	0.000000	-1.000000	22.582576	2.140695	0.000000	0.000000
parser.c:1118	0.000000	0.000000	0.000000	0.000000	-0.203883	0.000000	0.000000	-1.000000	22.582576	2.140695	0.000000	0.000000
parser.c:1119	0.000000	0.000000	0.000000	0.000000	-0.203883	0.000000	0.000000	-1.000000	22.582576	2.140695	0.000000	0.000000
parser.c:1120	0.000000	0.000000	0.000000	0.000000	-0.203883	0.000000	0.000000	-1.000000	22.582576	2.140695	0.000000	0.000000
parser.c:1125	0.000000	0.000000	0.000000	0.000000	-0.203883	0.000000	0.000000	-1.000000	22.582576	2.140695	0.000000	0.000000
parser.c:1127	0.000000	0.000000	0.000000	0.000000	-0.203883	0.000000	0.000000	-1.000000	22.582576	2.140695	0.000000	0.000000
parser.c:1132	0.000000	0.000000	0.000000	0.000000	-0.174757	0.000000	0.000000	-1.000000	22.572943	2.059767	0.000000	0.000000
parser.c:1134	0.000000	0.000000	0.000000	0.000000	-0.174757	0.000000	0.000000	-1.000000	22.572943	2.059767	0.000000	0.000000
parser.c:1141	0.000000	0.000000	0.000000	0.000000	-0.174757	0.000000	0.000000	-1.000000	22.572943	2.059767	0.000000	0.000000
parser.c:1147	0.000000	0.000000	0.000000	0.000000	-0.009709	0.000000	0.000000	-1.000000	21.099751	1.000000	0.000000	0.000000
parser.c:1150	0.000000	0.000000	0.000000	0.000000	-0.009709	0.000000	0.000000	-1.000000	21.099751	1.000000	0.000000	0.000000
parser.c:1151	0.000000	0.000000	0.000000	0.000000	-0.009709	0.000000	0.000000	-1.000000	21.099751	1.000000	0.000000	0.000000
parser.c:1153	0.000000	0.000000	0.000000	0.000000	-0.009709	0.000000	0.000000	-1.000000	21.099751	1.000000	0.000000	0.000000
parser.c:1155	0.000000	0.000000	0.000000	0.000000	-0.009709	0.000000	0.000000	-1.000000	21.099751	1.000000	0.000000	0.000000
parser.c:1156	0.000000	0.000000	0.000000	0.000000	-0.009709	0.000000	0.000000	-1.000000	21.099751	1.000000	0.000000	0.000000
parser.c:1157	0.000000	0.000000	0.000000	0.000000	-0.009709	0.000000	0.000000	-1.000000	21.099751	1.000000	0.000000	0.000000
parser.c:1158	0.000000	0.000000	0.000000	0.000000	-0.009709	0.000000	0.000000	-1.000000	21.099751	1.000000	0.000000	0.000000
parser.c:1159	0.000000	0.000000	0.000000	0.000000	-0.009709	0.000000	0.000000	-1.000000	21.099751	1.000000	0.000000	0.000000
parser.c:1166	0.000000	0.000000	0.000000	0.000000	-0.009709	0.000000	0.000000	-1.000000	21.099751	1.000000	0.000000	0.000000
parser.c:1168	0.000000	0.000000	0.000000	0.000000	-0.009709	0.000000	0.000000	-1.000000	21.099751	1.000000	0.000000	0.000000
parser.c:1169	0.000000	0.000000	0.000000	0.000000	-0.009709	0.000000	0.000000	-1.000000	21.099751	1.000000	0.000000	0.000000
parser.c:1174	0.000000	0.000000	0.000000	0.000000	-0.009709	0.000000	0.000000	-1.000000	21.099751	1.000000	0.000000	0.000000
parser.c:1175	0.000000	0.000000	0.000000	0.000000	-0.009709	0.000000	0.000000	-1.000000	21.099751	1.000000	0.000000	0.000000
parser.c:1189	0.000000	0.000000	0.000000	0.000000	-0.009709	0.000000	0.000000	-1.000000	21.099751	1.000000	0.000000	0.000000
parser.c:1191	0.000000	0.000000	0.000000	0.000000	-0.009709	0.000000	0.000000	-1.000000	21.099751	1.000000	0.000000	0.000000
parser.c:1194	0.000000	0.000000	0.000000	0.000000	-0.009709	0.000000	0.000000	-1.000000	21.099751	1.000000	0.000000	0.000000
parser.c:1198	0.000000	0.000000	0.000000	0.000000	-0.019417	0.000000	0.000000	-1.000000	21.414214	1.189207	0.000000	0.000000
parser.c:1202	0.000000	0.000000	0.000000	0.000000	-0.019417	0.000000	0.000000	-1.000000	21.414214	1.189207	0.000000	0.000000
parser.c:1203	0.000000	0.000000	0.000000	0.000000	-0.019417	0.000000	0.000000	-1.000000	21.414214	1.189207	0.000000	0.000000
parser.c:1205	0.000000	0.000000	0.000000	0.000000	-0.019417	0.000000	0.000000	-1.000000	21.414214	1.189207	0.000000	0.000000
parser.c:1206	0.000000	0.000000	0.000000	0.000000	-0.019417	0.000000	0.000000	-1.000000	21.414214	1.189207	0.000000	0.000000
parser.c:1207	0.000000	0.000000	0.000000	0.000000	-0.019417	0.000000	0.000000	-1.000000	21.414214	1.189207	0.000000	0.000000
parser.c:1208	0.000000	0.000000	0.000000	0.000000	-0.019417	0.000000	0.000000	-1.000000	21.414214	1.189207	0.000000	0.000000
parser.c:1209	0.000000	0.000000	0.000000	0.000000	-0.019417	0.000000	0.000000	-1.000000	21.414214	1.189207	0.000000	0.000000
parser.c:1215	0.000000	0.000000	0.000000	0.000000	-0.009709	0.000000	0.000000	-1.000000	21.099751	1.000000	0.000000	0.000000
parser.c:1217	0.000000	0.000000	0.000000	0.000000	-0.009709	0.000000	0.000000	-1.000000	21.099751	1.000000	0.000000	0.000000
parser.c:1221	0.000000	0.000000	0.000000	0.000000	-0.009709	0.000000	0.000000	-1.000000	21.099751	1.000000	0.000000	0.000000
parser.c:1223	0.000000	0.000000	0.000000	0.000000	-0.009709	0.000000	0.000000	-1.000000	21.099751	1.000000	0.000000	0.000000
parser.c:1224	0.000000	0.000000	0.000000	0.000000	-0.009709	0.000000	0.000000	-1.000000	21.099751	1.000000	0.000000	0.000000
parser.c:1226	0.000000	0.000000	0.000000	0.000000	-0.009709	0.000000	0.000000	-1.000000	21.099751	1.000000	0.000000	0.000000
parser.c:1228	0.000000	0.000000	0.000000	0.000000	-0.009709	0.000000	0.000000	-1.000000	21.099751	1.000000	0.000000	0.000000
parser.c:1231	0.000000	0.000000	0.000000	0.000000	-0.009709	0.000000	0.000000	-1.000000	21.099751	1.000000	0.000000	0.000000
parser.c:1232	0.000000	0.000000	0.000000	0.000000	-0.009709	0.000000	0.000000	-1.000000	21.099751	1.000000	0.000000	0.000000
parser.c:1241	0.000000	0.000000	0.000000	0.000000	-0.009709	0.000000	0.000000	-1.000000	21.099751	1.000000	0.000000	0.000000
parser.c:1244	0.000000	0.000000	0.000000	0.000000	-0.009709	0.000000	0.000000	-1.000000	21.099751	1.000000	0.000000	0.000000
parser.c:1245	0.000000	0.000000	0.000000	0.000000	-0.009709	0.000000	0.000000	-1.000000	21.099751	1.000000	0.000000	0.000000
parser.c:1247	0.000000	0.000000	0.000000	0.000000	-0.009709	0.000000	0.000000	-1.000000	21.099751	1.000000	0.000000	0.000000
parser.c:1248	0.000000	0.000000	0.000000	0.000000	-0.009709	0.000000	0.000000	-1.000000	21.099751	1.000000	0.000000	0.000000
parser.c:1249	0.000000	0.000000	0.000000	0.000000	-0.009709	0.000000	0.000000	-1.000000	21.099751	1.000000	0.000000	0.000000
parser.c:1250	0.000000	0.000000	0.000000	0.000000	-0.009709	0.000000	0.000000	-1.000000	21.099751	1.000000	0.000000	0.000000
parser.c:1264	0.000000	0.000000	0.000000	0.000000	-0.116505	0.000000	0.000000	-1.000000	22.437768	1.861210	0.000000	0.000000
parser.c:1269	0.000000	0.000000	0.000000	0.000000	-0.116505	0.000000	0.000000	-1.000000	22.437768	1.861210	0.000000	0.000000
parser.c:1270	0.000000	0.000000	0.000000	0.000000	-0.116505	0.000000	0.000000	-1.000000	22.437768	1.861210	0.000000	0.000000
parser.c:1272	0.000000	0.000000	0.000000	0.000000	-0.116505	0.000000	0.000000	-1.000000	22.437768	1.861210	0.000000	0.000000
parser.c:1273	0.000000	0.000000	0.000000	0.000000	-0.116505	0.000000	0.000000	-1.000000	22.437768	1.861210	0.000000	0.000000
parser.c:1275	0.000000	0.000000	0.000000	0.000000	-0.106796	0.000000	0.000000	-1.000000	22.395409	1.821160	0.000000	0.000000
parser.c:1276	0.000000	0.000000	0.000000	0.000000	-0.106796	0.000000	0.000000	-1.000000	22.395409	1.821160	0.000000	0.000000
parser.c:1278	0.000000	0.000000	0.000000	0.000000	-0.106796	0.000000	0.000000	-1.000000	22.395409	1.821160	0.000000	0.000000
parser.c:1281	0.000000	0.000000	0.000000	0.000000	-0.009709	0.000000	0.000000	-1.000000	21.099751	1.000000	0.000000	0.000000
parser.c:1292	0.000000	0.000000	0.000000	0.000000	-0.077670	0.000000	0.000000	-1.000000	22.219147	1.681793	0.000000	0.000000
parser.c:1294	0.000000	0.000000	0.000000	0.000000	-0.077670	0.000000	0.000000	-1.000000	22.219147	1.681793	0.000000	0.000000
parser.c:1298	0.000000	0.000000	0.000000	0.000000	-0.067961	0.000000	0.000000	-1.000000	22.139340	1.626577	0.000000	0.000000
parser.c:1300	0.000000	0.000000	0.000000	0.000000	-0.067961	0.000000	0.000000	-1.000000	22.139340	1.626577	0.000000	0.000000
parser.c:1346	0.000000	0.000000	0.000000	0.000000	-0.174757	0.000000	0.000000	-1.000000	22.572943	2.059767	0.000000	0.000000
parser.c:1349	0.000000	0.000000	0.000000	0.000000	-0.174757	0.000000	0.000000	-1.000000	22.572943	2.059767	0.000000	0.000000
parser.c:1351	0.000000	0.000000	0.000000	0.000000	-0.165049	0.000000	0.000000	-1.000000	22.562195	2.030543	0.000000	0.000000
parser.c:1352	0.000000	0.000000	0.000000	0.000000	-0.165049	0.000000	0.000000	-1.000000	22.562195	2.030543	0.000000	0.000000
parser.c:1354	0.000000	0.000000	0.000000	0.000000	-0.165049	0.000000	0.000000	-1.000000	22.562195	2.030543	0.000000	0.000000
parser.c:1355	0.000000	0.000000	0.000000	0.000000	-0.165049	0.000000	0.000000	-1.000000	22.562195	2.030543	0.000000	0.000000
parser.c:1356	0.000000	0.000000	0.000000	0.000000	-0.165049	0.000000	0.000000	-1.000000	22.562195	2.030543	0.000000	0.000000
parser.c:1357	0.000000	0.000000	0.000000	0.000000	-0.165049	0.000000	0.000000	-1.000000	22.562195	2.030543	0.000000	0.000000
parser.c:1358	0.000000	0.000000	0.000000	0.000000	-0.165049	0.000000	0.000000	-1.000000	22.562195	2.030543	0.000000	0.000000
parser.c:1361	0.000000	0.000000	0.000000	0.000000	-0.009709	0.000000	0.000000	-1.000000	21.099751	1.000000	0.000000	0.000000
parser.c:1365	0.000000	0.000000	0.000000	0.000000	-0.048544	0.000000	0.000000	-1.000000	21.933784	1.495349	0.000000	0.000000
parser.c:1372	0.000000	0.000000	0.000000	0.000000	-0.048544	0.000000	0.000000	-1.000000	21.933784	1.495349	0.000000	0.000000
parser.c:1373	0.000000	0.000000	0.000000	0.000000	-0.048544	0.000000	0.000000	-1.000000	21.933784	1.495349	0.000000	0.000000
parser.c:1374	0.000000	0.000000	0.000000	0.000000	-0.048544	0.000000	0.000000	-1.000000	21.933784	1.495349	0.000000	0.000000
parser.c:1375	0.000000	0.000000	0.000000	0.000000	-0.048544	0.000000	0.000000	-1.000000	21.933784	1.495349	0.000000	0.000000
parser.c:1376	0.000000	0.000000	0.000000	0.000000	-0.048544	0.000000	0.000000	-1.000000	21.933784	1.495349	0.000000	0.000000
parser.c:1377	0.000000	0.000000	0.000000	0.000000	-0.048544	0.000000	0.000000	-1.000000	21.933784	1.495349	0.000000	0.000000
parser.c:1628	0.500000	0.098533	0.009709	1.000000	0.009709	0.009709	1.000000	0.000000	12.099505	3.016539	1.004878	10.049876
parser.c:1635	0.500000	0.098533	0.009709	1.000000	0.009709	0.009709	1.000000	0.000000	12.099505	3.016539	1.004878	10.049876
parser.c:1636	0.500000	0.098533	0.009709	1.000000	0.009709	0.009709	1.000000	0.000000	12.099505	3.016539	1.004878	10.049876
parser.c:1637	0.500000	0.098533	0.009709	1.000000	0.009709	0.009709	1.000000	0.000000	12.099505	3.016539	1.004878	10.049876
parser.c:1638	0.500000	0.098533	0.009709	1.000000	0.009709	0.009709	1.000000	0.000000	12.099505	3.016539	1.004878	10.049876
parser.c:1639	0.500000	0.098533	0.009709	1.000000	0.009709	0.009709	1.000000	0.000000	12.099505	3.016539	1.004878	10.049876
parser.c:1640	0.500000	0.098533	0.009709	1.000000	0.009709	0.009709	1.000000	0.000000	12.099505	3.016539	1.004878	10.049876
parser.c:1644	0.000000	0.000000	0.000000	0.000000	-0.067961	0.000000	0.000000	-1.000000	22.139340	1.626577	0.000000	0.000000
parser.c:1651	0.000000	0.000000	0.000000	0.000000	-0.067961	0.000000	0.000000	-1.000000	22.139340	1.626577	0.000000	0.000000
parser.c:1652	0.000000	0.000000	0.000000	0.000000	-0.067961	0.000000	0.000000	-1.000000	22.139340	1.626577	0.000000	0.000000
parser.c:1653	0.000000	0.000000	0.000000	0.000000	-0.067961	0.000000	0.000000	-1.000000	22.139340	1.626577	0.000000	0.000000
parser.c:1654	0.000000	0.000000	0.000000	0.000000	-0.067961	0.000000	0.000000	-1.000000	22.139340	1.626577	0.000000	0.000000
parser.c:1655	0.000000	0.000000	0.000000	0.000000	-0.067961	0.000000	0.000000	-1.000000	22.139340	1.626577	0.000000	0.000000
parser.c:1656	0.000000	0.000000	0.000000	0.000000	-0.067961	0.000000	0.000000	-1.000000	22.139340	1.626577	0.000000	0.000000
parser.c:1668	0.000000	0.000000	0.000000	0.000000	-0.038835	0.000000	0.000000	-1.000000	21.798990	1.414214	0.000000	0.000000
parser.c:1670	0.000000	0.000000	0.000000	0.000000	-0.038835	0.000000	0.000000	-1.000000	21.798990	1.414214	0.000000	0.000000
parser.c:1674	0.000000	0.000000	0.000000	0.000000	-0.048544	0.000000	0.000000	-1.000000	21.933784	1.495349	0.000000	0.000000
parser.c:1677	0.000000	0.000000	0.000000	0.000000	-0.048544	0.000000	0.000000	-1.000000	21.933784	1.495349	0.000000	0.000000
parser.c:1679	0.000000	0.000000	0.000000	0.000000	-0.048544	0.000000	0.000000	-1.000000	21.933784	1.495349	0.000000	0.000000
parser.c:1680	0.000000	0.000000	0.000000	0.000000	-0.048544	0.000000	0.000000	-1.000000	21.933784	1.495349	0.000000	0.000000
parser.c:1681	0.000000	0.000000	0.000000	0.000000	-0.048544	0.000000	0.000000	-1.000000	21.933784	1.495349	0.000000	0.000000
parser.c:1682	0.000000	0.000000	0.000000	0.000000	-0.048544	0.000000	0.000000	-1.000000	21.933784	1.495349	0.000000	0.000000
parser.c:1683	0.000000	0.000000	0.000000	0.000000	-0.048544	0.000000	0.000000	-1.000000	21.933784	1.495349	0.000000	0.000000
parser.c:1689	0.000000	0.000000	0.000000	0.000000	-0.048544	0.000000	0.000000	-1.000000	21.933784	1.495349	0.000000	0.000000
parser.c:1693	0.000000	0.000000	0.000000	0.000000	-0.048544	0.000000	0.000000	-1.000000	21.933784	1.495349	0.000000	0.000000
parser.c:1694	0.000000	0.000000	0.000000	0.000000	-0.048544	0.000000	0.000000	-1.000000	21.933784	1.495349	0.000000	0.000000
parser.c:1695	0.000000	0.000000	0.000000	0.000000	-0.048544	0.000000	0.000000	-1.000000	21.933784	1.495349	0.000000	0.000000
parser.c:1696	0.000000	0.000000	0.000000	0.000000	-0.048544	0.000000	0.000000	-1.000000	21.933784	1.495349	0.000000	0.000000
parser.c:1700	0.000000	0.000000	0.000000	0.000000	-0.048544	0.000000	0.000000	-1.000000	21.933784	1.495349	0.000000	0.000000
parser.c:1703	0.000000	0.000000	0.000000	0.000000	-0.048544	0.000000	0.000000	-1.000000	21.933784	1.495349	0.000000	0.000000
parser.c:1706	0.000000	0.000000	0.000000	0.000000	-0.029126	0.000000	0.000000	-1.000000	21.631800	1.316074	0.000000	0.000000
parser.c:1707	0.000000	0.000000	0.000000	0.000000	-0.029126	0.000000	0.000000	-1.000000	21.631800	1.316074	0.000000	0.000000
parser.c:1708	0.000000	0.000000	0.000000	0.000000	-0.029126	0.000000	0.000000	-1.000000	21.631800	1.316074	0.000000	0.000000
parser.c:1709	0.000000	0.000000	0.000000	0.000000	-0.029126	0.000000	0.000000	-1.000000	21.631800	1.316074	0.000000	0.000000
parser.c:1710	0.000000	0.000000	0.000000	0.000000	-0.029126	0.000000	0.000000	-1.000000	21.631800	1.316074	0.000000	0.000000
parser.c:1738	0.000000	0.000000	0.000000	0.000000	-0.019417	0.000000	0.000000	-1.000000	21.414214	1.189207	0.000000	0.000000
parser.c:1739	0.000000	0.000000	0.000000	0.000000	-0.019417	0.000000	0.000000	-1.000000	21.414214	1.189207	0.000000	0.000000
parser.c:1740	0.000000	0.000000	0.000000	0.000000	-0.019417	0.000000	0.000000	-1.000000	21.414214	1.189207	0.000000	0.000000
parser.c:1741	0.000000	0.000000	0.000000	0.000000	-0.019417	0.000000	0.000000	-1.000000	21.414214	1.189207	0.000000	0.000000
parser.c:1742	0.000000	0.000000	0.000000	0.000000	-0.019417	0.000000	0.000000	-1.000000	21.414214	1.189207	0.000000	0.000000
parser.c:1748	0.000000	0.000000	0.000000	0.000000	-0.009709	0.000000	0.000000	-1.000000	21.099751	1.000000	0.000000	0.000000
parser.c:1749	0.000000	0.000000	0.000000	0.000000	-0.009709	0.000000	0.000000	-1.000000	21.099751	1.000000	0.000000	0.000000
parser.c:1750	0.000000	0.000000	0.000000	0.000000	-0.009709	0.000000	0.000000	-1.000000	21.099751	1.000000	0.000000	0.000000
parser.c:1751	0.000000	0.000000	0.000000	0.000000	-0.009709	0.000000	0.000000	-1.000000	21.099751	1.000000	0.000000	0.000000
parser.c:1752	0.000000	0.000000	0.000000	0.000000	-0.009709	0.000000	0.000000	-1.000000	21.099751	1.000000	0.000000	0.000000
parser.c:1755	0.000000	0.000000	0.000000	0.000000	-0.048544	0.000000	0.000000	-1.000000	21.933784	1.495349	0.000000	0.000000
parser.c:1757	0.000000	0.000000	0.000000	0.000000	-0.048544	0.000000	0.000000	-1.000000	21.933784	1.495349	0.000000	0.000000
parser.c:1758	0.000000	0.000000	0.000000	0.000000	-0.048544	0.000000	0.000000	-1.000000	21.933784	1.495349	0.000000	0.000000
parser.c:1762	0.000000	0.000000	0.000000	0.000000	-0.048544	0.000000	0.000000	-1.000000	21.933784	1.495349	0.000000	0.000000
parser.c:1763	0.000000	0.000000	0.000000	0.000000	-0.048544	0.000000	0.000000	-1.000000	21.933784	1.495349	0.000000	0.000000
parser.c:1764	0.000000	0.000000	0.000000	0.000000	-0.048544	0.000000	0.000000	-1.000000	21.933784	1.495349	0.000000	0.000000
parser.c:1766	0.000000	0.000000	0.000000	0.000000	-0.048544	0.000000	0.000000	-1.000000	21.933784	1.495349	0.000000	0.000000
parser.c:1777	0.000000	0.000000	0.000000	0.000000	-0.009709	0.000000	0.000000	-1.000000	21.099751	1.000000	0.000000	0.000000
parser.c:1784	0.000000	0.000000	0.000000	0.000000	-0.009709	0.000000	0.000000	-1.000000	21.099751	1.000000	0.000000	0.000000
parser.c:1785	0.000000	0.000000	0.000000	0.000000	-0.009709	0.000000	0.000000	-1.000000	21.099751	1.000000	0.000000	0.000000
parser.c:1791	0.000000	0.000000	0.000000	0.000000	-0.009709	0.000000	0.000000	-1.000000	21.099751	1.000000	0.000000	0.000000
parser.c:1794	0.000000	0.000000	0.000000	0.000000	-0.048544	0.000000	0.000000	-1.000000	21.933784	1.495349	0.000000	0.000000
parser.c:1795	0.000000	0.000000	0.000000	0.000000	-0.048544	0.000000	0.000000	-1.000000	21.933784	1.495349	0.000000	0.000000
parser.c:1796	0.000000	0.000000	0.000000	0.000000	-0.048544	0.000000	0.000000	-1.000000	21.933784	1.495349	0.000000	0.000000
parser.c:1798	0.000000	0.000000	0.000000	0.000000	-0.048544	0.000000	0.000000	-1.000000	21.933784	1.495349	0.000000	0.000000
parser.c:1816	0.000000	0.000000	0.000000	0.000000	-0.048544	0.000000	0.000000	-1.000000	21.933784	1.495349	0.000000	0.000000
parser.c:1817	0.000000	0.000000	0.000000	0.000000	-0.048544	0.000000	0.000000	-1.000000	21.933784	1.495349	0.000000	0.000000
parser.c:1821	0.637500	0.130189	0.016949	1.000000	0.436893	0.009709	1.000000	44.000000	22.882272	2.572115	1.008547	3.605551
parser.c:1828	0.637500	0.130189	0.016949	1.000000	0.436893	0.009709	1.000000	44.000000	22.882272	2.572115	1.008547	3.605551
parser.c:1832	0.637500	0.130189	0.016949	1.000000	0.436893	0.009709	1.000000	44.000000	22.882272	2.572115	1.008547	3.605551
parser.c:1833	0.637500	0.130189	0.016949	1.000000	0.436893	0.009709	1.000000	44.000000	22.882272	2.572115	1.008547	3.605551
parser.c:1834	0.637500	0.130189	0.016949	1.000000	0.436893	0.009709	1.000000	44.000000	22.882272	2.572115	1.008547	3.605551
parser.c:1835	0.637500	0.130189	0.016949	1.000000	0.436893	0.009709	1.000000	44.000000	22.882272	2.572115	1.008547	3.605551
parser.c:1839	0.000000	0.000000	0.000000	0.000000	-0.009709	0.000000	0.000000	-1.000000	21.099751	1.000000	0.000000	0.000000
parser.c:1841	0.000000	0.000000	0.000000	0.000000	-0.009709	0.000000	0.000000	-1.000000	21.099751	1.000000	0.000000	0.000000
parser.c:1845	0.000000	0.000000	0.000000	0.000000	-0.165049	0.000000	0.000000	-1.000000	22.562195	2.030543	0.000000	0.000000
parser.c:1848	0.000000	0.000000	0.000000	0.000000	-0.165049	0.000000	0.000000	-1.000000	22.562195	2.030543	0.000000	0.000000
parser.c:1851	0.000000	0.000000	0.000000	0.000000	-0.165049	0.000000	0.000000	-1.000000	22.562195	2.030543	0.000000	0.000000
parser.c:1852	0.000000	0.000000	0.000000	0.000000	-0.165049	0.000000	0.000000	-1.000000	22.562195	2.030543	0.000000	0.000000
parser.c:1874	0.000000	0.000000	0.000000	0.000000	-0.048544	0.000000	0.000000	-1.000000	21.933784	1.495349	0.000000	0.000000
parser.c:1881	0.000000	0.000000	0.000000	0.000000	-0.048544	0.000000	0.000000	-1.000000	21.933784	1.495349	0.000000	0.000000
parser.c:1882	0.000000	0.000000	0.000000	0.000000	-0.048544	0.000000	0.000000	-1.000000	21.933784	1.495349	0.000000	0.000000
parser.c:1885	0.000000	0.000000	0.000000	0.000000	-0.048544	0.000000	0.000000	-1.000000	21.933784	1.495349	0.000000	0.000000
parser.c:1886	0.000000	0.000000	0.000000	0.000000	-0.048544	0.000000	0.000000	-1.000000	21.933784	1.495349	0.000000	0.000000
parser.c:1887	0.000000	0.000000	0.000000	0.000000	-0.048544	0.000000	0.000000	-1.000000	21.933784	1.495349	0.000000	0.000000
parser.c:1891	0.000000	0.000000	0.000000	0.000000	-0.058252	0.000000	0.000000	-1.000000	22.045408	1.565085	0.000000	0.000000
parser.c:1893	0.000000	0.000000	0.000000	0.000000	-0.058252	0.000000	0.000000	-1.000000	22.045408	1.565085	0.000000	0.000000
parser.c:1896	0.000000	0.000000	0.000000	0.000000	-0.058252	0.000000	0.000000	-1.000000	22.045408	1.565085	0.000000	0.000000
parser.c:1897	0.000000	0.000000	0.000000	0.000000	-0.058252	0.000000	0.000000	-1.000000	22.045408	1.565085	0.000000	0.000000
parser.c:1898	0.000000	0.000000	0.000000	0.000000	-0.058252	0.000000	0.000000	-1.000000	22.045408	1.565085	0.000000	0.000000
parser.c:1899	0.000000	0.000000	0.000000	0.000000	-0.058252	0.000000	0.000000	-1.000000	22.045408	1.565085	0.000000	0.000000
parser.c:1900	0.000000	0.000000	0.000000	0.000000	-0.058252	0.000000	0.000000	-1.000000	22.045408	1.565085	0.000000	0.000000
parser.c:1905	0.000000	0.000000	0.000000	0.000000	-0.009709	0.000000	0.000000	-1.000000	21.099751	1.000000	0.000000	0.000000
parser.c:1908	0.000000	0.000000	0.000000	0.000000	-0.009709	0.000000	0.000000	-1.000000	21.099751	1.000000	0.000000	0.000000
parser.c:1911	0.000000	0.000000	0.000000	0.000000	-0.009709	0.000000	0.000000	-1.000000	21.099751	1.000000	0.000000	0.000000
parser.c:1912	0.000000	0.000000	0.000000	0.000000	-0.009709	0.000000	0.000000	-1.000000	21.099751	1.000000	0.000000	0.000000
parser.c:1919	0.000000	0.000000	0.000000	0.000000	-0.029126	0.000000	0.000000	-1.000000	21.631800	1.316074	0.000000	0.000000
parser.c:1921	0.000000	0.000000	0.000000	0.000000	-0.029126	0.000000	0.000000	-1.000000	21.631800	1.316074	0.000000	0.000000
parser.c:1925	0.000000	0.000000	0.000000	0.000000	-0.038835	0.000000	0.000000	-1.000000	21.798990	1.414214	0.000000	0.000000
parser.c:1928	0.000000	0.000000	0.000000	0.000000	-0.038835	0.000000	0.000000	-1.000000	21.798990	1.414214	0.000000	0.000000
parser.c:1932	0.000000	0.000000	0.000000	0.000000	-0.038835	0.000000	0.000000	-1.000000	21.798990	1.414214	0.000000	0.000000
parser.c:1933	0.000000	0.000000	0.000000	0.000000	-0.038835	0.000000	0.000000	-1.000000	21.798990	1.414214	0.000000	0.000000
parser.c:1934	0.000000	0.000000	0.000000	0.000000	-0.038835	0.000000	0.000000	-1.000000	21.798990	1.414214	0.000000	0.000000
parser.c:1936	0.000000	0.000000	0.000000	0.000000	-0.038835	0.000000	0.000000	-1.000000	21.798990	1.414214	0.000000	0.000000
parser.c:1937	0.000000	0.000000	0.000000	0.000000	-0.038835	0.000000	0.000000	-1.000000	21.798990	1.414214	0.000000	0.000000
parser.c:1938	0.000000	0.000000	0.000000	0.000000	-0.038835	0.000000	0.000000	-1.000000	21.798990	1.414214	0.000000	0.000000
parser.c:1939	0.000000	0.000000	0.000000	0.000000	-0.038835	0.000000	0.000000	-1.000000	21.798990	1.414214	0.000000	0.000000
parser.c:1941	0.000000	0.000000	0.000000	0.000000	-0.038835	0.000000	0.000000	-1.000000	21.798990	1.414214	0.000000	0.000000
parser.c:1942	0.000000	0.000000	0.000000	0.000000	-0.038835	0.000000	0.000000	-1.000000	21.798990	1.414214	0.000000	0.000000
parser.c:1943	0.000000	0.000000	0.000000	0.000000	-0.038835	0.000000	0.000000	-1.000000	21.798990	1.414214	0.000000	0.000000
parser.c:1945	0.000000	0.000000	0.000000	0.000000	-0.038835	0.000000	0.000000	-1.000000	21.798990	1.414214	0.000000	0.000000
parser.c:1946	0.000000	0.000000	0.000000	0.000000	-0.038835	0.000000	0.000000	-1.000000	21.798990	1.414214	0.000000	0.000000
parser.c:1948	0.000000	0.000000	0.000000	0.000000	-0.038835	0.000000	0.000000	-1.000000	21.798990	1.414214	0.000000	0.000000
parser.c:1949	0.000000	0.000000	0.000000	0.000000	-0.038835	0.000000	0.000000	-1.000000	21.798990	1.414214	0.000000	0.000000
parser.c:1955	0.000000	0.000000	0.000000	0.000000	-0.048544	0.000000	0.000000	-1.000000	21.933784	1.495349	0.000000	0.000000
parser.c:1962	0.000000	0.000000	0.000000	0.000000	-0.048544	0.000000	0.000000	-1.000000	21.933784	1.495349	0.000000	0.000000
parser.c:1968	0.000000	0.000000	0.000000	0.000000	-0.048544	0.000000	0.000000	-1.000000	21.933784	1.495349	0.000000	0.000000
parser.c:1969	0.000000	0.000000	0.000000	0.000000	-0.019417	0.000000	0.000000	-1.000000	21.414214	1.189207	0.000000	0.000000
parser.c:1971	0.000000	0.000000	0.000000	0.000000	-0.038835	0.000000	0.000000	-1.000000	21.798990	1.414214	0.000000	0.000000
parser.c:1972	0.000000	0.000000	0.000000	0.000000	-0.038835	0.000000	0.000000	-1.000000	21.798990	1.414214	0.000000	0.000000
parser.c:1975	0.000000	0.000000	0.000000	0.000000	-0.038835	0.000000	0.000000	-1.000000	21.798990	1.414214	0.000000	0.000000
parser.c:1976	0.000000	0.000000	0.000000	0.000000	-0.038835	0.000000	0.000000	-1.000000	21.798990	1.414214	0.000000	0.000000
parser.c:1979	0.000000	0.000000	0.000000	0.000000	-0.009709	0.000000	0.000000	-1.000000	21.099751	1.000000	0.000000	0.000000
parser.c:1980	0.000000	0.000000	0.000000	0.000000	-0.009709	0.000000	0.000000	-1.000000	21.099751	1.000000	0.000000	0.000000
parser.c:1981	0.000000	0.000000	0.000000	0.000000	-0.009709	0.000000	0.000000	-1.000000	21.099751	1.000000	0.000000	0.000000
parser.c:1984	0.000000	0.000000	0.000000	0.000000	-0.029126	0.000000	0.000000	-1.000000	21.631800	1.316074	0.000000	0.000000
parser.c:1985	0.000000	0.000000	0.000000	0.000000	-0.029126	0.000000	0.000000	-1.000000	21.631800	1.316074	0.000000	0.000000
parser.c:1986	0.000000	0.000000	0.000000	0.000000	-0.029126	0.000000	0.000000	-1.000000	21.631800	1.316074	0.000000	0.000000
parser.c:1989	0.000000	0.000000	0.000000	0.000000	-0.009709	0.000000	0.000000	-1.000000	21.099751	1.000000	0.000000	0.000000
parser.c:1990	0.000000	0.000000	0.000000	0.000000	-0.009709	0.000000	0.000000	-1.000000	21.099751	1.000000	0.000000	0.000000
parser.c:1991	0.000000	0.000000	0.000000	0.000000	-0.009709	0.000000	0.000000	-1.000000	21.099751	1.000000	0.000000	0.000000
parser.c:1999	0.000000	0.000000	0.000000	0.000000	-0.009709	0.000000	0.000000	-1.000000	21.099751	1.000000	0.000000	0.000000
parser.c:2000	0.000000	0.000000	0.000000	0.000000	-0.009709	0.000000	0.000000	-1.000000	21.099751	1.000000	0.000000	0.000000
parser.c:2001	0.000000	0.000000	0.000000	0.000000	-0.009709	0.000000	0.000000	-1.000000	21.099751	1.000000	0.000000	0.000000
parser.c:2004	0.000000	0.000000	0.000000	0.000000	-0.009709	0.000000	0.000000	-1.000000	21.099751	1.000000	0.000000	0.000000
parser.c:2005	0.000000	0.000000	0.000000	0.000000	-0.009709	0.000000	0.000000	-1.000000	21.099751	1.000000	0.000000	0.000000
parser.c:2006	0.000000	0.000000	0.000000	0.000000	-0.009709	0.000000	0.000000	-1.000000	21.099751	1.000000	0.000000	0.000000
parser.c:2018	0.000000	0.000000	0.000000	0.000000	-0.019417	0.000000	0.000000	-1.000000	21.414214	1.189207	0.000000	0.000000
parser.c:2021	0.000000	0.000000	0.000000	0.000000	-0.009709	0.000000	0.000000	-1.000000	21.099751	1.000000	0.000000	0.000000
parser.c:2024	0.000000	0.000000	0.000000	0.000000	-0.038835	0.000000	0.000000	-1.000000	21.798990	1.414214	0.000000	0.000000
parser.c:2026	0.000000	0.000000	0.000000	0.000000	-0.009709	0.000000	0.000000	-1.000000	21.099751	1.000000	0.000000	0.000000
parser.c:2029	0.000000	0.000000	0.000000	0.000000	-0.029126	0.000000	0.000000	-1.000000	21.631800	1.316074	0.000000	0.000000
parser.c:2030	0.000000	0.000000	0.000000	0.000000	-0.029126	0.000000	0.000000	-1.000000	21.631800	1.316074	0.000000	0.000000
parser.c:2031	0.000000	0.000000	0.000000	0.000000	-0.029126	0.000000	0.000000	-1.000000	21.631800	1.316074	0.000000	0.000000
parser.c:2032	0.000000	0.000000	0.000000	0.000000	-0.029126	0.000000	0.000000	-1.000000	21.631800	1.316074	0.000000	0.000000
parser.c:2033	0.000000	0.000000	0.000000	0.000000	-0.029126	0.000000	0.000000	-1.000000	21.631800	1.316074	0.000000	0.000000
parser.c:2034	0.000000	0.000000	0.000000	0.000000	-0.029126	0.000000	0.000000	-1.000000	21.631800	1.316074	0.000000	0.000000
parser.c:2036	0.000000	0.000000	0.000000	0.000000	-0.029126	0.000000	0.000000	-1.000000	21.631800	1.316074	0.000000	0.000000
parser.c:2037	0.000000	0.000000	0.000000	0.000000	-0.009709	0.000000	0.000000	-1.000000	21.099751	1.000000	0.000000	0.000000
parser.c:2038	0.000000	0.000000	0.000000	0.000000	-0.029126	0.000000	0.000000	-1.000000	21.631800	1.316074	0.000000	0.000000
parser.c:2039	0.000000	0.000000	0.000000	0.000000	-0.009709	0.000000	0.000000	-1.000000	21.099751	1.000000	0.000000	0.000000
parser.c:2041	0.000000	0.000000	0.000000	0.000000	-0.029126	0.000000	0.000000	-1.000000	21.631800	1.316074	0.000000	0.000000
parser.c:2043	0.000000	0.000000	0.000000	0.000000	-0.029126	0.000000	0.000000	-1.000000	21.631800	1.316074	0.000000	0.000000
parser.c:2044	0.000000	0.000000	0.000000	0.000000	-0.029126	0.000000	0.000000	-1.000000	21.631800	1.316074	0.000000	0.000000
parser.c:2049	0.000000	0.000000	0.000000	0.000000	-0.058252	0.000000	0.000000	-1.000000	22.045408	1.565085	0.000000	0.000000
parser.c:2058	0.000000	0.000000	0.000000	0.000000	-0.058252	0.000000	0.000000	-1.000000	22.045408	1.565085	0.000000	0.000000
parser.c:2059	0.000000	0.000000	0.000000	0.000000	-0.058252	0.000000	0.000000	-1.000000	22.045408	1.565085	0.000000	0.000000
parser.c:2060	0.000000	0.000000	0.000000	0.000000	-0.009709	0.000000	0.000000	-1.000000	21.099751	1.000000	0.000000	0.000000
parser.c:2062	0.000000	0.000000	0.000000	0.000000	-0.048544	0.000000	0.000000	-1.000000	21.933784	1.495349	0.000000	0.000000
parser.c:2068	0.000000	0.000000	0.000000	0.000000	-0.048544	0.000000	0.000000	-1.000000	21.933784	1.495349	0.000000	0.000000
parser.c:2069	0.000000	0.000000	0.000000	0.000000	-0.048544	0.000000	0.000000	-1.000000	21.933784	1.495349	0.000000	0.000000
parser.c:2071	0.000000	0.000000	0.000000	0.000000	-0.048544	0.000000	0.000000	-1.000000	21.933784	1.495349	0.000000	0.000000
parser.c:2073	0.000000	0.000000	0.000000	0.000000	-0.038835	0.000000	0.000000	-1.000000	21.798990	1.414214	0.000000	0.000000
parser.c:2076	0.000000	0.000000	0.000000	0.000000	-0.038835	0.000000	0.000000	-1.000000	21.798990	1.414214	0.000000	0.000000
parser.c:2077	0.000000	0.000000	0.000000	0.000000	-0.038835	0.000000	0.000000	-1.000000	21.798990	1.414214	0.000000	0.000000
parser.c:2102	0.000000	0.000000	0.000000	0.000000	-0.009709	0.000000	0.000000	-1.000000	21.099751	1.000000	0.000000	0.000000
parser.c:2105	0.000000	0.000000	0.000000	0.000000	-0.048544	0.000000	0.000000	-1.000000	21.933784	1.495349	0.000000	0.000000
parser.c:2106	0.000000	0.000000	0.000000	0.000000	-0.048544	0.000000	0.000000	-1.000000	21.933784	1.495349	0.000000	0.000000
parser.c:2112	0.000000	0.000000	0.000000	0.000000	-0.048544	0.000000	0.000000	-1.000000	21.933784	1.495349	0.000000	0.000000
parser.c:2114	0.000000	0.000000	0.000000	0.000000	-0.048544	0.000000	0.000000	-1.000000	21.933784	1.495349	0.000000	0.000000
parser.c:2184	0.000000	0.000000	0.000000	0.000000	-0.048544	0.000000	0.000000	-1.000000	21.933784	1.495349	0.000000	0.000000
parser.c:2185	0.000000	0.000000	0.000000	0.000000	-0.048544	0.000000	0.000000	-1.000000	21.933784	1.495349	0.000000	0.000000
parser.c:2186	0.000000	0.000000	0.000000	0.000000	-0.048544	0.000000	0.000000	-1.000000	21.933784	1.495349	0.000000	0.000000
parser.c:2187	0.000000	0.000000	0.000000	0.000000	-0.048544	0.000000	0.000000	-1.000000	21.933784	1.495349	0.000000	0.000000
parser.c:2188	0.000000	0.000000	0.000000	0.000000	-0.048544	0.000000	0.000000	-1.000000	21.933784	1.495349	0.000000	0.000000
parser.c:2189	0.000000	0.000000	0.000000	0.000000	-0.048544	0.000000	0.000000	-1.000000	21.933784	1.495349	0.000000	0.000000
parser.c:2190	0.000000	0.000000	0.000000	0.000000	-0.048544	0.000000	0.000000	-1.000000	21.933784	1.495349	0.000000	0.000000
parser.c:2191	0.000000	0.000000	0.000000	0.000000	-0.048544	0.000000	0.000000	-1.000000	21.933784	1.495349	0.000000	0.000000
parser.c:2235	0.000000	0.000000	0.000000	0.000000	-0.194175	0.000000	0.000000	-1.000000	22.582906	2.114743	0.000000	0.000000
parser.c:2242	0.000000	0.000000	0.000000	0.000000	-0.194175	0.000000	0.000000	-1.000000	22.582906	2.114743	0.000000	0.000000
parser.c:2243	0.000000	0.000000	0.000000	0.000000	-0.194175	0.000000	0.000000	-1.000000	22.582906	2.114743	0.000000	0.000000
parser.c:2244	0.000000	0.000000	0.000000	0.000000	-0.194175	0.000000	0.000000	-1.000000	22.582906	2.114743	0.000000	0.000000
parser.c:2245	0.000000	0.000000	0.000000	0.000000	-0.194175	0.000000	0.000000	-1.000000	22.582906	2.114743	0.000000	0.000000
parser.c:2249	0.000000	0.000000	0.000000	0.000000	-0.194175	0.000000	0.000000	-1.000000	22.582906	2.114743	0.000000	0.000000
parser.c:2252	0.000000	0.000000	0.000000	0.000000	-0.194175	0.000000	0.000000	-1.000000	22.582906	2.114743	0.000000	0.000000
parser.c:2272	0.000000	0.000000	0.000000	0.000000	-0.116505	0.000000	0.000000	-1.000000	22.437768	1.861210	0.000000	0.000000
parser.c:2274	0.000000	0.000000	0.000000	0.000000	-0.116505	0.000000	0.000000	-1.000000	22.437768	1.861210	0.000000	0.000000
parser.c:2293	0.000000	0.000000	0.000000	0.000000	-0.019417	0.000000	0.000000	-1.000000	21.414214	1.189207	0.000000	0.000000
parser.c:2298	0.000000	0.000000	0.000000	0.000000	-0.019417	0.000000	0.000000	-1.000000	21.414214	1.189207	0.000000	0.000000
parser.c:2300	0.000000	0.000000	0.000000	0.000000	-0.019417	0.000000	0.000000	-1.000000	21.414214	1.189207	0.000000	0.000000
parser.c:2303	0.000000	0.000000	0.000000	0.000000	-0.009709	0.000000	0.000000	-1.000000	21.099751	1.000000	0.000000	0.000000
parser.c:2312	0.000000	0.000000	0.000000	0.000000	-0.009709	0.000000	0.000000	-1.000000	21.099751	1.000000	0.000000	0.000000
parser.c:2318	0.000000	0.000000	0.000000	0.000000	-0.009709	0.000000	0.000000	-1.000000	21.099751	1.000000	0.000000	0.000000
parser.c:2323	0.000000	0.000000	0.000000	0.000000	-0.029126	0.000000	0.000000	-1.000000	21.631800	1.316074	0.000000	0.000000
parser.c:2327	0.000000	0.000000	0.000000	0.000000	-0.029126	0.000000	0.000000	-1.000000	21.631800	1.316074	0.000000	0.000000
parser.c:2331	0.000000	0.000000	0.000000	0.000000	-0.019417	0.000000	0.000000	-1.000000	21.414214	1.189207	0.000000	0.000000
parser.c:2332	0.000000	0.000000	0.000000	0.000000	-0.019417	0.000000	0.000000	-1.000000	21.414214	1.189207	0.000000	0.000000
parser.c:2333	0.000000	0.000000	0.000000	0.000000	-0.019417	0.000000	0.000000	-1.000000	21.414214	1.189207	0.000000	0.000000
parser.c:2339	0.000000	0.000000	0.000000	0.000000	-0.019417	0.000000	0.000000	-1.000000	21.414214	1.189207	0.000000	0.000000
parser.c:2340	0.000000	0.000000	0.000000	0.000000	-0.019417	0.000000	0.000000	-1.000000	21.414214	1.189207	0.000000	0.000000
parser.c:2343	0.000000	0.000000	0.000000	0.000000	-0.019417	0.000000	0.000000	-1.000000	21.414214	1.189207	0.000000	0.000000
parser.c:2350	0.000000	0.000000	0.000000	0.000000	-0.019417	0.000000	0.000000	-1.000000	21.414214	1.189207	0.000000	0.000000
parser.c:2354	0.000000	0.000000	0.000000	0.000000	-0.990291	0.000000	0.000000	-1.000000	10.099505	3.177972	0.000000	0.000000
parser.c:2357	0.000000	0.000000	0.000000	0.000000	-0.990291	0.000000	0.000000	-1.000000	10.099505	3.177972	0.000000	0.000000
parser.c:2364	0.000000	0.000000	0.000000	0.000000	-0.990291	0.000000	0.000000	-1.000000	10.099505	3.177972	0.000000	0.000000
parser.c:2365	0.000000	0.000000	0.000000	0.000000	-0.990291	0.000000	0.000000	-1.000000	10.099505	3.177972	0.000000	0.000000
parser.c:2366	0.000000	0.000000	0.000000	0.000000	-0.990291	0.000000	0.000000	-1.000000	10.099505	3.177972	0.000000	0.000000
parser.c:2367	0.000000	0.000000	0.000000	0.000000	-0.990291	0.000000	0.000000	-1.000000	10.099505	3.177972	0.000000	0.000000
parser.c:2382	0.000000	0.000000	0.000000	0.000000	-0.990291	0.000000	0.000000	-1.000000	10.099505	3.177972	0.000000	0.000000
parser.c:2383	0.000000	0.000000	0.000000	0.000000	-0.990291	0.000000	0.000000	-1.000000	10.099505	3.177972	0.000000	0.000000
parser.c:2386	0.000000	0.000000	0.000000	0.000000	-0.990291	0.000000	0.000000	-1.000000	10.099505	3.177972	0.000000	0.000000
parser.c:2387	0.000000	0.000000	0.000000	0.000000	-0.990291	0.000000	0.000000	-1.000000	10.099505	3.177972	0.000000	0.000000
parser.c:2388	0.000000	0.000000	0.000000	0.000000	-0.990291	0.000000	0.000000	-1.000000	10.099505	3.177972	0.000000	0.000000
parser.c:2391	0.000000	0.000000	0.000000	0.000000	-0.990291	0.000000	0.000000	-1.000000	10.099505	3.177972	0.000000	0.000000
parser.c:2392	0.000000	0.000000	0.000000	0.000000	-0.990291	0.000000	0.000000	-1.000000	10.099505	3.177972	0.000000	0.000000
parser.c:2395	0.000000	0.000000	0.000000	0.000000	-0.990291	0.000000	0.000000	-1.000000	10.099505	3.177972	0.000000	0.000000
parser.c:2396	0.000000	0.000000	0.000000	0.000000	-0.990291	0.000000	0.000000	-1.000000	10.099505	3.177972	0.000000	0.000000
parser.c:2398	0.000000	0.000000	0.000000	0.000000	-0.990291	0.000000	0.000000	-1.000000	10.099505	3.177972	0.000000	0.000000
parser.c:2399	0.000000	0.000000	0.000000	0.000000	-0.990291	0.000000	0.000000	-1.000000	10.099505	3.177972	0.000000	0.000000
parser.c:2400	0.000000	0.000000	0.000000	0.000000	-0.990291	0.000000	0.000000	-1.000000	10.099505	3.177972	0.000000	0.000000
parser.c:2402	0.000000	0.000000	0.000000	0.000000	-0.990291	0.000000	0.000000	-1.000000	10.099505	3.177972	0.000000	0.000000
parser.c:2411	0.000000	0.000000	0.000000	0.000000	-0.990291	0.000000	0.000000	-1.000000	10.099505	3.177972	0.000000	0.000000
parser.c:2414	0.000000	0.000000	0.000000	0.000000	-0.990291	0.000000	0.000000	-1.000000	10.099505	3.177972	0.000000	0.000000
parser.c:2415	0.000000	0.000000	0.000000	0.000000	-0.990291	0.000000	0.000000	-1.000000	10.099505	3.177972	0.000000	0.000000
parser.c:2417	0.000000	0.000000	0.000000	0.000000	-0.990291	0.000000	0.000000	-1.000000	10.099505	3.177972	0.000000	0.000000
parser.c:2423	0.000000	0.000000	0.000000	0.000000	-0.990291	0.000000	0.000000	-1.000000	10.099505	3.177972	0.000000	0.000000
parser.c:2425	0.000000	0.000000	0.000000	0.000000	-0.990291	0.000000	0.000000	-1.000000	10.099505	3.177972	0.000000	0.000000
parser.c:2457	0.000000	0.000000	0.000000	0.000000	-0.019417	0.000000	0.000000	-1.000000	21.414214	1.189207	0.000000	0.000000
parser.c:2459	0.000000	0.000000	0.000000	0.000000	-0.019417	0.000000	0.000000	-1.000000	21.414214	1.189207	0.000000	0.000000
parser.c:2463	0.000000	0.000000	0.000000	0.000000	-0.135922	0.000000	0.000000	-1.000000	22.503320	1.934336	0.000000	0.000000
parser.c:2467	0.000000	0.000000	0.000000	0.000000	-0.135922	0.000000	0.000000	-1.000000	22.503320	1.934336	0.000000	0.000000
parser.c:2470	0.000000	0.000000	0.000000	0.000000	-0.135922	0.000000	0.000000	-1.000000	22.503320	1.934336	0.000000	0.000000
parser.c:2472	0.000000	0.000000	0.000000	0.000000	-0.135922	0.000000	0.000000	-1.000000	22.503320	1.934336	0.000000	0.000000
parser.c:2474	0.000000	0.000000	0.000000	0.000000	-0.009709	0.000000	0.000000	-1.000000	21.099751	1.000000	0.000000	0.000000
parser.c:2478	0.000000	0.000000	0.000000	0.000000	-0.135922	0.000000	0.000000	-1.000000	22.503320	1.934336	0.000000	0.000000
parser.c:2489	0.000000	0.000000	0.000000	0.000000	-0.038835	0.000000	0.000000	-1.000000	21.798990	1.414214	0.000000	0.000000
parser.c:2490	0.000000	0.000000	0.000000	0.000000	-0.038835	0.000000	0.000000	-1.000000	21.798990	1.414214	0.000000	0.000000
parser.c:2491	0.000000	0.000000	0.000000	0.000000	-0.038835	0.000000	0.000000	-1.000000	21.798990	1.414214	0.000000	0.000000
parser.c:2493	0.000000	0.000000	0.000000	0.000000	-0.077670	0.000000	0.000000	-1.000000	22.219147	1.681793	0.000000	0.000000
parser.c:2494	0.000000	0.000000	0.000000	0.000000	-0.077670	0.000000	0.000000	-1.000000	22.219147	1.681793	0.000000	0.000000
parser.c:2495	0.000000	0.000000	0.000000	0.000000	-0.077670	0.000000	0.000000	-1.000000	22.219147	1.681793	0.000000	0.000000
parser.c:2498	0.000000	0.000000	0.000000	0.000000	-0.009709	0.000000	0.000000	-1.000000	21.099751	1.000000	0.000000	0.000000
parser.c:2499	0.000000	0.000000	0.000000	0.000000	-0.009709	0.000000	0.000000	-1.000000	21.099751	1.000000	0.000000	0.000000
parser.c:2500	0.000000	0.000000	0.000000	0.000000	-0.009709	0.000000	0.000000	-1.000000	21.099751	1.000000	0.000000	0.000000
parser.c:2521	0.000000	0.000000	0.000000	0.000000	-0.009709	0.000000	0.000000	-1.000000	21.099751	1.000000	0.000000	0.000000
parser.c:2524	0.000000	0.000000	0.000000	0.000000	-0.126214	0.000000	0.000000	-1.000000	22.473514	1.898829	0.000000	0.000000
parser.c:2525	0.000000	0.000000	0.000000	0.000000	-0.126214	0.000000	0.000000	-1.000000	22.473514	1.898829	0.000000	0.000000
parser.c:2531	0.000000	0.000000	0.000000	0.000000	-0.126214	0.000000	0.000000	-1.000000	22.473514	1.898829	0.000000	0.000000
parser.c:2533	0.000000	0.000000	0.000000	0.000000	-0.019417	0.000000	0.000000	-1.000000	21.414214	1.189207	0.000000	0.000000
parser.c:2534	0.000000	0.000000	0.000000	0.000000	-0.019417	0.000000	0.000000	-1.000000	21.414214	1.189207	0.000000	0.000000
parser.c:2538	0.000000	0.000000	0.000000	0.000000	-0.106796	0.000000	0.000000	-1.000000	22.395409	1.821160	0.000000	0.000000
parser.c:2539	0.000000	0.000000	0.000000	0.000000	-0.106796	0.000000	0.000000	-1.000000	22.395409	1.821160	0.000000	0.000000
parser.c:2541	0.000000	0.000000	0.000000	0.000000	-0.126214	0.000000	0.000000	-1.000000	22.473514	1.898829	0.000000	0.000000
parser.c:2542	0.000000	0.000000	0.000000	0.000000	-0.126214	0.000000	0.000000	-1.000000	22.473514	1.898829	0.000000	0.000000
parser.c:2551	0.566667	0.112509	0.012658	1.000000	0.242718	0.009709	1.000000	24.000000	20.629720	2.798528	1.006369	7.280110
parser.c:2553	0.566667	0.112509	0.012658	1.000000	0.242718	0.009709	1.000000	24.000000	20.629720	2.798528	1.006369	7.280110
parser.c:2554	0.566667	0.112509	0.012658	1.000000	0.242718	0.009709	1.000000	24.000000	20.629720	2.798528	1.006369	7.280110
parser.c:2560	0.566667	0.112509	0.012658	1.000000	0.242718	0.009709	1.000000	24.000000	20.629720	2.798528	1.006369	7.280110
parser.c:2570	0.000000	0.000000	0.000000	0.000000	-0.165049	0.000000	0.000000	-1.000000	22.562195	2.030543	0.000000	0.000000
parser.c:2574	0.000000	0.000000	0.000000	0.000000	-0.165049	0.000000	0.000000	-1.000000	22.562195	2.030543	0.000000	0.000000
parser.c:2580	0.000000	0.000000	0.000000	0.000000	-0.165049	0.000000	0.000000	-1.000000	22.562195	2.030543	0.000000	0.000000
parser.c:2581	0.000000	0.000000	0.000000	0.000000	-0.165049	0.000000	0.000000	-1.000000	22.562195	2.030543	0.000000	0.000000
parser.c:2582	0.000000	0.000000	0.000000	0.000000	-0.165049	0.000000	0.000000	-1.000000	22.562195	2.030543	0.000000	0.000000
parser.c:2583	0.000000	0.000000	0.000000	0.000000	-0.165049	0.000000	0.000000	-1.000000	22.562195	2.030543	0.000000	0.000000
parser.c:2584	0.000000	0.000000	0.000000	0.000000	-0.165049	0.000000	0.000000	-1.000000	22.562195	2.030543	0.000000	0.000000
parser.c:2585	0.000000	0.000000	0.000000	0.000000	-0.165049	0.000000	0.000000	-1.000000	22.562195	2.030543	0.000000	0.000000
parser.c:2587	0.000000	0.000000	0.000000	0.000000	-0.165049	0.000000	0.000000	-1.000000	22.562195	2.030543	0.000000	0.000000
parser.c:2588	0.000000	0.000000	0.000000	0.000000	-0.165049	0.000000	0.000000	-1.000000	22.562195	2.030543	0.000000	0.000000
parser.c:2590	0.000000	0.000000	0.000000	0.000000	-0.165049	0.000000	0.000000	-1.000000	22.562195	2.030543	0.000000	0.000000
parser.c:2592	0.000000	0.000000	0.000000	0.000000	-0.165049	0.000000	0.000000	-1.000000	22.562195	2.030543	0.000000	0.000000
parser.c:2653	0.000000	0.000000	0.000000	0.000000	-0.165049	0.000000	0.000000	-1.000000	22.562195	2.030543	0.000000	0.000000
parser.c:2655	0.000000	0.000000	0.000000	0.000000	-0.126214	0.000000	0.000000	-1.000000	22.473514	1.898829	0.000000	0.000000
parser.c:2658	0.000000	0.000000	0.000000	0.000000	-0.009709	0.000000	0.000000	-1.000000	21.099751	1.000000	0.000000	0.000000
parser.c:2660	0.000000	0.000000	0.000000	0.000000	-0.116505	0.000000	0.000000	-1.000000	22.437768	1.861210	0.000000	0.000000
parser.c:2670	0.000000	0.000000	0.000000	0.000000	-0.116505	0.000000	0.000000	-1.000000	22.437768	1.861210	0.000000	0.000000
parser.c:2672	0.000000	0.000000	0.000000	0.000000	-0.116505	0.000000	0.000000	-1.000000	22.437768	1.861210	0.000000	0.000000
parser.c:2674	0.000000	0.000000	0.000000	0.000000	-0.116505	0.000000	0.000000	-1.000000	22.437768	1.861210	0.000000	0.000000
parser.c:2677	0.000000	0.000000	0.000000	0.000000	-0.116505	0.000000	0.000000	-1.000000	22.437768	1.861210	0.000000	0.000000
parser.c:2679	0.000000	0.000000	0.000000	0.000000	-0.116505	0.000000	0.000000	-1.000000	22.437768	1.861210	0.000000	0.000000
parser.c:2680	0.000000	0.000000	0.000000	0.000000	-0.116505	0.000000	0.000000	-1.000000	22.437768	1.861210	0.000000	0.000000
parser.c:2682	0.000000	0.000000	0.000000	0.000000	-0.116505	0.000000	0.000000	-1.000000	22.437768	1.861210	0.000000	0.000000
parser.c:2683	0.000000	0.000000	0.000000	0.000000	-0.116505	0.000000	0.000000	-1.000000	22.437768	1.861210	0.000000	0.000000
parser.c:2708	0.000000	0.000000	0.000000	0.000000	-0.155340	0.000000	0.000000	-1.000000	22.547237	2.000000	0.000000	0.000000
parser.c:2709	0.000000	0.000000	0.000000	0.000000	-0.145631	0.000000	0.000000	-1.000000	22.527741	1.967990	0.000000	0.000000
parser.c:2711	0.000000	0.000000	0.000000	0.000000	-0.155340	0.000000	0.000000	-1.000000	22.547237	2.000000	0.000000	0.000000
parser.c:2719	0.000000	0.000000	0.000000	0.000000	-0.155340	0.000000	0.000000	-1.000000	22.547237	2.000000	0.000000	0.000000
parser.c:2727	0.000000	0.000000	0.000000	0.000000	-0.155340	0.000000	0.000000	-1.000000	22.547237	2.000000	0.000000	0.000000
parser.c:2730	0.000000	0.000000	0.000000	0.000000	-0.155340	0.000000	0.000000	-1.000000	22.547237	2.000000	0.000000	0.000000
parser.c:2732	0.000000	0.000000	0.000000	0.000000	-0.155340	0.000000	0.000000	-1.000000	22.547237	2.000000	0.000000	0.000000
parser.c:2733	0.000000	0.000000	0.000000	0.000000	-0.155340	0.000000	0.000000	-1.000000	22.547237	2.000000	0.000000	0.000000
parser.c:2734	0.000000	0.000000	0.000000	0.000000	-0.155340	0.000000	0.000000	-1.000000	22.547237	2.000000	0.000000	0.000000
parser.c:2735	0.000000	0.000000	0.000000	0.000000	-0.155340	0.000000	0.000000	-1.000000	22.547237	2.000000	0.000000	0.000000
parser.c:2736	0.000000	0.000000	0.000000	0.000000	-0.155340	0.000000	0.000000	-1.000000	22.547237	2.000000	0.000000	0.000000
parser.c:2738	0.000000	0.000000	0.000000	0.000000	-0.155340	0.000000	0.000000	-1.000000	22.547237	2.000000	0.000000	0.000000
parser.c:2739	0.000000	0.000000	0.000000	0.000000	-0.155340	0.000000	0.000000	-1.000000	22.547237	2.000000	0.000000	0.000000
parser.c:2740	0.000000	0.000000	0.000000	0.000000	-0.155340	0.000000	0.000000	-1.000000	22.547237	2.000000	0.000000	0.000000
parser.c:2742	0.000000	0.000000	0.000000	0.000000	-0.155340	0.000000	0.000000	-1.000000	22.547237	2.000000	0.000000	0.000000
parser.c:2746	0.000000	0.000000	0.000000	0.000000	-0.145631	0.000000	0.000000	-1.000000	22.527741	1.967990	0.000000	0.000000
parser.c:2747	0.000000	0.000000	0.000000	0.000000	-0.145631	0.000000	0.000000	-1.000000	22.527741	1.967990	0.000000	0.000000
parser.c:2748	0.000000	0.000000	0.000000	0.000000	-0.145631	0.000000	0.000000	-1.000000	22.527741	1.967990	0.000000	0.000000
parser.c:2749	0.000000	0.000000	0.000000	0.000000	-0.145631	0.000000	0.000000	-1.000000	22.527741	1.967990	0.000000	0.000000
parser.c:2751	0.000000	0.000000	0.000000	0.000000	-0.145631	0.000000	0.000000	-1.000000	22.527741	1.967990	0.000000	0.000000
parser.c:2755	0.000000	0.000000	0.000000	0.000000	-0.116505	0.000000	0.000000	-1.000000	22.437768	1.861210	0.000000	0.000000
parser.c:2756	0.000000	0.000000	0.000000	0.000000	-0.116505	0.000000	0.000000	-1.000000	22.437768	1.861210	0.000000	0.000000
parser.c:2759	0.000000	0.000000	0.000000	0.000000	-0.009709	0.000000	0.000000	-1.000000	21.099751	1.000000	0.000000	0.000000
parser.c:2760	0.000000	0.000000	0.000000	0.000000	-0.009709	0.000000	0.000000	-1.000000	21.099751	1.000000	0.000000	0.000000
parser.c:2761	0.000000	0.000000	0.000000	0.000000	-0.009709	0.000000	0.000000	-1.000000	21.099751	1.000000	0.000000	0.000000
parser.c:2762	0.000000	0.000000	0.000000	0.000000	-0.009709	0.000000	0.000000	-1.000000	21.099751	1.000000	0.000000	0.000000
parser.c:2765	0.000000	0.000000	0.000000	0.000000	-0.058252	0.000000	0.000000	-1.000000	22.045408	1.565085	0.000000	0.000000
parser.c:2766	0.000000	0.000000	0.000000	0.000000	-0.058252	0.000000	0.000000	-1.000000	22.045408	1.565085	0.000000	0.000000
parser.c:2767	0.000000	0.000000	0.000000	0.000000	-0.058252	0.000000	0.000000	-1.000000	22.045408	1.565085	0.000000	0.000000
parser.c:2768	0.000000	0.000000	0.000000	0.000000	-0.058252	0.000000	0.000000	-1.000000	22.045408	1.565085	0.000000	0.000000
parser.c:2783	0.000000	0.000000	0.000000	0.000000	-0.009709	0.000000	0.000000	-1.000000	21.099751	1.000000	0.000000	0.000000
parser.c:2784	0.000000	0.000000	0.000000	0.000000	-0.009709	0.000000	0.000000	-1.000000	21.099751	1.000000	0.000000	0.000000
parser.c:2785	0.000000	0.000000	0.000000	0.000000	-0.009709	0.000000	0.000000	-1.000000	21.099751	1.000000	0.000000	0.000000
parser.c:2786	0.000000	0.000000	0.000000	0.000000	-0.009709	0.000000	0.000000	-1.000000	21.099751	1.000000	0.000000	0.000000
parser.c:2795	0.000000	0.000000	0.000000	0.000000	-0.019417	0.000000	0.000000	-1.000000	21.414214	1.189207	0.000000	0.000000
parser.c:2796	0.000000	0.000000	0.000000	0.000000	-0.019417	0.000000	0.000000	-1.000000	21.414214	1.189207	0.000000	0.000000
parser.c:2797	0.000000	0.000000	0.000000	0.000000	-0.019417	0.000000	0.000000	-1.000000	21.414214	1.189207	0.000000	0.000000
parser.c:2798	0.000000	0.000000	0.000000	0.000000	-0.019417	0.000000	0.000000	-1.000000	21.414214	1.189207	0.000000	0.000000
parser.c:2804	0.000000	0.000000	0.000000	0.000000	-0.097087	0.000000	0.000000	-1.000000	22.345604	1.778279	0.000000	0.000000
parser.c:2805	0.000000	0.000000	0.000000	0.000000	-0.097087	0.000000	0.000000	-1.000000	22.345604	1.778279	0.000000	0.000000
parser.c:2808	0.000000	0.000000	0.000000	0.000000	-0.029126	0.000000	0.000000	-1.000000	21.631800	1.316074	0.000000	0.000000
parser.c:2809	0.000000	0.000000	0.000000	0.000000	-0.029126	0.000000	0.000000	-1.000000	21.631800	1.316074	0.000000	0.000000
parser.c:2820	0.000000	0.000000	0.000000	0.000000	-0.009709	0.000000	0.000000	-1.000000	21.099751	1.000000	0.000000	0.000000
parser.c:2821	0.000000	0.000000	0.000000	0.000000	-0.009709	0.000000	0.000000	-1.000000	21.099751	1.000000	0.000000	0.000000
parser.c:2822	0.000000	0.000000	0.000000	0.000000	-0.009709	0.000000	0.000000	-1.000000	21.099751	1.000000	0.000000	0.000000
parser.c:2823	0.000000	0.000000	0.000000	0.000000	-0.009709	0.000000	0.000000	-1.000000	21.099751	1.000000	0.000000	0.000000
parser.c:2828	0.000000	0.000000	0.000000	0.000000	-0.048544	0.000000	0.000000	-1.000000	21.933784	1.495349	0.000000	0.000000
parser.c:2829	0.000000	0.000000	0.000000	0.000000	-0.048544	0.000000	0.000000	-1.000000	21.933784	1.495349	0.000000	0.000000
parser.c:2832	0.000000	0.000000	0.000000	0.000000	-0.009709	0.000000	0.000000	-1.000000	21.099751	1.000000	0.000000	0.000000
parser.c:2833	0.000000	0.000000	0.000000	0.000000	-0.009709	0.000000	0.000000	-1.000000	21.099751	1.000000	0.000000	0.000000
parser.c:2834	0.000000	0.000000	0.000000	0.000000	-0.009709	0.000000	0.000000	-1.000000	21.099751	1.000000	0.000000	0.000000
parser.c:2835	0.000000	0.000000	0.000000	0.000000	-0.009709	0.000000	0.000000	-1.000000	21.099751	1.000000	0.000000	0.000000
parser.c:2846	0.000000	0.000000	0.000000	0.000000	-0.116505	0.000000	0.000000	-1.000000	22.437768	1.861210	0.000000	0.000000
parser.c:2848	0.000000	0.000000	0.000000	0.000000	-0.116505	0.000000	0.000000	-1.000000	22.437768	1.861210	0.000000	0.000000
parser.c:2849	0.000000	0.000000	0.000000	0.000000	-0.067961	0.000000	0.000000	-1.000000	22.139340	1.626577	0.000000	0.000000
parser.c:2850	0.000000	0.000000	0.000000	0.000000	-0.116505	0.000000	0.000000	-1.000000	22.437768	1.861210	0.000000	0.000000
parser.c:2854	0.000000	0.000000	0.000000	0.000000	-0.067961	0.000000	0.000000	-1.000000	22.139340	1.626577	0.000000	0.000000
parser.c:2856	0.000000	0.000000	0.000000	0.000000	-0.067961	0.000000	0.000000	-1.000000	22.139340	1.626577	0.000000	0.000000
parser.c:2861	0.000000	0.000000	0.000000	0.000000	-0.067961	0.000000	0.000000	-1.000000	22.139340	1.626577	0.000000	0.000000
parser.c:2862	0.000000	0.000000	0.000000	0.000000	-0.067961	0.000000	0.000000	-1.000000	22.139340	1.626577	0.000000	0.000000
parser.c:2864	0.000000	0.000000	0.000000	0.000000	-0.067961	0.000000	0.000000	-1.000000	22.139340	1.626577	0.000000	0.000000
parser.c:2869	0.000000	0.000000	0.000000	0.000000	-0.067961	0.000000	0.000000	-1.000000	22.139340	1.626577	0.000000	0.000000
parser.c:2880	0.000000	0.000000	0.000000	0.000000	-0.067961	0.000000	0.000000	-1.000000	22.139340	1.626577	0.000000	0.000000
parser.c:2885	0.000000	0.000000	0.000000	0.000000	-0.135922	0.000000	0.000000	-1.000000	22.503320	1.934336	0.000000	0.000000
parser.c:2896	0.000000	0.000000	0.000000	0.000000	-0.135922	0.000000	0.000000	-1.000000	22.503320	1.934336	0.000000	0.000000
parser.c:2902	0.000000	0.000000	0.000000	0.000000	-0.135922	0.000000	0.000000	-1.000000	22.503320	1.934336	0.000000	0.000000
parser.c:2905	0.000000	0.000000	0.000000	0.000000	-0.135922	0.000000	0.000000	-1.000000	22.503320	1.934336	0.000000	0.000000
parser.c:2906	0.000000	0.000000	0.000000	0.000000	-0.135922	0.000000	0.000000	-1.000000	22.503320	1.934336	0.000000	0.000000
parser.c:2907	0.000000	0.000000	0.000000	0.000000	-0.135922	0.000000	0.000000	-1.000000	22.503320	1.934336	0.000000	0.000000
parser.c:2909	0.000000	0.000000	0.000000	0.000000	-0.135922	0.000000	0.000000	-1.000000	22.503320	1.934336	0.000000	0.000000
parser.c:2911	0.000000	0.000000	0.000000	0.000000	-0.135922	0.000000	0.000000	-1.000000	22.503320	1.934336	0.000000	0.000000
parser.c:2913	0.000000	0.000000	0.000000	0.000000	-0.135922	0.000000	0.000000	-1.000000	22.503320	1.934336	0.000000	0.000000
parser.c:2914	0.000000	0.000000	0.000000	0.000000	-0.135922	0.000000	0.000000	-1.000000	22.503320	1.934336	0.000000	0.000000
parser.c:2927	0.000000	0.000000	0.000000	0.000000	-0.135922	0.000000	0.000000	-1.000000	22.503320	1.934336	0.000000	0.000000
parser.c:2929	0.000000	0.000000	0.000000	0.000000	-0.067961	0.000000	0.000000	-1.000000	22.139340	1.626577	0.000000	0.000000
parser.c:2930	0.000000	0.000000	0.000000	0.000000	-0.067961	0.000000	0.000000	-1.000000	22.139340	1.626577	0.000000	0.000000
parser.c:2931	0.000000	0.000000	0.000000	0.000000	-0.067961	0.000000	0.000000	-1.000000	22.139340	1.626577	0.000000	0.000000
parser.c:2935	0.000000	0.000000	0.000000	0.000000	-0.067961	0.000000	0.000000	-1.000000	22.139340	1.626577	0.000000	0.000000
parser.c:2938	0.000000	0.000000	0.000000	0.000000	-0.135922	0.000000	0.000000	-1.000000	22.503320	1.934336	0.000000	0.000000
parser.c:2943	0.000000	0.000000	0.000000	0.000000	-0.135922	0.000000	0.000000	-1.000000	22.503320	1.934336	0.000000	0.000000
parser.c:2944	0.000000	0.000000	0.000000	0.000000	-0.135922	0.000000	0.000000	-1.000000	22.503320	1.934336	0.000000	0.000000
parser.c:2945	0.000000	0.000000	0.000000	0.000000	-0.135922	0.000000	0.000000	-1.000000	22.503320	1.934336	0.000000	0.000000
parser.c:2946	0.000000	0.000000	0.000000	0.000000	-0.135922	0.000000	0.000000	-1.000000	22.503320	1.934336	0.000000	0.000000
parser.c:2947	0.000000	0.000000	0.000000	0.000000	-0.135922	0.000000	0.000000	-1.000000	22.503320	1.934336	0.000000	0.000000
parser.c:2950	0.000000	0.000000	0.000000	0.000000	-0.135922	0.000000	0.000000	-1.000000	22.503320	1.934336	0.000000	0.000000
parser.c:2951	0.000000	0.000000	0.000000	0.000000	-0.135922	0.000000	0.000000	-1.000000	22.503320	1.934336	0.000000	0.000000
parser.c:2952	0.000000	0.000000	0.000000	0.000000	-0.067961	0.000000	0.000000	-1.000000	22.139340	1.626577	0.000000	0.000000
parser.c:2954	0.000000	0.000000	0.000000	0.000000	-0.067961	0.000000	0.000000	-1.000000	22.139340	1.626577	0.000000	0.000000
parser.c:2955	0.000000	0.000000	0.000000	0.000000	-0.067961	0.000000	0.000000	-1.000000	22.139340	1.626577	0.000000	0.000000
parser.c:2958	0.000000	0.000000	0.000000	0.000000	-0.135922	0.000000	0.000000	-1.000000	22.503320	1.934336	0.000000	0.000000
parser.c:2959	0.000000	0.000000	0.000000	0.000000	-0.135922	0.000000	0.000000	-1.000000	22.503320	1.934336	0.000000	0.000000
parser.c:2961	0.000000	0.000000	0.000000	0.000000	-0.116505	0.000000	0.000000	-1.000000	22.437768	1.861210	0.000000	0.000000
parser.c:2962	0.000000	0.000000	0.000000	0.000000	-0.116505	0.000000	0.000000	-1.000000	22.437768	1.861210	0.000000	0.000000
parser.c:2964	0.000000	0.000000	0.000000	0.000000	-0.116505	0.000000	0.000000	-1.000000	22.437768	1.861210	0.000000	0.000000
parser.c:2981	0.000000	0.000000	0.000000	0.000000	-0.135922	0.000000	0.000000	-1.000000	22.503320	1.934336	0.000000	0.000000
parser.c:2988	0.000000	0.000000	0.000000	0.000000	-0.135922	0.000000	0.000000	-1.000000	22.503320	1.934336	0.000000	0.000000
parser.c:3009	0.000000	0.000000	0.000000	0.000000	-0.135922	0.000000	0.000000	-1.000000	22.503320	1.934336	0.000000	0.000000
parser.c:3010	0.000000	0.000000	0.000000	0.000000	-0.135922	0.000000	0.000000	-1.000000	22.503320	1.934336	0.000000	0.000000
parser.c:3019	0.000000	0.000000	0.000000	0.000000	-0.135922	0.000000	0.000000	-1.000000	22.503320	1.934336	0.000000	0.000000
parser.c:3021	0.000000	0.000000	0.000000	0.000000	-0.135922	0.000000	0.000000	-1.000000	22.503320	1.934336	0.000000	0.000000
parser.c:3024	0.000000	0.000000	0.000000	0.000000	-0.135922	0.000000	0.000000	-1.000000	22.503320	1.934336	0.000000	0.000000
parser.c:3026	0.000000	0.000000	0.000000	0.000000	-0.135922	0.000000	0.000000	-1.000000	22.503320	1.934336	0.000000	0.000000
parser.c:3031	0.000000	0.000000	0.000000	0.000000	-0.067961	0.000000	0.000000	-1.000000	22.139340	1.626577	0.000000	0.000000
parser.c:3032	0.000000	0.000000	0.000000	0.000000	-0.067961	0.000000	0.000000	-1.000000	22.139340	1.626577	0.000000	0.000000
parser.c:3033	0.000000	0.000000	0.000000	0.000000	-0.067961	0.000000	0.000000	-1.000000	22.139340	1.626577	0.000000	0.000000
parser.c:3034	0.000000	0.000000	0.000000	0.000000	-0.067961	0.000000	0.000000	-1.000000	22.139340	1.626577	0.000000	0.000000
parser.c:3035	0.000000	0.000000	0.000000	0.000000	-0.067961	0.000000	0.000000	-1.000000	22.139340	1.626577	0.000000	0.000000
parser.c:3038	0.000000	0.000000	0.000000	0.000000	-0.067961	0.000000	0.000000	-1.000000	22.139340	1.626577	0.000000	0.000000
parser.c:3041	0.000000	0.000000	0.000000	0.000000	-0.067961	0.000000	0.000000	-1.000000	22.139340	1.626577	0.000000	0.000000
parser.c:3044	0.000000	0.000000	0.000000	0.000000	-0.067961	0.000000	0.000000	-1.000000	22.139340	1.626577	0.000000	0.000000
parser.c:3046	0.000000	0.000000	0.000000	0.000000	-0.067961	0.000000	0.000000	-1.000000	22.139340	1.626577	0.000000	0.000000
parser.c:3047	0.000000	0.000000	0.000000	0.000000	-0.067961	0.000000	0.000000	-1.000000	22.139340	1.626577	0.000000	0.000000
parser.c:3057	0.000000	0.000000	0.000000	0.000000	-0.067961	0.000000	0.000000	-1.000000	22.139340	1.626577	0.000000	0.000000
parser.c:3059	0.000000	0.000000	0.000000	0.000000	-0.067961	0.000000	0.000000	-1.000000	22.139340	1.626577	0.000000	0.000000
parser.c:3060	0.000000	0.000000	0.000000	0.000000	-0.067961	0.000000	0.000000	-1.000000	22.139340	1.626577	0.000000	0.000000
parser.c:3061	0.000000	0.000000	0.000000	0.000000	-0.067961	0.000000	0.000000	-1.000000	22.139340	1.626577	0.000000	0.000000
parser.c:3062	0.000000	0.000000	0.000000	0.000000	-0.067961	0.000000	0.000000	-1.000000	22.139340	1.626577	0.000000	0.000000
parser.c:3063	0.000000	0.000000	0.000000	0.000000	-0.067961	0.000000	0.000000	-1.000000	22.139340	1.626577	0.000000	0.000000
parser.c:3067	0.000000	0.000000	0.000000	0.000000	-0.067961	0.000000	0.000000	-1.000000	22.139340	1.626577	0.000000	0.000000
parser.c:3070	0.000000	0.000000	0.000000	0.000000	-0.067961	0.000000	0.000000	-1.000000	22.139340	1.626577	0.000000	0.000000
parser.c:3072	0.000000	0.000000	0.000000	0.000000	-0.067961	0.000000	0.000000	-1.000000	22.139340	1.626577	0.000000	0.000000
parser.c:3076	0.000000	0.000000	0.000000	0.000000	-0.135922	0.000000	0.000000	-1.000000	22.503320	1.934336	0.000000	0.000000
parser.c:3079	0.000000	0.000000	0.000000	0.000000	-0.135922	0.000000	0.000000	-1.000000	22.503320	1.934336	0.000000	0.000000
parser.c:3081	0.000000	0.000000	0.000000	0.000000	-0.135922	0.000000	0.000000	-1.000000	22.503320	1.934336	0.000000	0.000000
parser.c:3087	0.000000	0.000000	0.000000	0.000000	-0.135922	0.000000	0.000000	-1.000000	22.503320	1.934336	0.000000	0.000000
parser.c:3089	0.000000	0.000000	0.000000	0.000000	-0.135922	0.000000	0.000000	-1.000000	22.503320	1.934336	0.000000	0.000000
parser.c:3108	0.990291	0.707107	0.500000	1.000000	0.990291	0.009709	1.000000	101.000000	23.099751	0.000000	1.333333	10.049876
parser.c:3117	0.990291	0.707107	0.500000	1.000000	0.990291	0.009709	1.000000	101.000000	23.099751	0.000000	1.333333	10.049876
parser.c:3120	0.990291	0.707107	0.500000	1.000000	0.990291	0.009709	1.000000	101.000000	23.099751	0.000000	1.333333	10.049876
parser.c:3124	0.990291	0.707107	0.500000	1.000000	0.990291	0.009709	1.000000	101.000000	23.099751	0.000000	1.333333	10.049876
parser.c:3128	0.990291	0.707107	0.500000	1.000000	0.990291	0.009709	1.000000	101.000000	23.099751	0.000000	1.333333	10.049876
parser.c:3134	1.000000	1.000000	1.000000	1.000000	1.000000	0.009709	1.000000	102.000000	22.199010	1.000000	2.000000	10.148892
parser.c:3136	1.000000	1.000000	1.000000	1.000000	1.000000	0.009709	1.000000	102.000000	22.199010	1.000000	2.000000	10.148892
parser.c:3137	1.000000	1.000000	1.000000	1.000000	1.000000	0.009709	1.000000	102.000000	22.199010	1.000000	2.000000	10.148892
parser.c:3140	1.000000	1.000000	1.000000	1.000000	1.000000	0.009709	1.000000	102.000000	22.199010	1.000000	2.000000	10.148892
parser.c:3141	1.000000	1.000000	1.000000	1.000000	1.000000	0.009709	1.000000	102.000000	22.199010	1.000000	2.000000	10.148892
parser.c:3146	1.000000	1.000000	1.000000	1.000000	1.000000	0.009709	1.000000	102.000000	22.199010	1.000000	2.000000	10.148892
parser.c:3151	0.000000	0.000000	0.000000	0.000000	-0.009709	0.000000	0.000000	-1.000000	21.099751	1.000000	0.000000	0.000000
parser.c:3173	1.000000	1.000000	1.000000	1.000000	1.000000	0.009709	1.000000	102.000000	22.199010	1.000000	2.000000	10.148892
parser.c:3179	1.000000	1.000000	1.000000	1.000000	1.000000	0.009709	1.000000	102.000000	22.199010	1.000000	2.000000	10.148892
parser.c:3182	1.000000	1.000000	1.000000	1.000000	1.000000	0.009709	1.000000	102.000000	22.199010	1.000000	2.000000	10.148892
parser.c:3186	1.000000	1.000000	1.000000	1.000000	1.000000	0.009709	1.000000	102.000000	22.199010	1.000000	2.000000	10.148892
parser.c:3188	1.000000	1.000000	1.000000	1.000000	1.000000	0.009709	1.000000	102.000000	22.199010	1.000000	2.000000	10.148892
parser.c:3191	1.000000	1.000000	1.000000	1.000000	1.000000	0.009709	1.000000	102.000000	22.199010	1.000000	2.000000	10.148892
parser.c:3206	1.000000	1.000000	1.000000	1.000000	1.000000	0.009709	1.000000	102.000000	22.199010	1.000000	2.000000	10.148892
parser.c:3209	1.000000	1.000000	1.000000	1.000000	1.000000	0.009709	1.000000	102.000000	22.199010	1.000000	2.000000	10.148892
parser.c:3210	1.000000	1.000000	1.000000	1.000000	1.000000	0.009709	1.000000	102.000000	22.199010	1.000000	2.000000	10.148892
parser.c:3211	1.000000	1.000000	1.000000	1.000000	1.000000	0.009709	1.000000	102.000000	22.199010	1.000000	2.000000	10.148892
parser.c:3213	1.000000	1.000000	1.000000	1.000000	1.000000	0.009709	1.000000	102.000000	22.199010	1.000000	2.000000	10.148892
parser.c:3234	1.000000	1.000000	1.000000	1.000000	1.000000	0.009709	1.000000	102.000000	22.199010	1.000000	2.000000	10.148892
parser.c:3244	0.935780	0.353553	0.125000	1.000000	0.932039	0.009709	1.000000	95.000000	24.139340	1.282868	1.066667	9.433981
parser.c:3246	0.935780	0.353553	0.125000	1.000000	0.932039	0.009709	1.000000	95.000000	24.139340	1.282868	1.066667	9.433981
parser.c:3249	0.000000	0.000000	0.000000	0.000000	-0.029126	0.000000	0.000000	-1.000000	21.631800	1.316074	0.000000	0.000000
parser.c:3250	0.000000	0.000000	0.000000	0.000000	-0.029126	0.000000	0.000000	-1.000000	21.631800	1.316074	0.000000	0.000000
parser.c:3251	0.000000	0.000000	0.000000	0.000000	-0.029126	0.000000	0.000000	-1.000000	21.631800	1.316074	0.000000	0.000000
parser.c:3253	0.980769	0.577350	0.333333	1.000000	0.980583	0.009709	1.000000	100.000000	23.414214	0.643594	1.200000	9.949874
parser.c:3254	0.980769	0.577350	0.333333	1.000000	0.980583	0.009709	1.000000	100.000000	23.414214	0.643594	1.200000	9.949874
parser.c:3255	0.980769	0.577350	0.333333	1.000000	0.980583	0.009709	1.000000	100.000000	23.414214	0.643594	1.200000	9.949874
parser.c:3257	0.935780	0.353553	0.125000	1.000000	0.932039	0.009709	1.000000	95.000000	24.139340	1.282868	1.066667	9.433981
parser.c:3258	0.935780	0.353553	0.125000	1.000000	0.932039	0.009709	1.000000	95.000000	24.139340	1.282868	1.066667	9.433981
parser.c:3260	0.935780	0.353553	0.125000	1.000000	0.932039	0.009709	1.000000	95.000000	24.139340	1.282868	1.066667	9.433981
parser.c:3278	0.000000	0.000000	0.000000	0.000000	-0.058252	0.000000	0.000000	-1.000000	22.045408	1.565085	0.000000	0.000000
parser.c:3284	0.000000	0.000000	0.000000	0.000000	-0.058252	0.000000	0.000000	-1.000000	22.045408	1.565085	0.000000	0.000000
parser.c:3288	0.000000	0.000000	0.000000	0.000000	-0.058252	0.000000	0.000000	-1.000000	22.045408	1.565085	0.000000	0.000000
parser.c:3290	0.000000	0.000000	0.000000	0.000000	-0.058252	0.000000	0.000000	-1.000000	22.045408	1.565085	0.000000	0.000000
parser.c:3294	0.000000	0.000000	0.000000	0.000000	-0.058252	0.000000	0.000000	-1.000000	22.045408	1.565085	0.000000	0.000000
parser.c:3310	0.000000	0.000000	0.000000	0.000000	-0.019417	0.000000	0.000000	-1.000000	21.414214	1.189207	0.000000	0.000000
parser.c:3314	0.000000	0.000000	0.000000	0.000000	-0.019417	0.000000	0.000000	-1.000000	21.414214	1.189207	0.000000	0.000000
parser.c:3319	0.000000	0.000000	0.000000	0.000000	-0.019417	0.000000	0.000000	-1.000000	21.414214	1.189207	0.000000	0.000000
parser.c:3321	0.000000	0.000000	0.000000	0.000000	-0.019417	0.000000	0.000000	-1.000000	21.414214	1.189207	0.000000	0.000000
parser.c:3322	0.000000	0.000000	0.000000	0.000000	-0.019417	0.000000	0.000000	-1.000000	21.414214	1.189207	0.000000	0.000000
parser.c:3323	0.000000	0.000000	0.000000	0.000000	-0.019417	0.000000	0.000000	-1.000000	21.414214	1.189207	0.000000	0.000000
parser.c:3325	0.000000	0.000000	0.000000	0.000000	-0.019417	0.000000	0.000000	-1.000000	21.414214	1.189207	0.000000	0.000000
parser.c:3335	0.000000	0.000000	0.000000	0.000000	-0.019417	0.000000	0.000000	-1.000000	21.414214	1.189207	0.000000	0.000000
parser.c:3342	0.566667	0.112509	0.012658	1.000000	0.242718	0.009709	1.000000	24.000000	20.629720	2.798528	1.006369	7.280110
parser.c:3344	0.566667	0.112509	0.012658	1.000000	0.242718	0.009709	1.000000	24.000000	20.629720	2.798528	1.006369	7.280110
parser.c:3345	0.566667	0.112509	0.012658	1.000000	0.242718	0.009709	1.000000	24.000000	20.629720	2.798528	1.006369	7.280110
parser.c:3347	0.566667	0.112509	0.012658	1.000000	0.242718	0.009709	1.000000	24.000000	20.629720	2.798528	1.006369	7.280110
parser.c:3352	0.566667	0.112509	0.012658	1.000000	0.242718	0.009709	1.000000	24.000000	20.629720	2.798528	1.006369	7.280110
parser.c:3354	0.566667	0.112509	0.012658	1.000000	0.242718	0.009709	1.000000	24.000000	20.629720	2.798528	1.006369	7.280110
parser.c:3355	0.566667	0.112509	0.012658	1.000000	0.242718	0.009709	1.000000	24.000000	20.629720	2.798528	1.006369	7.280110
parser.c:3368	0.566667	0.112509	0.012658	1.000000	0.242718	0.009709	1.000000	24.000000	20.629720	2.798528	1.006369	7.280110
parser.c:3369	0.566667	0.112509	0.012658	1.000000	0.242718	0.009709	1.000000	24.000000	20.629720	2.798528	1.006369	7.280110
parser.c:337	0.000000	0.000000	0.000000	0.000000	-0.194175	0.000000	0.000000	-1.000000	22.582906	2.114743	0.000000	0.000000
parser.c:3372	0.573034	0.113961	0.012987	1.000000	0.262136	0.009709	1.000000	26.000000	20.915837	2.778092	1.006536	7.000000
parser.c:3374	0.573034	0.113961	0.012987	1.000000	0.262136	0.009709	1.000000	26.000000	20.915837	2.778092	1.006536	7.000000
parser.c:3375	0.573034	0.113961	0.012987	1.000000	0.262136	0.009709	1.000000	26.000000	20.915837	2.778092	1.006536	7.000000
parser.c:340	0.000000	0.000000	0.000000	0.000000	-0.194175	0.000000	0.000000	-1.000000	22.582906	2.114743	0.000000	0.000000
parser.c:342	0.000000	0.000000	0.000000	0.000000	-0.194175	0.000000	0.000000	-1.000000	22.582906	2.114743	0.000000	0.000000
parser.c:344	0.000000	0.000000	0.000000	0.000000	-0.194175	0.000000	0.000000	-1.000000	22.582906	2.114743	0.000000	0.000000
parser.c:346	0.000000	0.000000	0.000000	0.000000	-0.194175	0.000000	0.000000	-1.000000	22.582906	2.114743	0.000000	0.000000
parser.c:347	0.000000	0.000000	0.000000	0.000000	-0.194175	0.000000	0.000000	-1.000000	22.582906	2.114743	0.000000	0.000000
parser.c:351	0.000000	0.000000	0.000000	0.000000	-0.194175	0.000000	0.000000	-1.000000	22.582906	2.114743	0.000000	0.000000
parser.c:381	0.500000	0.098533	0.009709	1.000000	0.009709	0.009709	1.000000	0.000000	12.099505	3.016539	1.004878	10.049876
parser.c:383	0.500000	0.098533	0.009709	1.000000	0.009709	0.009709	1.000000	0.000000	12.099505	3.016539	1.004878	10.049876
parser.c:392	0.500000	0.098533	0.009709	1.000000	0.009709	0.009709	1.000000	0.000000	12.099505	3.016539	1.004878	10.049876
parser.c:395	0.000000	0.000000	0.000000	0.000000	-0.058252	0.000000	0.000000	-1.000000	22.045408	1.565085	0.000000	0.000000
parser.c:396	0.000000	0.000000	0.000000	0.000000	-0.058252	0.000000	0.000000	-1.000000	22.045408	1.565085	0.000000	0.000000
parser.c:397	0.000000	0.000000	0.000000	0.000000	-0.058252	0.000000	0.000000	-1.000000	22.045408	1.565085	0.000000	0.000000
parser.c:400	0.500000	0.098533	0.009709	1.000000	0.009709	0.009709	1.000000	0.000000	12.099505	3.016539	1.004878	10.049876
parser.c:404	0.500000	0.098533	0.009709	1.000000	0.009709	0.009709	1.000000	0.000000	12.099505	3.016539	1.004878	10.049876
parser.c:407	0.000000	0.000000	0.000000	0.000000	-0.038835	0.000000	0.000000	-1.000000	21.798990	1.414214	0.000000	0.000000
parser.c:408	0.000000	0.000000	0.000000	0.000000	-0.038835	0.000000	0.000000	-1.000000	21.798990	1.414214	0.000000	0.000000
parser.c:411	0.500000	0.098533	0.009709	1.000000	0.009709	0.009709	1.000000	0.000000	12.099505	3.016539	1.004878	10.049876
parser.c:412	0.500000	0.098533	0.009709	1.000000	0.009709	0.009709	1.000000	0.000000	12.099505	3.016539	1.004878	10.049876
parser.c:416	0.500000	0.098533	0.009709	1.000000	0.009709	0.009709	1.000000	0.000000	12.099505	3.016539	1.004878	10.049876
parser.c:422	0.500000	0.098533	0.009709	1.000000	0.009709	0.009709	1.000000	0.000000	12.099505	3.016539	1.004878	10.049876
parser.c:423	0.500000	0.098533	0.009709	1.000000	0.009709	0.009709	1.000000	0.000000	12.099505	3.016539	1.004878	10.049876
parser.c:426	0.539683	0.106600	0.011364	1.000000	0.155340	0.009709	1.000000	15.000000	19.073346	2.885720	1.005714	8.426150
parser.c:433	0.539683	0.106600	0.011364	1.000000	0.155340	0.009709	1.000000	15.000000	19.073346	2.885720	1.005714	8.426150
parser.c:440	0.500000	0.098533	0.009709	1.000000	0.009709	0.009709	1.000000	0.000000	12.099505	3.016539	1.004878	10.049876
parser.c:455	0.500000	0.098533	0.009709	1.000000	0.009709	0.009709	1.000000	0.000000	12.099505	3.016539	1.004878	10.049876
parser.c:461	0.500000	0.098533	0.009709	1.000000	0.009709	0.009709	1.000000	0.000000	12.099505	3.016539	1.004878	10.049876
parser.c:463	0.000000	0.000000	0.000000	0.000000	-0.194175	0.000000	0.000000	-1.000000	22.582906	2.114743	0.000000	0.000000
parser.c:464	0.000000	0.000000	0.000000	0.000000	-0.009709	0.000000	0.000000	-1.000000	21.099751	1.000000	0.000000	0.000000
parser.c:485	0.500000	0.098533	0.009709	1.000000	0.009709	0.009709	1.000000	0.000000	12.099505	3.016539	1.004878	10.049876
parser.c:487	0.500000	0.098533	0.009709	1.000000	0.009709	0.009709	1.000000	0.000000	12.099505	3.016539	1.004878	10.049876
parser.c:492	0.500000	0.098533	0.009709	1.000000	0.009709	0.009709	1.000000	0.000000	12.099505	3.016539	1.004878	10.049876
parser.c:501	0.500000	0.098533	0.009709	1.000000	0.009709	0.009709	1.000000	0.000000	12.099505	3.016539	1.004878	10.049876
parser.c:504	0.500000	0.098533	0.009709	1.000000	0.009709	0.009709	1.000000	0.000000	12.099505	3.016539	1.004878	10.049876
parser.c:507	0.500000	0.098533	0.009709	1.000000	0.009709	0.009709	1.000000	0.000000	12.099505	3.016539	1.004878	10.049876
parser.c:513	0.500000	0.098533	0.009709	1.000000	0.009709	0.009709	1.000000	0.000000	12.099505	3.016539	1.004878	10.049876
parser.c:514	0.500000	0.098533	0.009709	1.000000	0.009709	0.009709	1.000000	0.000000	12.099505	3.016539	1.004878	10.049876
parser.c:516	0.500000	0.098533	0.009709	1.000000	0.009709	0.009709	1.000000	0.000000	12.099505	3.016539	1.004878	10.049876
parser.c:518	0.500000	0.098533	0.009709	1.000000	0.009709	0.009709	1.000000	0.000000	12.099505	3.016539	1.004878	10.049876
parser.c:520	0.500000	0.098533	0.009709	1.000000	0.009709	0.009709	1.000000	0.000000	12.099505	3.016539	1.004878	10.049876
parser.c:527	1.000000	1.000000	1.000000	1.000000	1.000000	0.009709	1.000000	102.000000	22.199010	1.000000	2.000000	10.148892
parser.c:529	1.000000	1.000000	1.000000	1.000000	1.000000	0.009709	1.000000	102.000000	22.199010	1.000000	2.000000	10.148892
parser.c:534	1.000000	1.000000	1.000000	1.000000	1.000000	0.009709	1.000000	102.000000	22.199010	1.000000	2.000000	10.148892
parser.c:539	1.000000	1.000000	1.000000	1.000000	1.000000	0.009709	1.000000	102.000000	22.199010	1.000000	2.000000	10.148892
parser.c:547	1.000000	1.000000	1.000000	1.000000	1.000000	0.009709	1.000000	102.000000	22.199010	1.000000	2.000000	10.148892
parser.c:552	1.000000	1.000000	1.000000	1.000000	1.000000	0.009709	1.000000	102.000000	22.199010	1.000000	2.000000	10.148892
parser.c:554	1.000000	1.000000	1.000000	1.000000	1.000000	0.009709	1.000000	102.000000	22.199010	1.000000	2.000000	10.148892
parser.c:555	1.000000	1.000000	1.000000	1.000000	1.000000	0.009709	1.000000	102.000000	22.199010	1.000000	2.000000	10.148892
parser.c:562	0.551351	0.109109	0.011905	1.000000	0.194175	0.009709	1.000000	19.000000	19.828231	2.847882	1.005988	7.937254
parser.c:564	0.551351	0.109109	0.011905	1.000000	0.194175	0.009709	1.000000	19.000000	19.828231	2.847882	1.005988	7.937254
parser.c:566	0.000000	0.000000	0.000000	0.000000	-0.058252	0.000000	0.000000	-1.000000	22.045408	1.565085	0.000000	0.000000
parser.c:567	0.000000	0.000000	0.000000	0.000000	-0.058252	0.000000	0.000000	-1.000000	22.045408	1.565085	0.000000	0.000000
parser.c:571	0.566667	0.112509	0.012658	1.000000	0.242718	0.009709	1.000000	24.000000	20.629720	2.798528	1.006369	7.280110
parser.c:572	0.566667	0.112509	0.012658	1.000000	0.242718	0.009709	1.000000	24.000000	20.629720	2.798528	1.006369	7.280110
parser.c:573	0.566667	0.112509	0.012658	1.000000	0.242718	0.009709	1.000000	24.000000	20.629720	2.798528	1.006369	7.280110
parser.c:578	0.000000	0.000000	0.000000	0.000000	-0.058252	0.000000	0.000000	-1.000000	22.045408	1.565085	0.000000	0.000000
parser.c:581	0.000000	0.000000	0.000000	0.000000	-0.058252	0.000000	0.000000	-1.000000	22.045408	1.565085	0.000000	0.000000
parser.c:583	0.000000	0.000000	0.000000	0.000000	-0.048544	0.000000	0.000000	-1.000000	21.933784	1.495349	0.000000	0.000000
parser.c:585	0.000000	0.000000	0.000000	0.000000	-0.058252	0.000000	0.000000	-1.000000	22.045408	1.565085	0.000000	0.000000
parser.c:594	0.000000	0.000000	0.000000	0.000000	-0.009709	0.000000	0.000000	-1.000000	21.099751	1.000000	0.000000	0.000000
parser.c:610	0.000000	0.000000	0.000000	0.000000	-0.019417	0.000000	0.000000	-1.000000	21.414214	1.189207	0.000000	0.000000
parser.c:617	0.000000	0.000000	0.000000	0.000000	-0.019417	0.000000	0.000000	-1.000000	21.414214	1.189207	0.000000	0.000000
parser.c:618	0.000000	0.000000	0.000000	0.000000	-0.019417	0.000000	0.000000	-1.000000	21.414214	1.189207	0.000000	0.000000
parser.c:619	0.000000	0.000000	0.000000	0.000000	-0.019417	0.000000	0.000000	-1.000000	21.414214	1.189207	0.000000	0.000000
parser.c:620	0.000000	0.000000	0.000000	0.000000	-0.019417	0.000000	0.000000	-1.000000	21.414214	1.189207	0.000000	0.000000
parser.c:621	0.000000	0.000000	0.000000	0.000000	-0.019417	0.000000	0.000000	-1.000000	21.414214	1.189207	0.000000	0.000000
parser.c:622	0.000000	0.000000	0.000000	0.000000	-0.019417	0.000000	0.000000	-1.000000	21.414214	1.189207	0.000000	0.000000
parser.c:644	0.850000	0.229416	0.052632	1.000000	0.825243	0.009709	1.000000	84.000000	24.572943	1.800733	1.027027	8.185353
parser.c:651	0.850000	0.229416	0.052632	1.000000	0.825243	0.009709	1.000000	84.000000	24.572943	1.800733	1.027027	8.185353
parser.c:652	0.850000	0.229416	0.052632	1.000000	0.825243	0.009709	1.000000	84.000000	24.572943	1.800733	1.027027	8.185353
parser.c:653	0.850000	0.229416	0.052632	1.000000	0.825243	0.009709	1.000000	84.000000	24.572943	1.800733	1.027027	8.185353
parser.c:654	0.850000	0.229416	0.052632	1.000000	0.825243	0.009709	1.000000	84.000000	24.572943	1.800733	1.027027	8.185353
parser.c:655	0.850000	0.229416	0.052632	1.000000	0.825243	0.009709	1.000000	84.000000	24.572943	1.800733	1.027027	8.185353
parser.c:656	0.850000	0.229416	0.052632	1.000000	0.825243	0.009709	1.000000	84.000000	24.572943	1.800733	1.027027	8.185353
parser.c:678	0.000000	0.000000	0.000000	0.000000	-0.029126	0.000000	0.000000	-1.000000	21.631800	1.316074	0.000000	0.000000
parser.c:685	0.000000	0.000000	0.000000	0.000000	-0.029126	0.000000	0.000000	-1.000000	21.631800	1.316074	0.000000	0.000000
parser.c:686	0.000000	0.000000	0.000000	0.000000	-0.029126	0.000000	0.000000	-1.000000	21.631800	1.316074	0.000000	0.000000
parser.c:687	0.000000	0.000000	0.000000	0.000000	-0.029126	0.000000	0.000000	-1.000000	21.631800	1.316074	0.000000	0.000000
parser.c:688	0.000000	0.000000	0.000000	0.000000	-0.029126	0.000000	0.000000	-1.000000	21.631800	1.316074	0.000000	0.000000
parser.c:689	0.000000	0.000000	0.000000	0.000000	-0.029126	0.000000	0.000000	-1.000000	21.631800	1.316074	0.000000	0.000000
parser.c:690	0.000000	0.000000	0.000000	0.000000	-0.029126	0.000000	0.000000	-1.000000	21.631800	1.316074	0.000000	0.000000
parser.c:691	0.000000	0.000000	0.000000	0.000000	-0.029126	0.000000	0.000000	-1.000000	21.631800	1.316074	0.000000	0.000000
parser.c:717	0.000000	0.000000	0.000000	0.000000	-0.029126	0.000000	0.000000	-1.000000	21.631800	1.316074	0.000000	0.000000
parser.c:723	0.000000	0.000000	0.000000	0.000000	-0.029126	0.000000	0.000000	-1.000000	21.631800	1.316074	0.000000	0.000000
parser.c:724	0.000000	0.000000	0.000000	0.000000	-0.029126	0.000000	0.000000	-1.000000	21.631800	1.316074	0.000000	0.000000
parser.c:726	0.000000	0.000000	0.000000	0.000000	-0.029126	0.000000	0.000000	-1.000000	21.631800	1.316074	0.000000	0.000000
parser.c:731	0.000000	0.000000	0.000000	0.000000	-0.029126	0.000000	0.000000	-1.000000	21.631800	1.316074	0.000000	0.000000
parser.c:733	0.000000	0.000000	0.000000	0.000000	-0.029126	0.000000	0.000000	-1.000000	21.631800	1.316074	0.000000	0.000000
parser.c:734	0.000000	0.000000	0.000000	0.000000	-0.029126	0.000000	0.000000	-1.000000	21.631800	1.316074	0.000000	0.000000
parser.c:738	0.000000	0.000000	0.000000	0.000000	-0.087379	0.000000	0.000000	-1.000000	22.287302	1.732051	0.000000	0.000000
parser.c:743	0.000000	0.000000	0.000000	0.000000	-0.087379	0.000000	0.000000	-1.000000	22.287302	1.732051	0.000000	0.000000
parser.c:744	0.000000	0.000000	0.000000	0.000000	-0.087379	0.000000	0.000000	-1.000000	22.287302	1.732051	0.000000	0.000000
parser.c:748	0.000000	0.000000	0.000000	0.000000	-0.009709	0.000000	0.000000	-1.000000	21.099751	1.000000	0.000000	0.000000
parser.c:750	0.000000	0.000000	0.000000	0.000000	-0.009709	0.000000	0.000000	-1.000000	21.099751	1.000000	0.000000	0.000000
parser.c:755	0.000000	0.000000	0.000000	0.000000	-0.009709	0.000000	0.000000	-1.000000	21.099751	1.000000	0.000000	0.000000
parser.c:759	0.000000	0.000000	0.000000	0.000000	-0.029126	0.000000	0.000000	-1.000000	21.631800	1.316074	0.000000	0.000000
parser.c:765	0.000000	0.000000	0.000000	0.000000	-0.029126	0.000000	0.000000	-1.000000	21.631800	1.316074	0.000000	0.000000
parser.c:766	0.000000	0.000000	0.000000	0.000000	-0.029126	0.000000	0.000000	-1.000000	21.631800	1.316074	0.000000	0.000000
parser.c:767	0.000000	0.000000	0.000000	0.000000	-0.029126	0.000000	0.000000	-1.000000	21.631800	1.316074	0.000000	0.000000
parser.c:771	0.000000	0.000000	0.000000	0.000000	-0.067961	0.000000	0.000000	-1.000000	22.139340	1.626577	0.000000	0.000000
parser.c:773	0.000000	0.000000	0.000000	0.000000	-0.067961	0.000000	0.000000	-1.000000	22.139340	1.626577	0.000000	0.000000
parser.c:777	0.000000	0.000000	0.000000	0.000000	-0.067961	0.000000	0.000000	-1.000000	22.139340	1.626577	0.000000	0.000000
parser.c:779	0.000000	0.000000	0.000000	0.000000	-0.067961	0.000000	0.000000	-1.000000	22.139340	1.626577	0.000000	0.000000
parser.c:783	0.000000	0.000000	0.000000	0.000000	-0.058252	0.000000	0.000000	-1.000000	22.045408	1.565085	0.000000	0.000000
parser.c:790	0.000000	0.000000	0.000000	0.000000	-0.058252	0.000000	0.000000	-1.000000	22.045408	1.565085	0.000000	0.000000
parser.c:791	0.000000	0.000000	0.000000	0.000000	-0.058252	0.000000	0.000000	-1.000000	22.045408	1.565085	0.000000	0.000000
parser.c:792	0.000000	0.000000	0.000000	0.000000	-0.058252	0.000000	0.000000	-1.000000	22.045408	1.565085	0.000000	0.000000
parser.c:793	0.000000	0.000000	0.000000	0.000000	-0.058252	0.000000	0.000000	-1.000000	22.045408	1.565085	0.000000	0.000000
parser.c:794	0.000000	0.000000	0.000000	0.000000	-0.058252	0.000000	0.000000	-1.000000	22.045408	1.565085	0.000000	0.000000
parser.c:820	0.000000	0.000000	0.000000	0.000000	-0.009709	0.000000	0.000000	-1.000000	21.099751	1.000000	0.000000	0.000000
parser.c:822	0.000000	0.000000	0.000000	0.000000	-0.009709	0.000000	0.000000	-1.000000	21.099751	1.000000	0.000000	0.000000
parser.c:823	0.000000	0.000000	0.000000	0.000000	-0.009709	0.000000	0.000000	-1.000000	21.099751	1.000000	0.000000	0.000000
parser.c:827	0.000000	0.000000	0.000000	0.000000	-0.009709	0.000000	0.000000	-1.000000	21.099751	1.000000	0.000000	0.000000
parser.c:831	0.000000	0.000000	0.000000	0.000000	-0.009709	0.000000	0.000000	-1.000000	21.099751	1.000000	0.000000	0.000000
parser.c:833	0.000000	0.000000	0.000000	0.000000	-0.009709	0.000000	0.000000	-1.000000	21.099751	1.000000	0.000000	0.000000
parser.c:834	0.000000	0.000000	0.000000	0.000000	-0.009709	0.000000	0.000000	-1.000000	21.099751	1.000000	0.000000	0.000000
parser.c:835	0.000000	0.000000	0.000000	0.000000	-0.009709	0.000000	0.000000	-1.000000	21.099751	1.000000	0.000000	0.000000
parser.c:836	0.000000	0.000000	0.000000	0.000000	-0.009709	0.000000	0.000000	-1.000000	21.099751	1.000000	0.000000	0.000000
parser.c:837	0.000000	0.000000	0.000000	0.000000	-0.009709	0.000000	0.000000	-1.000000	21.099751	1.000000	0.000000	0.000000
parser.c:838	0.000000	0.000000	0.000000	0.000000	-0.009709	0.000000	0.000000	-1.000000	21.099751	1.000000	0.000000	0.000000
parser.c:847	0.000000	0.000000	0.000000	0.000000	-0.019417	0.000000	0.000000	-1.000000	21.414214	1.189207	0.000000	0.000000
parser.c:849	0.000000	0.000000	0.000000	0.000000	-0.019417	0.000000	0.000000	-1.000000	21.414214	1.189207	0.000000	0.000000
parser.c:850	0.000000	0.000000	0.000000	0.000000	-0.019417	0.000000	0.000000	-1.000000	21.414214	1.189207	0.000000	0.000000
parser.c:851	0.000000	0.000000	0.000000	0.000000	-0.009709	0.000000	0.000000	-1.000000	21.099751	1.000000	0.000000	0.000000
parser.c:853	0.000000	0.000000	0.000000	0.000000	-0.009709	0.000000	0.000000	-1.000000	21.099751	1.000000	0.000000	0.000000
parser.c:854	0.000000	0.000000	0.000000	0.000000	-0.019417	0.000000	0.000000	-1.000000	21.414214	1.189207	0.000000	0.000000
parser.c:855	0.000000	0.000000	0.000000	0.000000	-0.019417	0.000000	0.000000	-1.000000	21.414214	1.189207	0.000000	0.000000
parser.c:856	0.000000	0.000000	0.000000	0.000000	-0.019417	0.000000	0.000000	-1.000000	21.414214	1.189207	0.000000	0.000000
parser.c:857	0.000000	0.000000	0.000000	0.000000	-0.019417	0.000000	0.000000	-1.000000	21.414214	1.189207	0.000000	0.000000
parser.c:862	0.000000	0.000000	0.000000	0.000000	-0.009709	0.000000	0.000000	-1.000000	21.099751	1.000000	0.000000	0.000000
parser.c:865	0.000000	0.000000	0.000000	0.000000	-0.009709	0.000000	0.000000	-1.000000	21.099751	1.000000	0.000000	0.000000
parser.c:866	0.000000	0.000000	0.000000	0.000000	-0.009709	0.000000	0.000000	-1.000000	21.099751	1.000000	0.000000	0.000000
parser.c:928	0.000000	0.000000	0.000000	0.000000	-0.106796	0.000000	0.000000	-1.000000	22.395409	1.821160	0.000000	0.000000
parser.c:933	0.000000	0.000000	0.000000	0.000000	-0.106796	0.000000	0.000000	-1.000000	22.395409	1.821160	0.000000	0.000000
parser.c:934	0.000000	0.000000	0.000000	0.000000	-0.106796	0.000000	0.000000	-1.000000	22.395409	1.821160	0.000000	0.000000
parser.c:935	0.000000	0.000000	0.000000	0.000000	-0.106796	0.000000	0.000000	-1.000000	22.395409	1.821160	0.000000	0.000000
parser.c:953	0.000000	0.000000	0.000000	0.000000	-0.106796	0.000000	0.000000	-1.000000	22.395409	1.821160	0.000000	0.000000
parser.c:959	0.000000	0.000000	0.000000	0.000000	-0.106796	0.000000	0.000000	-1.000000	22.395409	1.821160	0.000000	0.000000
parser.c:965	0.000000	0.000000	0.000000	0.000000	-0.106796	0.000000	0.000000	-1.000000	22.395409	1.821160	0.000000	0.000000
parser.c:970	0.000000	0.000000	0.000000	0.000000	-0.106796	0.000000	0.000000	-1.000000	22.395409	1.821160	0.000000	0.000000
parser.c:975	0.000000	0.000000	0.000000	0.000000	-0.019417	0.000000	0.000000	-1.000000	21.414214	1.189207	0.000000	0.000000
parser.c:979	0.000000	0.000000	0.000000	0.000000	-0.019417	0.000000	0.000000	-1.000000	21.414214	1.189207	0.000000	0.000000
parser.c:983	0.000000	0.000000	0.000000	0.000000	-0.009709	0.000000	0.000000	-1.000000	21.099751	1.000000	0.000000	0.000000
parser.c:984	0.000000	0.000000	0.000000	0.000000	-0.009709	0.000000	0.000000	-1.000000	21.099751	1.000000	0.000000	0.000000
parser.c:985	0.000000	0.000000	0.000000	0.000000	-0.009709	0.000000	0.000000	-1.000000	21.099751	1.000000	0.000000	0.000000
parser.c:991	0.000000	0.000000	0.000000	0.000000	-0.009709	0.000000	0.000000	-1.000000	21.099751	1.000000	0.000000	0.000000
parser.c:992	0.000000	0.000000	0.000000	0.000000	-0.009709	0.000000	0.000000	-1.000000	21.099751	1.000000	0.000000	0.000000
