parser.c:1002	0.000000	0.000000	0.000000	0.000000	-0.097345	0.000000	0.000000	-1.000000	23.416376	1.821160	0.000000	0.000000
parser.c:1007	0.000000	0.000000	0.000000	0.000000	-0.097345	0.000000	0.000000	-1.000000	23.416376	1.821160	0.000000	0.000000
parser.c:1008	0.000000	0.000000	0.000000	0.000000	-0.097345	0.000000	0.000000	-1.000000	23.416376	1.821160	0.000000	0.000000
parser.c:1009	0.000000	0.000000	0.000000	0.000000	-0.097345	0.000000	0.000000	-1.000000	23.416376	1.821160	0.000000	0.000000
parser.c:1027	0.000000	0.000000	0.000000	0.000000	-0.097345	0.000000	0.000000	-1.000000	23.416376	1.821160	0.000000	0.000000
parser.c:1033	0.000000	0.000000	0.000000	0.000000	-0.097345	0.000000	0.000000	-1.000000	23.416376	1.821160	0.000000	0.000000
parser.c:1039	0.000000	0.000000	0.000000	0.000000	-0.097345	0.000000	0.000000	-1.000000	23.416376	1.821160	0.000000	0.000000
parser.c:1044	0.000000	0.000000	0.000000	0.000000	-0.097345	0.000000	0.000000	-1.000000	23.416376	1.821160	0.000000	0.000000
parser.c:1049	0.000000	0.000000	0.000000	0.000000	-0.017699	0.000000	0.000000	-1.000000	22.390391	1.189207	0.000000	0.000000
parser.c:1053	0.000000	0.000000	0.000000	0.000000	-0.017699	0.000000	0.000000	-1.000000	22.390391	1.189207	0.000000	0.000000
parser.c:1057	0.000000	0.000000	0.000000	0.000000	-0.008850	0.000000	0.000000	-1.000000	22.071308	1.000000	0.000000	0.000000
parser.c:1058	0.000000	0.000000	0.000000	0.000000	-0.008850	0.000000	0.000000	-1.000000	22.071308	1.000000	0.000000	0.000000
parser.c:1059	0.000000	0.000000	0.000000	0.000000	-0.008850	0.000000	0.000000	-1.000000	22.071308	1.000000	0.000000	0.000000
parser.c:1065	0.000000	0.000000	0.000000	0.000000	-0.008850	0.000000	0.000000	-1.000000	22.071308	1.000000	0.000000	0.000000
parser.c:1066	0.000000	0.000000	0.000000	0.000000	-0.008850	0.000000	0.000000	-1.000000	22.071308	1.000000	0.000000	0.000000
parser.c:1085	0.000000	0.000000	0.000000	0.000000	-0.008850	0.000000	0.000000	-1.000000	22.071308	1.000000	0.000000	0.000000
parser.c:1093	0.000000	0.000000	0.000000	0.000000	-0.008850	0.000000	0.000000	-1.000000	22.071308	1.000000	0.000000	0.000000
parser.c:1103	0.000000	0.000000	0.000000	0.000000	-0.008850	0.000000	0.000000	-1.000000	22.071308	1.000000	0.000000	0.000000
parser.c:1149	0.000000	0.000000	0.000000	0.000000	-0.292035	0.000000	0.000000	-1.000000	23.520951	2.396782	0.000000	0.000000
parser.c:1151	0.000000	0.000000	0.000000	0.000000	-0.292035	0.000000	0.000000	-1.000000	23.520951	2.396782	0.000000	0.000000
parser.c:1154	0.000000	0.000000	0.000000	0.000000	-0.035398	0.000000	0.000000	-1.000000	22.784610	1.414214	0.000000	0.000000
parser.c:1158	0.000000	0.000000	0.000000	0.000000	-0.256637	0.000000	0.000000	-1.000000	23.606032	2.320596	0.000000	0.000000
parser.c:1163	0.000000	0.000000	0.000000	0.000000	-0.008850	0.000000	0.000000	-1.000000	22.071308	1.000000	0.000000	0.000000
parser.c:1166	0.000000	0.000000	0.000000	0.000000	-0.008850	0.000000	0.000000	-1.000000	22.071308	1.000000	0.000000	0.000000
parser.c:1168	0.000000	0.000000	0.000000	0.000000	-0.008850	0.000000	0.000000	-1.000000	22.071308	1.000000	0.000000	0.000000
parser.c:1169	0.000000	0.000000	0.000000	0.000000	-0.008850	0.000000	0.000000	-1.000000	22.071308	1.000000	0.000000	0.000000
parser.c:1173	0.000000	0.000000	0.000000	0.000000	-0.008850	0.000000	0.000000	-1.000000	22.071308	1.000000	0.000000	0.000000
parser.c:1174	0.000000	0.000000	0.000000	0.000000	-0.008850	0.000000	0.000000	-1.000000	22.071308	1.000000	0.000000	0.000000
parser.c:1187	0.000000	0.000000	0.000000	0.000000	-0.247788	0.000000	0.000000	-1.000000	23.621805	2.300327	0.000000	0.000000
parser.c:1190	0.000000	0.000000	0.000000	0.000000	-0.247788	0.000000	0.000000	-1.000000	23.621805	2.300327	0.000000	0.000000
parser.c:1192	0.000000	0.000000	0.000000	0.000000	-0.247788	0.000000	0.000000	-1.000000	23.621805	2.300327	0.000000	0.000000
parser.c:1193	0.000000	0.000000	0.000000	0.000000	-0.247788	0.000000	0.000000	-1.000000	23.621805	2.300327	0.000000	0.000000
parser.c:1194	0.000000	0.000000	0.000000	0.000000	-0.247788	0.000000	0.000000	-1.000000	23.621805	2.300327	0.000000	0.000000
parser.c:1199	0.000000	0.000000	0.000000	0.000000	-0.247788	0.000000	0.000000	-1.000000	23.621805	2.300327	0.000000	0.000000
parser.c:1201	0.000000	0.000000	0.000000	0.000000	-0.247788	0.000000	0.000000	-1.000000	23.621805	2.300327	0.000000	0.000000
parser.c:1206	0.000000	0.000000	0.000000	0.000000	-0.176991	0.000000	0.000000	-1.000000	23.655462	2.114743	0.000000	0.000000
parser.c:1208	0.000000	0.000000	0.000000	0.000000	-0.176991	0.000000	0.000000	-1.000000	23.655462	2.114743	0.000000	0.000000
parser.c:1221	0.000000	0.000000	0.000000	0.000000	-0.176991	0.000000	0.000000	-1.000000	23.655462	2.114743	0.000000	0.000000
parser.c:1227	0.000000	0.000000	0.000000	0.000000	-0.008850	0.000000	0.000000	-1.000000	22.071308	1.000000	0.000000	0.000000
parser.c:1230	0.000000	0.000000	0.000000	0.000000	-0.008850	0.000000	0.000000	-1.000000	22.071308	1.000000	0.000000	0.000000
parser.c:1231	0.000000	0.000000	0.000000	0.000000	-0.008850	0.000000	0.000000	-1.000000	22.071308	1.000000	0.000000	0.000000
parser.c:1233	0.000000	0.000000	0.000000	0.000000	-0.008850	0.000000	0.000000	-1.000000	22.071308	1.000000	0.000000	0.000000
parser.c:1235	0.000000	0.000000	0.000000	0.000000	-0.008850	0.000000	0.000000	-1.000000	22.071308	1.000000	0.000000	0.000000
parser.c:1236	0.000000	0.000000	0.000000	0.000000	-0.008850	0.000000	0.000000	-1.000000	22.071308	1.000000	0.000000	0.000000
parser.c:1237	0.000000	0.000000	0.000000	0.000000	-0.008850	0.000000	0.000000	-1.000000	22.071308	1.000000	0.000000	0.000000
parser.c:1238	0.000000	0.000000	0.000000	0.000000	-0.008850	0.000000	0.000000	-1.000000	22.071308	1.000000	0.000000	0.000000
parser.c:1239	0.000000	0.000000	0.000000	0.000000	-0.008850	0.000000	0.000000	-1.000000	22.071308	1.000000	0.000000	0.000000
parser.c:1246	0.000000	0.000000	0.000000	0.000000	-0.008850	0.000000	0.000000	-1.000000	22.071308	1.000000	0.000000	0.000000
parser.c:1248	0.000000	0.000000	0.000000	0.000000	-0.008850	0.000000	0.000000	-1.000000	22.071308	1.000000	0.000000	0.000000
parser.c:1249	0.000000	0.000000	0.000000	0.000000	-0.008850	0.000000	0.000000	-1.000000	22.071308	1.000000	0.000000	0.000000
parser.c:1254	0.000000	0.000000	0.000000	0.000000	-0.008850	0.000000	0.000000	-1.000000	22.071308	1.000000	0.000000	0.000000
parser.c:1255	0.000000	0.000000	0.000000	0.000000	-0.008850	0.000000	0.000000	-1.000000	22.071308	1.000000	0.000000	0.000000
parser.c:1256	0.000000	0.000000	0.000000	0.000000	-0.008850	0.000000	0.000000	-1.000000	22.071308	1.000000	0.000000	0.000000
parser.c:1257	0.000000	0.000000	0.000000	0.000000	-0.008850	0.000000	0.000000	-1.000000	22.071308	1.000000	0.000000	0.000000
parser.c:1258	0.000000	0.000000	0.000000	0.000000	-0.008850	0.000000	0.000000	-1.000000	22.071308	1.000000	0.000000	0.000000
parser.c:1267	0.000000	0.000000	0.000000	0.000000	-0.008850	0.000000	0.000000	-1.000000	22.071308	1.000000	0.000000	0.000000
parser.c:1269	0.000000	0.000000	0.000000	0.000000	-0.008850	0.000000	0.000000	-1.000000	22.071308	1.000000	0.000000	0.000000
parser.c:1273	0.000000	0.000000	0.000000	0.000000	-0.008850	0.000000	0.000000	-1.000000	22.071308	1.000000	0.000000	0.000000
parser.c:1275	0.000000	0.000000	0.000000	0.000000	-0.008850	0.000000	0.000000	-1.000000	22.071308	1.000000	0.000000	0.000000
parser.c:1276	0.000000	0.000000	0.000000	0.000000	-0.008850	0.000000	0.000000	-1.000000	22.071308	1.000000	0.000000	0.000000
parser.c:1278	0.000000	0.000000	0.000000	0.000000	-0.008850	0.000000	0.000000	-1.000000	22.071308	1.000000	0.000000	0.000000
parser.c:1280	0.000000	0.000000	0.000000	0.000000	-0.008850	0.000000	0.000000	-1.000000	22.071308	1.000000	0.000000	0.000000
parser.c:1283	0.000000	0.000000	0.000000	0.000000	-0.008850	0.000000	0.000000	-1.000000	22.071308	1.000000	0.000000	0.000000
parser.c:1284	0.000000	0.000000	0.000000	0.000000	-0.008850	0.000000	0.000000	-1.000000	22.071308	1.000000	0.000000	0.000000
parser.c:1293	0.000000	0.000000	0.000000	0.000000	-0.008850	0.000000	0.000000	-1.000000	22.071308	1.000000	0.000000	0.000000
parser.c:1296	0.000000	0.000000	0.000000	0.000000	-0.008850	0.000000	0.000000	-1.000000	22.071308	1.000000	0.000000	0.000000
parser.c:1297	0.000000	0.000000	0.000000	0.000000	-0.008850	0.000000	0.000000	-1.000000	22.071308	1.000000	0.000000	0.000000
parser.c:1299	0.000000	0.000000	0.000000	0.000000	-0.008850	0.000000	0.000000	-1.000000	22.071308	1.000000	0.000000	0.000000
parser.c:1300	0.000000	0.000000	0.000000	0.000000	-0.008850	0.000000	0.000000	-1.000000	22.071308	1.000000	0.000000	0.000000
parser.c:1301	0.000000	0.000000	0.000000	0.000000	-0.008850	0.000000	0.000000	-1.000000	22.071308	1.000000	0.000000	0.000000
parser.c:1302	0.000000	0.000000	0.000000	0.000000	-0.008850	0.000000	0.000000	-1.000000	22.071308	1.000000	0.000000	0.000000
parser.c:1316	0.000000	0.000000	0.000000	0.000000	-0.106195	0.000000	0.000000	-1.000000	23.464102	1.861210	0.000000	0.000000
parser.c:1321	0.000000	0.000000	0.000000	0.000000	-0.106195	0.000000	0.000000	-1.000000	23.464102	1.861210	0.000000	0.000000
parser.c:1322	0.000000	0.000000	0.000000	0.000000	-0.106195	0.000000	0.000000	-1.000000	23.464102	1.861210	0.000000	0.000000
parser.c:1324	0.000000	0.000000	0.000000	0.000000	-0.106195	0.000000	0.000000	-1.000000	23.464102	1.861210	0.000000	0.000000
parser.c:1325	0.000000	0.000000	0.000000	0.000000	-0.106195	0.000000	0.000000	-1.000000	23.464102	1.861210	0.000000	0.000000
parser.c:1327	0.000000	0.000000	0.000000	0.000000	-0.097345	0.000000	0.000000	-1.000000	23.416376	1.821160	0.000000	0.000000
parser.c:1328	0.000000	0.000000	0.000000	0.000000	-0.097345	0.000000	0.000000	-1.000000	23.416376	1.821160	0.000000	0.000000
parser.c:1330	0.000000	0.000000	0.000000	0.000000	-0.097345	0.000000	0.000000	-1.000000	23.416376	1.821160	0.000000	0.000000
parser.c:1333	0.000000	0.000000	0.000000	0.000000	-0.008850	0.000000	0.000000	-1.000000	22.071308	1.000000	0.000000	0.000000
parser.c:1344	0.000000	0.000000	0.000000	0.000000	-0.070796	0.000000	0.000000	-1.000000	23.224505	1.681793	0.000000	0.000000
parser.c:1346	0.000000	0.000000	0.000000	0.000000	-0.070796	0.000000	0.000000	-1.000000	23.224505	1.681793	0.000000	0.000000
parser.c:1350	0.000000	0.000000	0.000000	0.000000	-0.061947	0.000000	0.000000	-1.000000	23.139653	1.626577	0.000000	0.000000
parser.c:1352	0.000000	0.000000	0.000000	0.000000	-0.061947	0.000000	0.000000	-1.000000	23.139653	1.626577	0.000000	0.000000
parser.c:1402	0.000000	0.000000	0.000000	0.000000	-0.176991	0.000000	0.000000	-1.000000	23.655462	2.114743	0.000000	0.000000
parser.c:1405	0.000000	0.000000	0.000000	0.000000	-0.176991	0.000000	0.000000	-1.000000	23.655462	2.114743	0.000000	0.000000
parser.c:1407	0.000000	0.000000	0.000000	0.000000	-0.168142	0.000000	0.000000	-1.000000	23.646200	2.087798	0.000000	0.000000
parser.c:1408	0.000000	0.000000	0.000000	0.000000	-0.168142	0.000000	0.000000	-1.000000	23.646200	2.087798	0.000000	0.000000
parser.c:1410	0.000000	0.000000	0.000000	0.000000	-0.168142	0.000000	0.000000	-1.000000	23.646200	2.087798	0.000000	0.000000
parser.c:1411	0.000000	0.000000	0.000000	0.000000	-0.168142	0.000000	0.000000	-1.000000	23.646200	2.087798	0.000000	0.000000
parser.c:1412	0.000000	0.000000	0.000000	0.000000	-0.168142	0.000000	0.000000	-1.000000	23.646200	2.087798	0.000000	0.000000
parser.c:1413	0.000000	0.000000	0.000000	0.000000	-0.168142	0.000000	0.000000	-1.000000	23.646200	2.087798	0.000000	0.000000
parser.c:1414	0.000000	0.000000	0.000000	0.000000	-0.168142	0.000000	0.000000	-1.000000	23.646200	2.087798	0.000000	0.000000
parser.c:1417	0.000000	0.000000	0.000000	0.000000	-0.008850	0.000000	0.000000	-1.000000	22.071308	1.000000	0.000000	0.000000
parser.c:1421	0.000000	0.000000	0.000000	0.000000	-0.044248	0.000000	0.000000	-1.000000	22.924229	1.495349	0.000000	0.000000
parser.c:1428	0.000000	0.000000	0.000000	0.000000	-0.044248	0.000000	0.000000	-1.000000	22.924229	1.495349	0.000000	0.000000
parser.c:1429	0.000000	0.000000	0.000000	0.000000	-0.044248	0.000000	0.000000	-1.000000	22.924229	1.495349	0.000000	0.000000
parser.c:1430	0.000000	0.000000	0.000000	0.000000	-0.044248	0.000000	0.000000	-1.000000	22.924229	1.495349	0.000000	0.000000
parser.c:1431	0.000000	0.000000	0.000000	0.000000	-0.044248	0.000000	0.000000	-1.000000	22.924229	1.495349	0.000000	0.000000
parser.c:1432	0.000000	0.000000	0.000000	0.000000	-0.044248	0.000000	0.000000	-1.000000	22.924229	1.495349	0.000000	0.000000
parser.c:1433	0.000000	0.000000	0.000000	0.000000	-0.044248	0.000000	0.000000	-1.000000	22.924229	1.495349	0.000000	0.000000
parser.c:1458	0.000000	0.000000	0.000000	0.000000	-0.008850	0.000000	0.000000	-1.000000	22.071308	1.000000	0.000000	0.000000
parser.c:1463	0.000000	0.000000	0.000000	0.000000	-0.008850	0.000000	0.000000	-1.000000	22.071308	1.000000	0.000000	0.000000
parser.c:1467	0.000000	0.000000	0.000000	0.000000	-0.008850	0.000000	0.000000	-1.000000	22.071308	1.000000	0.000000	0.000000
parser.c:1474	0.000000	0.000000	0.000000	0.000000	-0.008850	0.000000	0.000000	-1.000000	22.071308	1.000000	0.000000	0.000000
parser.c:1476	0.000000	0.000000	0.000000	0.000000	-0.008850	0.000000	0.000000	-1.000000	22.071308	1.000000	0.000000	0.000000
parser.c:1477	0.000000	0.000000	0.000000	0.000000	-0.008850	0.000000	0.000000	-1.000000	22.071308	1.000000	0.000000	0.000000
parser.c:1478	0.000000	0.000000	0.000000	0.000000	-0.008850	0.000000	0.000000	-1.000000	22.071308	1.000000	0.000000	0.000000
parser.c:1482	0.000000	0.000000	0.000000	0.000000	-0.008850	0.000000	0.000000	-1.000000	22.071308	1.000000	0.000000	0.000000
parser.c:1491	0.000000	0.000000	0.000000	0.000000	-0.008850	0.000000	0.000000	-1.000000	22.071308	1.000000	0.000000	0.000000
parser.c:1492	0.000000	0.000000	0.000000	0.000000	-0.008850	0.000000	0.000000	-1.000000	22.071308	1.000000	0.000000	0.000000
parser.c:1493	0.000000	0.000000	0.000000	0.000000	-0.008850	0.000000	0.000000	-1.000000	22.071308	1.000000	0.000000	0.000000
parser.c:1504	0.000000	0.000000	0.000000	0.000000	-0.008850	0.000000	0.000000	-1.000000	22.071308	1.000000	0.000000	0.000000
parser.c:1506	0.000000	0.000000	0.000000	0.000000	-0.008850	0.000000	0.000000	-1.000000	22.071308	1.000000	0.000000	0.000000
parser.c:1507	0.000000	0.000000	0.000000	0.000000	-0.008850	0.000000	0.000000	-1.000000	22.071308	1.000000	0.000000	0.000000
parser.c:1693	0.500000	0.094072	0.008850	1.000000	0.008850	0.008850	1.000000	0.000000	12.583005	3.095643	1.004444	10.535654
parser.c:1700	0.500000	0.094072	0.008850	1.000000	0.008850	0.008850	1.000000	0.000000	12.583005	3.095643	1.004444	10.535654
parser.c:1701	0.500000	0.094072	0.008850	1.000000	0.008850	0.008850	1.000000	0.000000	12.583005	3.095643	1.004444	10.535654
parser.c:1702	0.500000	0.094072	0.008850	1.000000	0.008850	0.008850	1.000000	0.000000	12.583005	3.095643	1.004444	10.535654
parser.c:1703	0.500000	0.094072	0.008850	1.000000	0.008850	0.008850	1.000000	0.000000	12.583005	3.095643	1.004444	10.535654
parser.c:1704	0.500000	0.094072	0.008850	1.000000	0.008850	0.008850	1.000000	0.000000	12.583005	3.095643	1.004444	10.535654
parser.c:1705	0.500000	0.094072	0.008850	1.000000	0.008850	0.008850	1.000000	0.000000	12.583005	3.095643	1.004444	10.535654
parser.c:1709	0.000000	0.000000	0.000000	0.000000	-0.079646	0.000000	0.000000	-1.000000	23.297783	1.732051	0.000000	0.000000
parser.c:1716	0.000000	0.000000	0.000000	0.000000	-0.079646	0.000000	0.000000	-1.000000	23.297783	1.732051	0.000000	0.000000
parser.c:1717	0.000000	0.000000	0.000000	0.000000	-0.079646	0.000000	0.000000	-1.000000	23.297783	1.732051	0.000000	0.000000
parser.c:1718	0.000000	0.000000	0.000000	0.000000	-0.079646	0.000000	0.000000	-1.000000	23.297783	1.732051	0.000000	0.000000
parser.c:1719	0.000000	0.000000	0.000000	0.000000	-0.079646	0.000000	0.000000	-1.000000	23.297783	1.732051	0.000000	0.000000
parser.c:1720	0.000000	0.000000	0.000000	0.000000	-0.079646	0.000000	0.000000	-1.000000	23.297783	1.732051	0.000000	0.000000
parser.c:1721	0.000000	0.000000	0.000000	0.000000	-0.079646	0.000000	0.000000	-1.000000	23.297783	1.732051	0.000000	0.000000
parser.c:1725	0.000000	0.000000	0.000000	0.000000	-0.061947	0.000000	0.000000	-1.000000	23.139653	1.626577	0.000000	0.000000
parser.c:1727	0.000000	0.000000	0.000000	0.000000	-0.061947	0.000000	0.000000	-1.000000	23.139653	1.626577	0.000000	0.000000
parser.c:1728	0.000000	0.000000	0.000000	0.000000	-0.061947	0.000000	0.000000	-1.000000	23.139653	1.626577	0.000000	0.000000
parser.c:1741	0.000000	0.000000	0.000000	0.000000	-0.061947	0.000000	0.000000	-1.000000	23.139653	1.626577	0.000000	0.000000
parser.c:1746	0.000000	0.000000	0.000000	0.000000	-0.061947	0.000000	0.000000	-1.000000	23.139653	1.626577	0.000000	0.000000
parser.c:1750	0.000000	0.000000	0.000000	0.000000	-0.061947	0.000000	0.000000	-1.000000	23.139653	1.626577	0.000000	0.000000
parser.c:1752	0.000000	0.000000	0.000000	0.000000	-0.061947	0.000000	0.000000	-1.000000	23.139653	1.626577	0.000000	0.000000
parser.c:1753	0.000000	0.000000	0.000000	0.000000	-0.017699	0.000000	0.000000	-1.000000	22.390391	1.189207	0.000000	0.000000
parser.c:1755	0.000000	0.000000	0.000000	0.000000	-0.061947	0.000000	0.000000	-1.000000	23.139653	1.626577	0.000000	0.000000
parser.c:1757	0.000000	0.000000	0.000000	0.000000	-0.061947	0.000000	0.000000	-1.000000	23.139653	1.626577	0.000000	0.000000
parser.c:1759	0.000000	0.000000	0.000000	0.000000	-0.061947	0.000000	0.000000	-1.000000	23.139653	1.626577	0.000000	0.000000
parser.c:1760	0.000000	0.000000	0.000000	0.000000	-0.061947	0.000000	0.000000	-1.000000	23.139653	1.626577	0.000000	0.000000
parser.c:1761	0.000000	0.000000	0.000000	0.000000	-0.061947	0.000000	0.000000	-1.000000	23.139653	1.626577	0.000000	0.000000
parser.c:1762	0.000000	0.000000	0.000000	0.000000	-0.061947	0.000000	0.000000	-1.000000	23.139653	1.626577	0.000000	0.000000
parser.c:1764	0.000000	0.000000	0.000000	0.000000	-0.061947	0.000000	0.000000	-1.000000	23.139653	1.626577	0.000000	0.000000
parser.c:1765	0.000000	0.000000	0.000000	0.000000	-0.061947	0.000000	0.000000	-1.000000	23.139653	1.626577	0.000000	0.000000
parser.c:1772	0.000000	0.000000	0.000000	0.000000	-0.061947	0.000000	0.000000	-1.000000	23.139653	1.626577	0.000000	0.000000
parser.c:1788	0.000000	0.000000	0.000000	0.000000	-0.035398	0.000000	0.000000	-1.000000	22.784610	1.414214	0.000000	0.000000
parser.c:1790	0.000000	0.000000	0.000000	0.000000	-0.035398	0.000000	0.000000	-1.000000	22.784610	1.414214	0.000000	0.000000
parser.c:1794	0.000000	0.000000	0.000000	0.000000	-0.008850	0.000000	0.000000	-1.000000	22.071308	1.000000	0.000000	0.000000
parser.c:1796	0.000000	0.000000	0.000000	0.000000	-0.008850	0.000000	0.000000	-1.000000	22.071308	1.000000	0.000000	0.000000
parser.c:1806	0.000000	0.000000	0.000000	0.000000	-0.008850	0.000000	0.000000	-1.000000	22.071308	1.000000	0.000000	0.000000
parser.c:1808	0.000000	0.000000	0.000000	0.000000	-0.008850	0.000000	0.000000	-1.000000	22.071308	1.000000	0.000000	0.000000
parser.c:1812	0.000000	0.000000	0.000000	0.000000	-0.008850	0.000000	0.000000	-1.000000	22.071308	1.000000	0.000000	0.000000
parser.c:1814	0.000000	0.000000	0.000000	0.000000	-0.008850	0.000000	0.000000	-1.000000	22.071308	1.000000	0.000000	0.000000
parser.c:1818	0.000000	0.000000	0.000000	0.000000	-0.026549	0.000000	0.000000	-1.000000	22.612664	1.316074	0.000000	0.000000
parser.c:1820	0.000000	0.000000	0.000000	0.000000	-0.026549	0.000000	0.000000	-1.000000	22.612664	1.316074	0.000000	0.000000
parser.c:1822	0.000000	0.000000	0.000000	0.000000	-0.008850	0.000000	0.000000	-1.000000	22.071308	1.000000	0.000000	0.000000
parser.c:1825	0.000000	0.000000	0.000000	0.000000	-0.017699	0.000000	0.000000	-1.000000	22.390391	1.189207	0.000000	0.000000
parser.c:1829	0.000000	0.000000	0.000000	0.000000	-0.053097	0.000000	0.000000	-1.000000	23.040750	1.565085	0.000000	0.000000
parser.c:1833	0.000000	0.000000	0.000000	0.000000	-0.053097	0.000000	0.000000	-1.000000	23.040750	1.565085	0.000000	0.000000
parser.c:1834	0.000000	0.000000	0.000000	0.000000	-0.053097	0.000000	0.000000	-1.000000	23.040750	1.565085	0.000000	0.000000
parser.c:1835	0.000000	0.000000	0.000000	0.000000	-0.053097	0.000000	0.000000	-1.000000	23.040750	1.565085	0.000000	0.000000
parser.c:1836	0.000000	0.000000	0.000000	0.000000	-0.053097	0.000000	0.000000	-1.000000	23.040750	1.565085	0.000000	0.000000
parser.c:1840	0.000000	0.000000	0.000000	0.000000	-0.053097	0.000000	0.000000	-1.000000	23.040750	1.565085	0.000000	0.000000
parser.c:1843	0.000000	0.000000	0.000000	0.000000	-0.053097	0.000000	0.000000	-1.000000	23.040750	1.565085	0.000000	0.000000
parser.c:1846	0.000000	0.000000	0.000000	0.000000	-0.026549	0.000000	0.000000	-1.000000	22.612664	1.316074	0.000000	0.000000
parser.c:1847	0.000000	0.000000	0.000000	0.000000	-0.026549	0.000000	0.000000	-1.000000	22.612664	1.316074	0.000000	0.000000
parser.c:1848	0.000000	0.000000	0.000000	0.000000	-0.026549	0.000000	0.000000	-1.000000	22.612664	1.316074	0.000000	0.000000
parser.c:1849	0.000000	0.000000	0.000000	0.000000	-0.026549	0.000000	0.000000	-1.000000	22.612664	1.316074	0.000000	0.000000
parser.c:1850	0.000000	0.000000	0.000000	0.000000	-0.026549	0.000000	0.000000	-1.000000	22.612664	1.316074	0.000000	0.000000
parser.c:1853	0.000000	0.000000	0.000000	0.000000	-0.008850	0.000000	0.000000	-1.000000	22.071308	1.000000	0.000000	0.000000
parser.c:1854	0.000000	0.000000	0.000000	0.000000	-0.008850	0.000000	0.000000	-1.000000	22.071308	1.000000	0.000000	0.000000
parser.c:1865	0.000000	0.000000	0.000000	0.000000	-0.008850	0.000000	0.000000	-1.000000	22.071308	1.000000	0.000000	0.000000
parser.c:1883	0.000000	0.000000	0.000000	0.000000	-0.017699	0.000000	0.000000	-1.000000	22.390391	1.189207	0.000000	0.000000
parser.c:1884	0.000000	0.000000	0.000000	0.000000	-0.017699	0.000000	0.000000	-1.000000	22.390391	1.189207	0.000000	0.000000
parser.c:1885	0.000000	0.000000	0.000000	0.000000	-0.017699	0.000000	0.000000	-1.000000	22.390391	1.189207	0.000000	0.000000
parser.c:1886	0.000000	0.000000	0.000000	0.000000	-0.017699	0.000000	0.000000	-1.000000	22.390391	1.189207	0.000000	0.000000
parser.c:1887	0.000000	0.000000	0.000000	0.000000	-0.017699	0.000000	0.000000	-1.000000	22.390391	1.189207	0.000000	0.000000
parser.c:1888	0.000000	0.000000	0.000000	0.000000	-0.017699	0.000000	0.000000	-1.000000	22.390391	1.189207	0.000000	0.000000
parser.c:1894	0.000000	0.000000	0.000000	0.000000	-0.008850	0.000000	0.000000	-1.000000	22.071308	1.000000	0.000000	0.000000
parser.c:1895	0.000000	0.000000	0.000000	0.000000	-0.008850	0.000000	0.000000	-1.000000	22.071308	1.000000	0.000000	0.000000
parser.c:1896	0.000000	0.000000	0.000000	0.000000	-0.008850	0.000000	0.000000	-1.000000	22.071308	1.000000	0.000000	0.000000
parser.c:1897	0.000000	0.000000	0.000000	0.000000	-0.008850	0.000000	0.000000	-1.000000	22.071308	1.000000	0.000000	0.000000
parser.c:1898	0.000000	0.000000	0.000000	0.000000	-0.008850	0.000000	0.000000	-1.000000	22.071308	1.000000	0.000000	0.000000
parser.c:1901	0.000000	0.000000	0.000000	0.000000	-0.044248	0.000000	0.000000	-1.000000	22.924229	1.495349	0.000000	0.000000
parser.c:1903	0.000000	0.000000	0.000000	0.000000	-0.044248	0.000000	0.000000	-1.000000	22.924229	1.495349	0.000000	0.000000
parser.c:1904	0.000000	0.000000	0.000000	0.000000	-0.044248	0.000000	0.000000	-1.000000	22.924229	1.495349	0.000000	0.000000
parser.c:1908	0.000000	0.000000	0.000000	0.000000	-0.044248	0.000000	0.000000	-1.000000	22.924229	1.495349	0.000000	0.000000
parser.c:1909	0.000000	0.000000	0.000000	0.000000	-0.044248	0.000000	0.000000	-1.000000	22.924229	1.495349	0.000000	0.000000
parser.c:1910	0.000000	0.000000	0.000000	0.000000	-0.044248	0.000000	0.000000	-1.000000	22.924229	1.495349	0.000000	0.000000
parser.c:1912	0.000000	0.000000	0.000000	0.000000	-0.044248	0.000000	0.000000	-1.000000	22.924229	1.495349	0.000000	0.000000
parser.c:1923	0.000000	0.000000	0.000000	0.000000	-0.008850	0.000000	0.000000	-1.000000	22.071308	1.000000	0.000000	0.000000
parser.c:1930	0.000000	0.000000	0.000000	0.000000	-0.008850	0.000000	0.000000	-1.000000	22.071308	1.000000	0.000000	0.000000
parser.c:1931	0.000000	0.000000	0.000000	0.000000	-0.008850	0.000000	0.000000	-1.000000	22.071308	1.000000	0.000000	0.000000
parser.c:1937	0.000000	0.000000	0.000000	0.000000	-0.008850	0.000000	0.000000	-1.000000	22.071308	1.000000	0.000000	0.000000
parser.c:1940	0.000000	0.000000	0.000000	0.000000	-0.044248	0.000000	0.000000	-1.000000	22.924229	1.495349	0.000000	0.000000
parser.c:1941	0.000000	0.000000	0.000000	0.000000	-0.044248	0.000000	0.000000	-1.000000	22.924229	1.495349	0.000000	0.000000
parser.c:1942	0.000000	0.000000	0.000000	0.000000	-0.044248	0.000000	0.000000	-1.000000	22.924229	1.495349	0.000000	0.000000
parser.c:1944	0.000000	0.000000	0.000000	0.000000	-0.044248	0.000000	0.000000	-1.000000	22.924229	1.495349	0.000000	0.000000
parser.c:1962	0.000000	0.000000	0.000000	0.000000	-0.044248	0.000000	0.000000	-1.000000	22.924229	1.495349	0.000000	0.000000
parser.c:1963	0.000000	0.000000	0.000000	0.000000	-0.044248	0.000000	0.000000	-1.000000	22.924229	1.495349	0.000000	0.000000
parser.c:1967	0.000000	0.000000	0.000000	0.000000	-0.557522	0.000000	0.000000	-1.000000	21.937254	2.817313	0.000000	0.000000
parser.c:1974	0.000000	0.000000	0.000000	0.000000	-0.557522	0.000000	0.000000	-1.000000	21.937254	2.817313	0.000000	0.000000
parser.c:1978	0.000000	0.000000	0.000000	0.000000	-0.557522	0.000000	0.000000	-1.000000	21.937254	2.817313	0.000000	0.000000
parser.c:1979	0.000000	0.000000	0.000000	0.000000	-0.557522	0.000000	0.000000	-1.000000	21.937254	2.817313	0.000000	0.000000
parser.c:1980	0.000000	0.000000	0.000000	0.000000	-0.557522	0.000000	0.000000	-1.000000	21.937254	2.817313	0.000000	0.000000
parser.c:1981	0.000000	0.000000	0.000000	0.000000	-0.557522	0.000000	0.000000	-1.000000	21.937254	2.817313	0.000000	0.000000
parser.c:1985	0.000000	0.000000	0.000000	0.000000	-0.008850	0.000000	0.000000	-1.000000	22.071308	1.000000	0.000000	0.000000
parser.c:1987	0.000000	0.000000	0.000000	0.000000	-0.008850	0.000000	0.000000	-1.000000	22.071308	1.000000	0.000000	0.000000
parser.c:1991	0.000000	0.000000	0.000000	0.000000	-0.150442	0.000000	0.000000	-1.000000	23.616694	2.030543	0.000000	0.000000
parser.c:1994	0.000000	0.000000	0.000000	0.000000	-0.150442	0.000000	0.000000	-1.000000	23.616694	2.030543	0.000000	0.000000
parser.c:1997	0.000000	0.000000	0.000000	0.000000	-0.150442	0.000000	0.000000	-1.000000	23.616694	2.030543	0.000000	0.000000
parser.c:1998	0.000000	0.000000	0.000000	0.000000	-0.150442	0.000000	0.000000	-1.000000	23.616694	2.030543	0.000000	0.000000
parser.c:2004	0.000000	0.000000	0.000000	0.000000	-0.008850	0.000000	0.000000	-1.000000	22.071308	1.000000	0.000000	0.000000
parser.c:2007	0.000000	0.000000	0.000000	0.000000	-0.008850	0.000000	0.000000	-1.000000	22.071308	1.000000	0.000000	0.000000
parser.c:2009	0.000000	0.000000	0.000000	0.000000	-0.008850	0.000000	0.000000	-1.000000	22.071308	1.000000	0.000000	0.000000
parser.c:2012	0.000000	0.000000	0.000000	0.000000	-0.008850	0.000000	0.000000	-1.000000	22.071308	1.000000	0.000000	0.000000
parser.c:2013	0.000000	0.000000	0.000000	0.000000	-0.008850	0.000000	0.000000	-1.000000	22.071308	1.000000	0.000000	0.000000
parser.c:2020	0.000000	0.000000	0.000000	0.000000	-0.061947	0.000000	0.000000	-1.000000	23.139653	1.626577	0.000000	0.000000
parser.c:2027	0.000000	0.000000	0.000000	0.000000	-0.061947	0.000000	0.000000	-1.000000	23.139653	1.626577	0.000000	0.000000
parser.c:2028	0.000000	0.000000	0.000000	0.000000	-0.061947	0.000000	0.000000	-1.000000	23.139653	1.626577	0.000000	0.000000
parser.c:2029	0.000000	0.000000	0.000000	0.000000	-0.008850	0.000000	0.000000	-1.000000	22.071308	1.000000	0.000000	0.000000
parser.c:2032	0.000000	0.000000	0.000000	0.000000	-0.061947	0.000000	0.000000	-1.000000	23.139653	1.626577	0.000000	0.000000
parser.c:2033	0.000000	0.000000	0.000000	0.000000	-0.061947	0.000000	0.000000	-1.000000	23.139653	1.626577	0.000000	0.000000
parser.c:2034	0.000000	0.000000	0.000000	0.000000	-0.061947	0.000000	0.000000	-1.000000	23.139653	1.626577	0.000000	0.000000
parser.c:2038	0.000000	0.000000	0.000000	0.000000	-0.053097	0.000000	0.000000	-1.000000	23.040750	1.565085	0.000000	0.000000
parser.c:2040	0.000000	0.000000	0.000000	0.000000	-0.053097	0.000000	0.000000	-1.000000	23.040750	1.565085	0.000000	0.000000
parser.c:2043	0.000000	0.000000	0.000000	0.000000	-0.053097	0.000000	0.000000	-1.000000	23.040750	1.565085	0.000000	0.000000
parser.c:2044	0.000000	0.000000	0.000000	0.000000	-0.053097	0.000000	0.000000	-1.000000	23.040750	1.565085	0.000000	0.000000
parser.c:2045	0.000000	0.000000	0.000000	0.000000	-0.053097	0.000000	0.000000	-1.000000	23.040750	1.565085	0.000000	0.000000
parser.c:2046	0.000000	0.000000	0.000000	0.000000	-0.053097	0.000000	0.000000	-1.000000	23.040750	1.565085	0.000000	0.000000
parser.c:2047	0.000000	0.000000	0.000000	0.000000	-0.053097	0.000000	0.000000	-1.000000	23.040750	1.565085	0.000000	0.000000
parser.c:2052	0.000000	0.000000	0.000000	0.000000	-0.008850	0.000000	0.000000	-1.000000	22.071308	1.000000	0.000000	0.000000
parser.c:2055	0.000000	0.000000	0.000000	0.000000	-0.008850	0.000000	0.000000	-1.000000	22.071308	1.000000	0.000000	0.000000
parser.c:2058	0.000000	0.000000	0.000000	0.000000	-0.008850	0.000000	0.000000	-1.000000	22.071308	1.000000	0.000000	0.000000
parser.c:2059	0.000000	0.000000	0.000000	0.000000	-0.008850	0.000000	0.000000	-1.000000	22.071308	1.000000	0.000000	0.000000
parser.c:2066	0.000000	0.000000	0.000000	0.000000	-0.026549	0.000000	0.000000	-1.000000	22.612664	1.316074	0.000000	0.000000
parser.c:2068	0.000000	0.000000	0.000000	0.000000	-0.026549	0.000000	0.000000	-1.000000	22.612664	1.316074	0.000000	0.000000
parser.c:2072	0.000000	0.000000	0.000000	0.000000	-0.035398	0.000000	0.000000	-1.000000	22.784610	1.414214	0.000000	0.000000
parser.c:2078	0.000000	0.000000	0.000000	0.000000	-0.035398	0.000000	0.000000	-1.000000	22.784610	1.414214	0.000000	0.000000
parser.c:2082	0.000000	0.000000	0.000000	0.000000	-0.035398	0.000000	0.000000	-1.000000	22.784610	1.414214	0.000000	0.000000
parser.c:2083	0.000000	0.000000	0.000000	0.000000	-0.035398	0.000000	0.000000	-1.000000	22.784610	1.414214	0.000000	0.000000
parser.c:2084	0.000000	0.000000	0.000000	0.000000	-0.035398	0.000000	0.000000	-1.000000	22.784610	1.414214	0.000000	0.000000
parser.c:2085	0.000000	0.000000	0.000000	0.000000	-0.035398	0.000000	0.000000	-1.000000	22.784610	1.414214	0.000000	0.000000
parser.c:2086	0.000000	0.000000	0.000000	0.000000	-0.035398	0.000000	0.000000	-1.000000	22.784610	1.414214	0.000000	0.000000
parser.c:2087	0.000000	0.000000	0.000000	0.000000	-0.035398	0.000000	0.000000	-1.000000	22.784610	1.414214	0.000000	0.000000
parser.c:2088	0.000000	0.000000	0.000000	0.000000	-0.035398	0.000000	0.000000	-1.000000	22.784610	1.414214	0.000000	0.000000
parser.c:2090	0.000000	0.000000	0.000000	0.000000	-0.035398	0.000000	0.000000	-1.000000	22.784610	1.414214	0.000000	0.000000
parser.c:2091	0.000000	0.000000	0.000000	0.000000	-0.035398	0.000000	0.000000	-1.000000	22.784610	1.414214	0.000000	0.000000
parser.c:2092	0.000000	0.000000	0.000000	0.000000	-0.035398	0.000000	0.000000	-1.000000	22.784610	1.414214	0.000000	0.000000
parser.c:2094	0.000000	0.000000	0.000000	0.000000	-0.035398	0.000000	0.000000	-1.000000	22.784610	1.414214	0.000000	0.000000
parser.c:2095	0.000000	0.000000	0.000000	0.000000	-0.035398	0.000000	0.000000	-1.000000	22.784610	1.414214	0.000000	0.000000
parser.c:2097	0.000000	0.000000	0.000000	0.000000	-0.035398	0.000000	0.000000	-1.000000	22.784610	1.414214	0.000000	0.000000
parser.c:2098	0.000000	0.000000	0.000000	0.000000	-0.035398	0.000000	0.000000	-1.000000	22.784610	1.414214	0.000000	0.000000
parser.c:2104	0.000000	0.000000	0.000000	0.000000	-0.044248	0.000000	0.000000	-1.000000	22.924229	1.495349	0.000000	0.000000
parser.c:2112	0.000000	0.000000	0.000000	0.000000	-0.044248	0.000000	0.000000	-1.000000	22.924229	1.495349	0.000000	0.000000
parser.c:2118	0.000000	0.000000	0.000000	0.000000	-0.044248	0.000000	0.000000	-1.000000	22.924229	1.495349	0.000000	0.000000
parser.c:2119	0.000000	0.000000	0.000000	0.000000	-0.017699	0.000000	0.000000	-1.000000	22.390391	1.189207	0.000000	0.000000
parser.c:2120	0.000000	0.000000	0.000000	0.000000	-0.035398	0.000000	0.000000	-1.000000	22.784610	1.414214	0.000000	0.000000
parser.c:2122	0.000000	0.000000	0.000000	0.000000	-0.035398	0.000000	0.000000	-1.000000	22.784610	1.414214	0.000000	0.000000
parser.c:2123	0.000000	0.000000	0.000000	0.000000	-0.035398	0.000000	0.000000	-1.000000	22.784610	1.414214	0.000000	0.000000
parser.c:2126	0.000000	0.000000	0.000000	0.000000	-0.035398	0.000000	0.000000	-1.000000	22.784610	1.414214	0.000000	0.000000
parser.c:2127	0.000000	0.000000	0.000000	0.000000	-0.035398	0.000000	0.000000	-1.000000	22.784610	1.414214	0.000000	0.000000
parser.c:2130	0.000000	0.000000	0.000000	0.000000	-0.008850	0.000000	0.000000	-1.000000	22.071308	1.000000	0.000000	0.000000
parser.c:2131	0.000000	0.000000	0.000000	0.000000	-0.008850	0.000000	0.000000	-1.000000	22.071308	1.000000	0.000000	0.000000
parser.c:2132	0.000000	0.000000	0.000000	0.000000	-0.008850	0.000000	0.000000	-1.000000	22.071308	1.000000	0.000000	0.000000
parser.c:2135	0.000000	0.000000	0.000000	0.000000	-0.026549	0.000000	0.000000	-1.000000	22.612664	1.316074	0.000000	0.000000
parser.c:2136	0.000000	0.000000	0.000000	0.000000	-0.026549	0.000000	0.000000	-1.000000	22.612664	1.316074	0.000000	0.000000
parser.c:2137	0.000000	0.000000	0.000000	0.000000	-0.026549	0.000000	0.000000	-1.000000	22.612664	1.316074	0.000000	0.000000
parser.c:2140	0.000000	0.000000	0.000000	0.000000	-0.008850	0.000000	0.000000	-1.000000	22.071308	1.000000	0.000000	0.000000
parser.c:2141	0.000000	0.000000	0.000000	0.000000	-0.008850	0.000000	0.000000	-1.000000	22.071308	1.000000	0.000000	0.000000
parser.c:2142	0.000000	0.000000	0.000000	0.000000	-0.008850	0.000000	0.000000	-1.000000	22.071308	1.000000	0.000000	0.000000
parser.c:2150	0.000000	0.000000	0.000000	0.000000	-0.008850	0.000000	0.000000	-1.000000	22.071308	1.000000	0.000000	0.000000
parser.c:2151	0.000000	0.000000	0.000000	0.000000	-0.008850	0.000000	0.000000	-1.000000	22.071308	1.000000	0.000000	0.000000
parser.c:2152	0.000000	0.000000	0.000000	0.000000	-0.008850	0.000000	0.000000	-1.000000	22.071308	1.000000	0.000000	0.000000
parser.c:2155	0.000000	0.000000	0.000000	0.000000	-0.008850	0.000000	0.000000	-1.000000	22.071308	1.000000	0.000000	0.000000
parser.c:2156	0.000000	0.000000	0.000000	0.000000	-0.008850	0.000000	0.000000	-1.000000	22.071308	1.000000	0.000000	0.000000
parser.c:2157	0.000000	0.000000	0.000000	0.000000	-0.008850	0.000000	0.000000	-1.000000	22.071308	1.000000	0.000000	0.000000
parser.c:2169	0.000000	0.000000	0.000000	0.000000	-0.017699	0.000000	0.000000	-1.000000	22.390391	1.189207	0.000000	0.000000
parser.c:2172	0.000000	0.000000	0.000000	0.000000	-0.008850	0.000000	0.000000	-1.000000	22.071308	1.000000	0.000000	0.000000
parser.c:2175	0.000000	0.000000	0.000000	0.000000	-0.035398	0.000000	0.000000	-1.000000	22.784610	1.414214	0.000000	0.000000
parser.c:2177	0.000000	0.000000	0.000000	0.000000	-0.008850	0.000000	0.000000	-1.000000	22.071308	1.000000	0.000000	0.000000
parser.c:2182	0.000000	0.000000	0.000000	0.000000	-0.026549	0.000000	0.000000	-1.000000	22.612664	1.316074	0.000000	0.000000
parser.c:2183	0.000000	0.000000	0.000000	0.000000	-0.026549	0.000000	0.000000	-1.000000	22.612664	1.316074	0.000000	0.000000
parser.c:2184	0.000000	0.000000	0.000000	0.000000	-0.026549	0.000000	0.000000	-1.000000	22.612664	1.316074	0.000000	0.000000
parser.c:2185	0.000000	0.000000	0.000000	0.000000	-0.026549	0.000000	0.000000	-1.000000	22.612664	1.316074	0.000000	0.000000
parser.c:2186	0.000000	0.000000	0.000000	0.000000	-0.026549	0.000000	0.000000	-1.000000	22.612664	1.316074	0.000000	0.000000
parser.c:2187	0.000000	0.000000	0.000000	0.000000	-0.026549	0.000000	0.000000	-1.000000	22.612664	1.316074	0.000000	0.000000
parser.c:2189	0.000000	0.000000	0.000000	0.000000	-0.026549	0.000000	0.000000	-1.000000	22.612664	1.316074	0.000000	0.000000
parser.c:2190	0.000000	0.000000	0.000000	0.000000	-0.008850	0.000000	0.000000	-1.000000	22.071308	1.000000	0.000000	0.000000
parser.c:2191	0.000000	0.000000	0.000000	0.000000	-0.026549	0.000000	0.000000	-1.000000	22.612664	1.316074	0.000000	0.000000
parser.c:2192	0.000000	0.000000	0.000000	0.000000	-0.008850	0.000000	0.000000	-1.000000	22.071308	1.000000	0.000000	0.000000
parser.c:2194	0.000000	0.000000	0.000000	0.000000	-0.026549	0.000000	0.000000	-1.000000	22.612664	1.316074	0.000000	0.000000
parser.c:2196	0.000000	0.000000	0.000000	0.000000	-0.026549	0.000000	0.000000	-1.000000	22.612664	1.316074	0.000000	0.000000
parser.c:2197	0.000000	0.000000	0.000000	0.000000	-0.026549	0.000000	0.000000	-1.000000	22.612664	1.316074	0.000000	0.000000
parser.c:2202	0.000000	0.000000	0.000000	0.000000	-0.053097	0.000000	0.000000	-1.000000	23.040750	1.565085	0.000000	0.000000
parser.c:2212	0.000000	0.000000	0.000000	0.000000	-0.053097	0.000000	0.000000	-1.000000	23.040750	1.565085	0.000000	0.000000
parser.c:2213	0.000000	0.000000	0.000000	0.000000	-0.053097	0.000000	0.000000	-1.000000	23.040750	1.565085	0.000000	0.000000
parser.c:2214	0.000000	0.000000	0.000000	0.000000	-0.008850	0.000000	0.000000	-1.000000	22.071308	1.000000	0.000000	0.000000
parser.c:2216	0.000000	0.000000	0.000000	0.000000	-0.044248	0.000000	0.000000	-1.000000	22.924229	1.495349	0.000000	0.000000
parser.c:2222	0.000000	0.000000	0.000000	0.000000	-0.044248	0.000000	0.000000	-1.000000	22.924229	1.495349	0.000000	0.000000
parser.c:2223	0.000000	0.000000	0.000000	0.000000	-0.044248	0.000000	0.000000	-1.000000	22.924229	1.495349	0.000000	0.000000
parser.c:2225	0.000000	0.000000	0.000000	0.000000	-0.044248	0.000000	0.000000	-1.000000	22.924229	1.495349	0.000000	0.000000
parser.c:2227	0.000000	0.000000	0.000000	0.000000	-0.035398	0.000000	0.000000	-1.000000	22.784610	1.414214	0.000000	0.000000
parser.c:2230	0.000000	0.000000	0.000000	0.000000	-0.035398	0.000000	0.000000	-1.000000	22.784610	1.414214	0.000000	0.000000
parser.c:2231	0.000000	0.000000	0.000000	0.000000	-0.035398	0.000000	0.000000	-1.000000	22.784610	1.414214	0.000000	0.000000
parser.c:2256	0.000000	0.000000	0.000000	0.000000	-0.008850	0.000000	0.000000	-1.000000	22.071308	1.000000	0.000000	0.000000
parser.c:2259	0.000000	0.000000	0.000000	0.000000	-0.044248	0.000000	0.000000	-1.000000	22.924229	1.495349	0.000000	0.000000
parser.c:2260	0.000000	0.000000	0.000000	0.000000	-0.044248	0.000000	0.000000	-1.000000	22.924229	1.495349	0.000000	0.000000
parser.c:2266	0.000000	0.000000	0.000000	0.000000	-0.044248	0.000000	0.000000	-1.000000	22.924229	1.495349	0.000000	0.000000
parser.c:2268	0.000000	0.000000	0.000000	0.000000	-0.044248	0.000000	0.000000	-1.000000	22.924229	1.495349	0.000000	0.000000
parser.c:2338	0.000000	0.000000	0.000000	0.000000	-0.044248	0.000000	0.000000	-1.000000	22.924229	1.495349	0.000000	0.000000
parser.c:2339	0.000000	0.000000	0.000000	0.000000	-0.044248	0.000000	0.000000	-1.000000	22.924229	1.495349	0.000000	0.000000
parser.c:2340	0.000000	0.000000	0.000000	0.000000	-0.044248	0.000000	0.000000	-1.000000	22.924229	1.495349	0.000000	0.000000
parser.c:2341	0.000000	0.000000	0.000000	0.000000	-0.044248	0.000000	0.000000	-1.000000	22.924229	1.495349	0.000000	0.000000
parser.c:2342	0.000000	0.000000	0.000000	0.000000	-0.044248	0.000000	0.000000	-1.000000	22.924229	1.495349	0.000000	0.000000
parser.c:2345	0.000000	0.000000	0.000000	0.000000	-0.044248	0.000000	0.000000	-1.000000	22.924229	1.495349	0.000000	0.000000
parser.c:2346	0.000000	0.000000	0.000000	0.000000	-0.044248	0.000000	0.000000	-1.000000	22.924229	1.495349	0.000000	0.000000
parser.c:2347	0.000000	0.000000	0.000000	0.000000	-0.044248	0.000000	0.000000	-1.000000	22.924229	1.495349	0.000000	0.000000
parser.c:2394	0.000000	0.000000	0.000000	0.000000	-0.185841	0.000000	0.000000	-1.000000	23.661360	2.140695	0.000000	0.000000
parser.c:2401	0.000000	0.000000	0.000000	0.000000	-0.185841	0.000000	0.000000	-1.000000	23.661360	2.140695	0.000000	0.000000
parser.c:2402	0.000000	0.000000	0.000000	0.000000	-0.185841	0.000000	0.000000	-1.000000	23.661360	2.140695	0.000000	0.000000
parser.c:2403	0.000000	0.000000	0.000000	0.000000	-0.185841	0.000000	0.000000	-1.000000	23.661360	2.140695	0.000000	0.000000
parser.c:2404	0.000000	0.000000	0.000000	0.000000	-0.185841	0.000000	0.000000	-1.000000	23.661360	2.140695	0.000000	0.000000
parser.c:2408	0.000000	0.000000	0.000000	0.000000	-0.185841	0.000000	0.000000	-1.000000	23.661360	2.140695	0.000000	0.000000
parser.c:2411	0.000000	0.000000	0.000000	0.000000	-0.185841	0.000000	0.000000	-1.000000	23.661360	2.140695	0.000000	0.000000
parser.c:2431	0.000000	0.000000	0.000000	0.000000	-0.132743	0.000000	0.000000	-1.000000	23.570699	1.967990	0.000000	0.000000
parser.c:2433	0.000000	0.000000	0.000000	0.000000	-0.132743	0.000000	0.000000	-1.000000	23.570699	1.967990	0.000000	0.000000
parser.c:2452	0.000000	0.000000	0.000000	0.000000	-0.017699	0.000000	0.000000	-1.000000	22.390391	1.189207	0.000000	0.000000
parser.c:2457	0.000000	0.000000	0.000000	0.000000	-0.017699	0.000000	0.000000	-1.000000	22.390391	1.189207	0.000000	0.000000
parser.c:2459	0.000000	0.000000	0.000000	0.000000	-0.017699	0.000000	0.000000	-1.000000	22.390391	1.189207	0.000000	0.000000
parser.c:2462	0.000000	0.000000	0.000000	0.000000	-0.008850	0.000000	0.000000	-1.000000	22.071308	1.000000	0.000000	0.000000
parser.c:2463	0.000000	0.000000	0.000000	0.000000	-0.008850	0.000000	0.000000	-1.000000	22.071308	1.000000	0.000000	0.000000
parser.c:2472	0.000000	0.000000	0.000000	0.000000	-0.008850	0.000000	0.000000	-1.000000	22.071308	1.000000	0.000000	0.000000
parser.c:2478	0.000000	0.000000	0.000000	0.000000	-0.008850	0.000000	0.000000	-1.000000	22.071308	1.000000	0.000000	0.000000
parser.c:2483	0.000000	0.000000	0.000000	0.000000	-0.026549	0.000000	0.000000	-1.000000	22.612664	1.316074	0.000000	0.000000
parser.c:2487	0.000000	0.000000	0.000000	0.000000	-0.026549	0.000000	0.000000	-1.000000	22.612664	1.316074	0.000000	0.000000
parser.c:2491	0.000000	0.000000	0.000000	0.000000	-0.017699	0.000000	0.000000	-1.000000	22.390391	1.189207	0.000000	0.000000
parser.c:2492	0.000000	0.000000	0.000000	0.000000	-0.017699	0.000000	0.000000	-1.000000	22.390391	1.189207	0.000000	0.000000
parser.c:2493	0.000000	0.000000	0.000000	0.000000	-0.017699	0.000000	0.000000	-1.000000	22.390391	1.189207	0.000000	0.000000
parser.c:2499	0.000000	0.000000	0.000000	0.000000	-0.017699	0.000000	0.000000	-1.000000	22.390391	1.189207	0.000000	0.000000
parser.c:2500	0.000000	0.000000	0.000000	0.000000	-0.017699	0.000000	0.000000	-1.000000	22.390391	1.189207	0.000000	0.000000
parser.c:2509	0.000000	0.000000	0.000000	0.000000	-0.017699	0.000000	0.000000	-1.000000	22.390391	1.189207	0.000000	0.000000
parser.c:2511	0.000000	0.000000	0.000000	0.000000	-0.008850	0.000000	0.000000	-1.000000	22.071308	1.000000	0.000000	0.000000
parser.c:2517	0.000000	0.000000	0.000000	0.000000	-0.008850	0.000000	0.000000	-1.000000	22.071308	1.000000	0.000000	0.000000
parser.c:2528	0.000000	0.000000	0.000000	0.000000	-0.017699	0.000000	0.000000	-1.000000	22.390391	1.189207	0.000000	0.000000
parser.c:2532	0.000000	0.000000	0.000000	0.000000	-0.991150	0.000000	0.000000	-1.000000	10.583005	3.253153	0.000000	0.000000
parser.c:2534	0.000000	0.000000	0.000000	0.000000	-0.991150	0.000000	0.000000	-1.000000	10.583005	3.253153	0.000000	0.000000
parser.c:2541	0.000000	0.000000	0.000000	0.000000	-0.991150	0.000000	0.000000	-1.000000	10.583005	3.253153	0.000000	0.000000
parser.c:2542	0.000000	0.000000	0.000000	0.000000	-0.991150	0.000000	0.000000	-1.000000	10.583005	3.253153	0.000000	0.000000
parser.c:2557	0.000000	0.000000	0.000000	0.000000	-0.991150	0.000000	0.000000	-1.000000	10.583005	3.253153	0.000000	0.000000
parser.c:2558	0.000000	0.000000	0.000000	0.000000	-0.991150	0.000000	0.000000	-1.000000	10.583005	3.253153	0.000000	0.000000
parser.c:2561	0.000000	0.000000	0.000000	0.000000	-0.991150	0.000000	0.000000	-1.000000	10.583005	3.253153	0.000000	0.000000
parser.c:2562	0.000000	0.000000	0.000000	0.000000	-0.991150	0.000000	0.000000	-1.000000	10.583005	3.253153	0.000000	0.000000
parser.c:2563	0.000000	0.000000	0.000000	0.000000	-0.991150	0.000000	0.000000	-1.000000	10.583005	3.253153	0.000000	0.000000
parser.c:2566	0.000000	0.000000	0.000000	0.000000	-0.991150	0.000000	0.000000	-1.000000	10.583005	3.253153	0.000000	0.000000
parser.c:2567	0.000000	0.000000	0.000000	0.000000	-0.991150	0.000000	0.000000	-1.000000	10.583005	3.253153	0.000000	0.000000
parser.c:2570	0.000000	0.000000	0.000000	0.000000	-0.991150	0.000000	0.000000	-1.000000	10.583005	3.253153	0.000000	0.000000
parser.c:2571	0.000000	0.000000	0.000000	0.000000	-0.991150	0.000000	0.000000	-1.000000	10.583005	3.253153	0.000000	0.000000
parser.c:2573	0.000000	0.000000	0.000000	0.000000	-0.991150	0.000000	0.000000	-1.000000	10.583005	3.253153	0.000000	0.000000
parser.c:2574	0.000000	0.000000	0.000000	0.000000	-0.991150	0.000000	0.000000	-1.000000	10.583005	3.253153	0.000000	0.000000
parser.c:2575	0.000000	0.000000	0.000000	0.000000	-0.991150	0.000000	0.000000	-1.000000	10.583005	3.253153	0.000000	0.000000
parser.c:2577	0.000000	0.000000	0.000000	0.000000	-0.991150	0.000000	0.000000	-1.000000	10.583005	3.253153	0.000000	0.000000
parser.c:2579	0.000000	0.000000	0.000000	0.000000	-0.991150	0.000000	0.000000	-1.000000	10.583005	3.253153	0.000000	0.000000
parser.c:2583	0.000000	0.000000	0.000000	0.000000	-0.991150	0.000000	0.000000	-1.000000	10.583005	3.253153	0.000000	0.000000
parser.c:2584	0.000000	0.000000	0.000000	0.000000	-0.991150	0.000000	0.000000	-1.000000	10.583005	3.253153	0.000000	0.000000
parser.c:2586	0.000000	0.000000	0.000000	0.000000	-0.991150	0.000000	0.000000	-1.000000	10.583005	3.253153	0.000000	0.000000
parser.c:2589	0.000000	0.000000	0.000000	0.000000	-0.991150	0.000000	0.000000	-1.000000	10.583005	3.253153	0.000000	0.000000
parser.c:2590	0.000000	0.000000	0.000000	0.000000	-0.991150	0.000000	0.000000	-1.000000	10.583005	3.253153	0.000000	0.000000
parser.c:2592	0.000000	0.000000	0.000000	0.000000	-0.991150	0.000000	0.000000	-1.000000	10.583005	3.253153	0.000000	0.000000
parser.c:2598	0.000000	0.000000	0.000000	0.000000	-0.991150	0.000000	0.000000	-1.000000	10.583005	3.253153	0.000000	0.000000
parser.c:2600	0.000000	0.000000	0.000000	0.000000	-0.991150	0.000000	0.000000	-1.000000	10.583005	3.253153	0.000000	0.000000
parser.c:2632	0.000000	0.000000	0.000000	0.000000	-0.017699	0.000000	0.000000	-1.000000	22.390391	1.189207	0.000000	0.000000
parser.c:2634	0.000000	0.000000	0.000000	0.000000	-0.017699	0.000000	0.000000	-1.000000	22.390391	1.189207	0.000000	0.000000
parser.c:2638	0.000000	0.000000	0.000000	0.000000	-0.150442	0.000000	0.000000	-1.000000	23.616694	2.030543	0.000000	0.000000
parser.c:2644	0.000000	0.000000	0.000000	0.000000	-0.150442	0.000000	0.000000	-1.000000	23.616694	2.030543	0.000000	0.000000
parser.c:2647	0.000000	0.000000	0.000000	0.000000	-0.150442	0.000000	0.000000	-1.000000	23.616694	2.030543	0.000000	0.000000
parser.c:2649	0.000000	0.000000	0.000000	0.000000	-0.150442	0.000000	0.000000	-1.000000	23.616694	2.030543	0.000000	0.000000
parser.c:2651	0.000000	0.000000	0.000000	0.000000	-0.008850	0.000000	0.000000	-1.000000	22.071308	1.000000	0.000000	0.000000
parser.c:2655	0.000000	0.000000	0.000000	0.000000	-0.150442	0.000000	0.000000	-1.000000	23.616694	2.030543	0.000000	0.000000
parser.c:2666	0.000000	0.000000	0.000000	0.000000	-0.035398	0.000000	0.000000	-1.000000	22.784610	1.414214	0.000000	0.000000
parser.c:2667	0.000000	0.000000	0.000000	0.000000	-0.035398	0.000000	0.000000	-1.000000	22.784610	1.414214	0.000000	0.000000
parser.c:2668	0.000000	0.000000	0.000000	0.000000	-0.035398	0.000000	0.000000	-1.000000	22.784610	1.414214	0.000000	0.000000
parser.c:2670	0.000000	0.000000	0.000000	0.000000	-0.088496	0.000000	0.000000	-1.000000	23.361288	1.778279	0.000000	0.000000
parser.c:2671	0.000000	0.000000	0.000000	0.000000	-0.088496	0.000000	0.000000	-1.000000	23.361288	1.778279	0.000000	0.000000
parser.c:2672	0.000000	0.000000	0.000000	0.000000	-0.088496	0.000000	0.000000	-1.000000	23.361288	1.778279	0.000000	0.000000
parser.c:2675	0.000000	0.000000	0.000000	0.000000	-0.017699	0.000000	0.000000	-1.000000	22.390391	1.189207	0.000000	0.000000
parser.c:2676	0.000000	0.000000	0.000000	0.000000	-0.017699	0.000000	0.000000	-1.000000	22.390391	1.189207	0.000000	0.000000
parser.c:2677	0.000000	0.000000	0.000000	0.000000	-0.017699	0.000000	0.000000	-1.000000	22.390391	1.189207	0.000000	0.000000
parser.c:2698	0.000000	0.000000	0.000000	0.000000	-0.008850	0.000000	0.000000	-1.000000	22.071308	1.000000	0.000000	0.000000
parser.c:2701	0.000000	0.000000	0.000000	0.000000	-0.141593	0.000000	0.000000	-1.000000	23.595918	2.000000	0.000000	0.000000
parser.c:2702	0.000000	0.000000	0.000000	0.000000	-0.141593	0.000000	0.000000	-1.000000	23.595918	2.000000	0.000000	0.000000
parser.c:2708	0.000000	0.000000	0.000000	0.000000	-0.141593	0.000000	0.000000	-1.000000	23.595918	2.000000	0.000000	0.000000
parser.c:2710	0.000000	0.000000	0.000000	0.000000	-0.017699	0.000000	0.000000	-1.000000	22.390391	1.189207	0.000000	0.000000
parser.c:2711	0.000000	0.000000	0.000000	0.000000	-0.017699	0.000000	0.000000	-1.000000	22.390391	1.189207	0.000000	0.000000
parser.c:2715	0.000000	0.000000	0.000000	0.000000	-0.123894	0.000000	0.000000	-1.000000	23.540647	1.934336	0.000000	0.000000
parser.c:2716	0.000000	0.000000	0.000000	0.000000	-0.123894	0.000000	0.000000	-1.000000	23.540647	1.934336	0.000000	0.000000
parser.c:2718	0.000000	0.000000	0.000000	0.000000	-0.141593	0.000000	0.000000	-1.000000	23.595918	2.000000	0.000000	0.000000
parser.c:2719	0.000000	0.000000	0.000000	0.000000	-0.141593	0.000000	0.000000	-1.000000	23.595918	2.000000	0.000000	0.000000
parser.c:2728	0.000000	0.000000	0.000000	0.000000	-0.743363	0.000000	0.000000	-1.000000	19.748157	3.027400	0.000000	0.000000
parser.c:2730	0.000000	0.000000	0.000000	0.000000	-0.743363	0.000000	0.000000	-1.000000	19.748157	3.027400	0.000000	0.000000
parser.c:2731	0.000000	0.000000	0.000000	0.000000	-0.743363	0.000000	0.000000	-1.000000	19.748157	3.027400	0.000000	0.000000
parser.c:2737	0.000000	0.000000	0.000000	0.000000	-0.743363	0.000000	0.000000	-1.000000	19.748157	3.027400	0.000000	0.000000
parser.c:2747	0.000000	0.000000	0.000000	0.000000	-0.159292	0.000000	0.000000	-1.000000	23.633360	2.059767	0.000000	0.000000
parser.c:2751	0.000000	0.000000	0.000000	0.000000	-0.159292	0.000000	0.000000	-1.000000	23.633360	2.059767	0.000000	0.000000
parser.c:2757	0.000000	0.000000	0.000000	0.000000	-0.159292	0.000000	0.000000	-1.000000	23.633360	2.059767	0.000000	0.000000
parser.c:2758	0.000000	0.000000	0.000000	0.000000	-0.159292	0.000000	0.000000	-1.000000	23.633360	2.059767	0.000000	0.000000
parser.c:2759	0.000000	0.000000	0.000000	0.000000	-0.159292	0.000000	0.000000	-1.000000	23.633360	2.059767	0.000000	0.000000
parser.c:2760	0.000000	0.000000	0.000000	0.000000	-0.159292	0.000000	0.000000	-1.000000	23.633360	2.059767	0.000000	0.000000
parser.c:2761	0.000000	0.000000	0.000000	0.000000	-0.159292	0.000000	0.000000	-1.000000	23.633360	2.059767	0.000000	0.000000
parser.c:2762	0.000000	0.000000	0.000000	0.000000	-0.159292	0.000000	0.000000	-1.000000	23.633360	2.059767	0.000000	0.000000
parser.c:2764	0.000000	0.000000	0.000000	0.000000	-0.159292	0.000000	0.000000	-1.000000	23.633360	2.059767	0.000000	0.000000
parser.c:2765	0.000000	0.000000	0.000000	0.000000	-0.159292	0.000000	0.000000	-1.000000	23.633360	2.059767	0.000000	0.000000
parser.c:2767	0.000000	0.000000	0.000000	0.000000	-0.159292	0.000000	0.000000	-1.000000	23.633360	2.059767	0.000000	0.000000
parser.c:2769	0.000000	0.000000	0.000000	0.000000	-0.159292	0.000000	0.000000	-1.000000	23.633360	2.059767	0.000000	0.000000
parser.c:2830	0.000000	0.000000	0.000000	0.000000	-0.159292	0.000000	0.000000	-1.000000	23.633360	2.059767	0.000000	0.000000
parser.c:2832	0.000000	0.000000	0.000000	0.000000	-0.123894	0.000000	0.000000	-1.000000	23.540647	1.934336	0.000000	0.000000
parser.c:2835	0.000000	0.000000	0.000000	0.000000	-0.008850	0.000000	0.000000	-1.000000	22.071308	1.000000	0.000000	0.000000
parser.c:2837	0.000000	0.000000	0.000000	0.000000	-0.115044	0.000000	0.000000	-1.000000	23.505300	1.898829	0.000000	0.000000
parser.c:2847	0.000000	0.000000	0.000000	0.000000	-0.115044	0.000000	0.000000	-1.000000	23.505300	1.898829	0.000000	0.000000
parser.c:2849	0.000000	0.000000	0.000000	0.000000	-0.115044	0.000000	0.000000	-1.000000	23.505300	1.898829	0.000000	0.000000
parser.c:2851	0.000000	0.000000	0.000000	0.000000	-0.115044	0.000000	0.000000	-1.000000	23.505300	1.898829	0.000000	0.000000
parser.c:2854	0.000000	0.000000	0.000000	0.000000	-0.115044	0.000000	0.000000	-1.000000	23.505300	1.898829	0.000000	0.000000
parser.c:2856	0.000000	0.000000	0.000000	0.000000	-0.115044	0.000000	0.000000	-1.000000	23.505300	1.898829	0.000000	0.000000
parser.c:2857	0.000000	0.000000	0.000000	0.000000	-0.115044	0.000000	0.000000	-1.000000	23.505300	1.898829	0.000000	0.000000
parser.c:2859	0.000000	0.000000	0.000000	0.000000	-0.115044	0.000000	0.000000	-1.000000	23.505300	1.898829	0.000000	0.000000
parser.c:2860	0.000000	0.000000	0.000000	0.000000	-0.115044	0.000000	0.000000	-1.000000	23.505300	1.898829	0.000000	0.000000
parser.c:2885	0.000000	0.000000	0.000000	0.000000	-0.150442	0.000000	0.000000	-1.000000	23.616694	2.030543	0.000000	0.000000
parser.c:2886	0.000000	0.000000	0.000000	0.000000	-0.141593	0.000000	0.000000	-1.000000	23.595918	2.000000	0.000000	0.000000
parser.c:2888	0.000000	0.000000	0.000000	0.000000	-0.150442	0.000000	0.000000	-1.000000	23.616694	2.030543	0.000000	0.000000
parser.c:2896	0.000000	0.000000	0.000000	0.000000	-0.150442	0.000000	0.000000	-1.000000	23.616694	2.030543	0.000000	0.000000
parser.c:2904	0.000000	0.000000	0.000000	0.000000	-0.150442	0.000000	0.000000	-1.000000	23.616694	2.030543	0.000000	0.000000
parser.c:2907	0.000000	0.000000	0.000000	0.000000	-0.150442	0.000000	0.000000	-1.000000	23.616694	2.030543	0.000000	0.000000
parser.c:2909	0.000000	0.000000	0.000000	0.000000	-0.150442	0.000000	0.000000	-1.000000	23.616694	2.030543	0.000000	0.000000
parser.c:2910	0.000000	0.000000	0.000000	0.000000	-0.150442	0.000000	0.000000	-1.000000	23.616694	2.030543	0.000000	0.000000
parser.c:2911	0.000000	0.000000	0.000000	0.000000	-0.150442	0.000000	0.000000	-1.000000	23.616694	2.030543	0.000000	0.000000
parser.c:2912	0.000000	0.000000	0.000000	0.000000	-0.150442	0.000000	0.000000	-1.000000	23.616694	2.030543	0.000000	0.000000
parser.c:2913	0.000000	0.000000	0.000000	0.000000	-0.150442	0.000000	0.000000	-1.000000	23.616694	2.030543	0.000000	0.000000
parser.c:2915	0.000000	0.000000	0.000000	0.000000	-0.150442	0.000000	0.000000	-1.000000	23.616694	2.030543	0.000000	0.000000
parser.c:2916	0.000000	0.000000	0.000000	0.000000	-0.150442	0.000000	0.000000	-1.000000	23.616694	2.030543	0.000000	0.000000
parser.c:2917	0.000000	0.000000	0.000000	0.000000	-0.150442	0.000000	0.000000	-1.000000	23.616694	2.030543	0.000000	0.000000
parser.c:2919	0.000000	0.000000	0.000000	0.000000	-0.150442	0.000000	0.000000	-1.000000	23.616694	2.030543	0.000000	0.000000
parser.c:2923	0.000000	0.000000	0.000000	0.000000	-0.141593	0.000000	0.000000	-1.000000	23.595918	2.000000	0.000000	0.000000
parser.c:2924	0.000000	0.000000	0.000000	0.000000	-0.141593	0.000000	0.000000	-1.000000	23.595918	2.000000	0.000000	0.000000
parser.c:2925	0.000000	0.000000	0.000000	0.000000	-0.141593	0.000000	0.000000	-1.000000	23.595918	2.000000	0.000000	0.000000
parser.c:2926	0.000000	0.000000	0.000000	0.000000	-0.141593	0.000000	0.000000	-1.000000	23.595918	2.000000	0.000000	0.000000
parser.c:2928	0.000000	0.000000	0.000000	0.000000	-0.141593	0.000000	0.000000	-1.000000	23.595918	2.000000	0.000000	0.000000
parser.c:2932	0.000000	0.000000	0.000000	0.000000	-0.115044	0.000000	0.000000	-1.000000	23.505300	1.898829	0.000000	0.000000
parser.c:2933	0.000000	0.000000	0.000000	0.000000	-0.115044	0.000000	0.000000	-1.000000	23.505300	1.898829	0.000000	0.000000
parser.c:2936	0.000000	0.000000	0.000000	0.000000	-0.008850	0.000000	0.000000	-1.000000	22.071308	1.000000	0.000000	0.000000
parser.c:2937	0.000000	0.000000	0.000000	0.000000	-0.008850	0.000000	0.000000	-1.000000	22.071308	1.000000	0.000000	0.000000
parser.c:2938	0.000000	0.000000	0.000000	0.000000	-0.008850	0.000000	0.000000	-1.000000	22.071308	1.000000	0.000000	0.000000
parser.c:2939	0.000000	0.000000	0.000000	0.000000	-0.008850	0.000000	0.000000	-1.000000	22.071308	1.000000	0.000000	0.000000
parser.c:2942	0.000000	0.000000	0.000000	0.000000	-0.053097	0.000000	0.000000	-1.000000	23.040750	1.565085	0.000000	0.000000
parser.c:2943	0.000000	0.000000	0.000000	0.000000	-0.053097	0.000000	0.000000	-1.000000	23.040750	1.565085	0.000000	0.000000
parser.c:2944	0.000000	0.000000	0.000000	0.000000	-0.053097	0.000000	0.000000	-1.000000	23.040750	1.565085	0.000000	0.000000
parser.c:2945	0.000000	0.000000	0.000000	0.000000	-0.053097	0.000000	0.000000	-1.000000	23.040750	1.565085	0.000000	0.000000
parser.c:2965	0.000000	0.000000	0.000000	0.000000	-0.008850	0.000000	0.000000	-1.000000	22.071308	1.000000	0.000000	0.000000
parser.c:2966	0.000000	0.000000	0.000000	0.000000	-0.008850	0.000000	0.000000	-1.000000	22.071308	1.000000	0.000000	0.000000
parser.c:2967	0.000000	0.000000	0.000000	0.000000	-0.008850	0.000000	0.000000	-1.000000	22.071308	1.000000	0.000000	0.000000
parser.c:2968	0.000000	0.000000	0.000000	0.000000	-0.008850	0.000000	0.000000	-1.000000	22.071308	1.000000	0.000000	0.000000
parser.c:2977	0.000000	0.000000	0.000000	0.000000	-0.017699	0.000000	0.000000	-1.000000	22.390391	1.189207	0.000000	0.000000
parser.c:2978	0.000000	0.000000	0.000000	0.000000	-0.017699	0.000000	0.000000	-1.000000	22.390391	1.189207	0.000000	0.000000
parser.c:2979	0.000000	0.000000	0.000000	0.000000	-0.017699	0.000000	0.000000	-1.000000	22.390391	1.189207	0.000000	0.000000
parser.c:2980	0.000000	0.000000	0.000000	0.000000	-0.017699	0.000000	0.000000	-1.000000	22.390391	1.189207	0.000000	0.000000
parser.c:2986	0.000000	0.000000	0.000000	0.000000	-0.097345	0.000000	0.000000	-1.000000	23.416376	1.821160	0.000000	0.000000
parser.c:2987	0.000000	0.000000	0.000000	0.000000	-0.097345	0.000000	0.000000	-1.000000	23.416376	1.821160	0.000000	0.000000
parser.c:2990	0.000000	0.000000	0.000000	0.000000	-0.026549	0.000000	0.000000	-1.000000	22.612664	1.316074	0.000000	0.000000
parser.c:2991	0.000000	0.000000	0.000000	0.000000	-0.026549	0.000000	0.000000	-1.000000	22.612664	1.316074	0.000000	0.000000
parser.c:3002	0.000000	0.000000	0.000000	0.000000	-0.008850	0.000000	0.000000	-1.000000	22.071308	1.000000	0.000000	0.000000
parser.c:3003	0.000000	0.000000	0.000000	0.000000	-0.008850	0.000000	0.000000	-1.000000	22.071308	1.000000	0.000000	0.000000
parser.c:3004	0.000000	0.000000	0.000000	0.000000	-0.008850	0.000000	0.000000	-1.000000	22.071308	1.000000	0.000000	0.000000
parser.c:3005	0.000000	0.000000	0.000000	0.000000	-0.008850	0.000000	0.000000	-1.000000	22.071308	1.000000	0.000000	0.000000
parser.c:3010	0.000000	0.000000	0.000000	0.000000	-0.044248	0.000000	0.000000	-1.000000	22.924229	1.495349	0.000000	0.000000
parser.c:3011	0.000000	0.000000	0.000000	0.000000	-0.044248	0.000000	0.000000	-1.000000	22.924229	1.495349	0.000000	0.000000
parser.c:3014	0.000000	0.000000	0.000000	0.000000	-0.008850	0.000000	0.000000	-1.000000	22.071308	1.000000	0.000000	0.000000
parser.c:3015	0.000000	0.000000	0.000000	0.000000	-0.008850	0.000000	0.000000	-1.000000	22.071308	1.000000	0.000000	0.000000
parser.c:3016	0.000000	0.000000	0.000000	0.000000	-0.008850	0.000000	0.000000	-1.000000	22.071308	1.000000	0.000000	0.000000
parser.c:3017	0.000000	0.000000	0.000000	0.000000	-0.008850	0.000000	0.000000	-1.000000	22.071308	1.000000	0.000000	0.000000
parser.c:3028	0.000000	0.000000	0.000000	0.000000	-0.115044	0.000000	0.000000	-1.000000	23.505300	1.898829	0.000000	0.000000
parser.c:3030	0.000000	0.000000	0.000000	0.000000	-0.115044	0.000000	0.000000	-1.000000	23.505300	1.898829	0.000000	0.000000
parser.c:3031	0.000000	0.000000	0.000000	0.000000	-0.061947	0.000000	0.000000	-1.000000	23.139653	1.626577	0.000000	0.000000
parser.c:3032	0.000000	0.000000	0.000000	0.000000	-0.115044	0.000000	0.000000	-1.000000	23.505300	1.898829	0.000000	0.000000
parser.c:3036	0.000000	0.000000	0.000000	0.000000	-0.061947	0.000000	0.000000	-1.000000	23.139653	1.626577	0.000000	0.000000
parser.c:3039	0.000000	0.000000	0.000000	0.000000	-0.061947	0.000000	0.000000	-1.000000	23.139653	1.626577	0.000000	0.000000
parser.c:3040	0.000000	0.000000	0.000000	0.000000	-0.061947	0.000000	0.000000	-1.000000	23.139653	1.626577	0.000000	0.000000
parser.c:3047	0.000000	0.000000	0.000000	0.000000	-0.061947	0.000000	0.000000	-1.000000	23.139653	1.626577	0.000000	0.000000
parser.c:3052	0.000000	0.000000	0.000000	0.000000	-0.061947	0.000000	0.000000	-1.000000	23.139653	1.626577	0.000000	0.000000
parser.c:3053	0.000000	0.000000	0.000000	0.000000	-0.061947	0.000000	0.000000	-1.000000	23.139653	1.626577	0.000000	0.000000
parser.c:3055	0.000000	0.000000	0.000000	0.000000	-0.061947	0.000000	0.000000	-1.000000	23.139653	1.626577	0.000000	0.000000
parser.c:3065	0.000000	0.000000	0.000000	0.000000	-0.061947	0.000000	0.000000	-1.000000	23.139653	1.626577	0.000000	0.000000
parser.c:3081	0.000000	0.000000	0.000000	0.000000	-0.132743	0.000000	0.000000	-1.000000	23.570699	1.967990	0.000000	0.000000
parser.c:3092	0.000000	0.000000	0.000000	0.000000	-0.132743	0.000000	0.000000	-1.000000	23.570699	1.967990	0.000000	0.000000
parser.c:3098	0.000000	0.000000	0.000000	0.000000	-0.132743	0.000000	0.000000	-1.000000	23.570699	1.967990	0.000000	0.000000
parser.c:3101	0.000000	0.000000	0.000000	0.000000	-0.132743	0.000000	0.000000	-1.000000	23.570699	1.967990	0.000000	0.000000
parser.c:3102	0.000000	0.000000	0.000000	0.000000	-0.132743	0.000000	0.000000	-1.000000	23.570699	1.967990	0.000000	0.000000
parser.c:3103	0.000000	0.000000	0.000000	0.000000	-0.132743	0.000000	0.000000	-1.000000	23.570699	1.967990	0.000000	0.000000
parser.c:3105	0.000000	0.000000	0.000000	0.000000	-0.132743	0.000000	0.000000	-1.000000	23.570699	1.967990	0.000000	0.000000
parser.c:3107	0.000000	0.000000	0.000000	0.000000	-0.132743	0.000000	0.000000	-1.000000	23.570699	1.967990	0.000000	0.000000
parser.c:3109	0.000000	0.000000	0.000000	0.000000	-0.132743	0.000000	0.000000	-1.000000	23.570699	1.967990	0.000000	0.000000
parser.c:3110	0.000000	0.000000	0.000000	0.000000	-0.132743	0.000000	0.000000	-1.000000	23.570699	1.967990	0.000000	0.000000
parser.c:3123	0.000000	0.000000	0.000000	0.000000	-0.132743	0.000000	0.000000	-1.000000	23.570699	1.967990	0.000000	0.000000
parser.c:3125	0.000000	0.000000	0.000000	0.000000	-0.061947	0.000000	0.000000	-1.000000	23.139653	1.626577	0.000000	0.000000
parser.c:3126	0.000000	0.000000	0.000000	0.000000	-0.061947	0.000000	0.000000	-1.000000	23.139653	1.626577	0.000000	0.000000
parser.c:3127	0.000000	0.000000	0.000000	0.000000	-0.061947	0.000000	0.000000	-1.000000	23.139653	1.626577	0.000000	0.000000
parser.c:3131	0.000000	0.000000	0.000000	0.000000	-0.070796	0.000000	0.000000	-1.000000	23.224505	1.681793	0.000000	0.000000
parser.c:3134	0.000000	0.000000	0.000000	0.000000	-0.132743	0.000000	0.000000	-1.000000	23.570699	1.967990	0.000000	0.000000
parser.c:3139	0.000000	0.000000	0.000000	0.000000	-0.132743	0.000000	0.000000	-1.000000	23.570699	1.967990	0.000000	0.000000
parser.c:3140	0.000000	0.000000	0.000000	0.000000	-0.132743	0.000000	0.000000	-1.000000	23.570699	1.967990	0.000000	0.000000
parser.c:3141	0.000000	0.000000	0.000000	0.000000	-0.132743	0.000000	0.000000	-1.000000	23.570699	1.967990	0.000000	0.000000
parser.c:3142	0.000000	0.000000	0.000000	0.000000	-0.132743	0.000000	0.000000	-1.000000	23.570699	1.967990	0.000000	0.000000
parser.c:3143	0.000000	0.000000	0.000000	0.000000	-0.132743	0.000000	0.000000	-1.000000	23.570699	1.967990	0.000000	0.000000
parser.c:3146	0.000000	0.000000	0.000000	0.000000	-0.132743	0.000000	0.000000	-1.000000	23.570699	1.967990	0.000000	0.000000
parser.c:3147	0.000000	0.000000	0.000000	0.000000	-0.132743	0.000000	0.000000	-1.000000	23.570699	1.967990	0.000000	0.000000
parser.c:3148	0.000000	0.000000	0.000000	0.000000	-0.070796	0.000000	0.000000	-1.000000	23.224505	1.681793	0.000000	0.000000
parser.c:3150	0.000000	0.000000	0.000000	0.000000	-0.070796	0.000000	0.000000	-1.000000	23.224505	1.681793	0.000000	0.000000
parser.c:3151	0.000000	0.000000	0.000000	0.000000	-0.070796	0.000000	0.000000	-1.000000	23.224505	1.681793	0.000000	0.000000
parser.c:3154	0.000000	0.000000	0.000000	0.000000	-0.132743	0.000000	0.000000	-1.000000	23.570699	1.967990	0.000000	0.000000
parser.c:3155	0.000000	0.000000	0.000000	0.000000	-0.132743	0.000000	0.000000	-1.000000	23.570699	1.967990	0.000000	0.000000
parser.c:3157	0.000000	0.000000	0.000000	0.000000	-0.115044	0.000000	0.000000	-1.000000	23.505300	1.898829	0.000000	0.000000
parser.c:3158	0.000000	0.000000	0.000000	0.000000	-0.115044	0.000000	0.000000	-1.000000	23.505300	1.898829	0.000000	0.000000
parser.c:3160	0.000000	0.000000	0.000000	0.000000	-0.115044	0.000000	0.000000	-1.000000	23.505300	1.898829	0.000000	0.000000
parser.c:3179	0.000000	0.000000	0.000000	0.000000	-0.132743	0.000000	0.000000	-1.000000	23.570699	1.967990	0.000000	0.000000
parser.c:3186	0.000000	0.000000	0.000000	0.000000	-0.132743	0.000000	0.000000	-1.000000	23.570699	1.967990	0.000000	0.000000
parser.c:3207	0.000000	0.000000	0.000000	0.000000	-0.132743	0.000000	0.000000	-1.000000	23.570699	1.967990	0.000000	0.000000
parser.c:3208	0.000000	0.000000	0.000000	0.000000	-0.132743	0.000000	0.000000	-1.000000	23.570699	1.967990	0.000000	0.000000
parser.c:3217	0.000000	0.000000	0.000000	0.000000	-0.132743	0.000000	0.000000	-1.000000	23.570699	1.967990	0.000000	0.000000
parser.c:3219	0.000000	0.000000	0.000000	0.000000	-0.132743	0.000000	0.000000	-1.000000	23.570699	1.967990	0.000000	0.000000
parser.c:3222	0.000000	0.000000	0.000000	0.000000	-0.132743	0.000000	0.000000	-1.000000	23.570699	1.967990	0.000000	0.000000
parser.c:3224	0.000000	0.000000	0.000000	0.000000	-0.132743	0.000000	0.000000	-1.000000	23.570699	1.967990	0.000000	0.000000
parser.c:3229	0.000000	0.000000	0.000000	0.000000	-0.070796	0.000000	0.000000	-1.000000	23.224505	1.681793	0.000000	0.000000
parser.c:3230	0.000000	0.000000	0.000000	0.000000	-0.070796	0.000000	0.000000	-1.000000	23.224505	1.681793	0.000000	0.000000
parser.c:3231	0.000000	0.000000	0.000000	0.000000	-0.070796	0.000000	0.000000	-1.000000	23.224505	1.681793	0.000000	0.000000
parser.c:3232	0.000000	0.000000	0.000000	0.000000	-0.070796	0.000000	0.000000	-1.000000	23.224505	1.681793	0.000000	0.000000
parser.c:3233	0.000000	0.000000	0.000000	0.000000	-0.070796	0.000000	0.000000	-1.000000	23.224505	1.681793	0.000000	0.000000
parser.c:3236	0.000000	0.000000	0.000000	0.000000	-0.070796	0.000000	0.000000	-1.000000	23.224505	1.681793	0.000000	0.000000
parser.c:3239	0.000000	0.000000	0.000000	0.000000	-0.070796	0.000000	0.000000	-1.000000	23.224505	1.681793	0.000000	0.000000
parser.c:3242	0.000000	0.000000	0.000000	0.000000	-0.070796	0.000000	0.000000	-1.000000	23.224505	1.681793	0.000000	0.000000
parser.c:3244	0.000000	0.000000	0.000000	0.000000	-0.070796	0.000000	0.000000	-1.000000	23.224505	1.681793	0.000000	0.000000
parser.c:3245	0.000000	0.000000	0.000000	0.000000	-0.070796	0.000000	0.000000	-1.000000	23.224505	1.681793	0.000000	0.000000
parser.c:3255	0.000000	0.000000	0.000000	0.000000	-0.070796	0.000000	0.000000	-1.000000	23.224505	1.681793	0.000000	0.000000
parser.c:3257	0.000000	0.000000	0.000000	0.000000	-0.070796	0.000000	0.000000	-1.000000	23.224505	1.681793	0.000000	0.000000
parser.c:3258	0.000000	0.000000	0.000000	0.000000	-0.070796	0.000000	0.000000	-1.000000	23.224505	1.681793	0.000000	0.000000
parser.c:3259	0.000000	0.000000	0.000000	0.000000	-0.070796	0.000000	0.000000	-1.000000	23.224505	1.681793	0.000000	0.000000
parser.c:3260	0.000000	0.000000	0.000000	0.000000	-0.070796	0.000000	0.000000	-1.000000	23.224505	1.681793	0.000000	0.000000
parser.c:3261	0.000000	0.000000	0.000000	0.000000	-0.070796	0.000000	0.000000	-1.000000	23.224505	1.681793	0.000000	0.000000
parser.c:3265	0.000000	0.000000	0.000000	0.000000	-0.070796	0.000000	0.000000	-1.000000	23.224505	1.681793	0.000000	0.000000
parser.c:3268	0.000000	0.000000	0.000000	0.000000	-0.070796	0.000000	0.000000	-1.000000	23.224505	1.681793	0.000000	0.000000
parser.c:3270	0.000000	0.000000	0.000000	0.000000	-0.070796	0.000000	0.000000	-1.000000	23.224505	1.681793	0.000000	0.000000
parser.c:3274	0.000000	0.000000	0.000000	0.000000	-0.132743	0.000000	0.000000	-1.000000	23.570699	1.967990	0.000000	0.000000
parser.c:3277	0.000000	0.000000	0.000000	0.000000	-0.132743	0.000000	0.000000	-1.000000	23.570699	1.967990	0.000000	0.000000
parser.c:3279	0.000000	0.000000	0.000000	0.000000	-0.132743	0.000000	0.000000	-1.000000	23.570699	1.967990	0.000000	0.000000
parser.c:3285	0.000000	0.000000	0.000000	0.000000	-0.132743	0.000000	0.000000	-1.000000	23.570699	1.967990	0.000000	0.000000
parser.c:3291	0.000000	0.000000	0.000000	0.000000	-0.132743	0.000000	0.000000	-1.000000	23.570699	1.967990	0.000000	0.000000
parser.c:3310	0.982456	0.577350	0.333333	1.000000	0.982301	0.008850	1.000000	110.000000	24.390391	0.643594	1.200000	10.440307
parser.c:3319	0.982456	0.577350	0.333333	1.000000	0.982301	0.008850	1.000000	110.000000	24.390391	0.643594	1.200000	10.440307
parser.c:3322	0.982456	0.577350	0.333333	1.000000	0.982301	0.008850	1.000000	110.000000	24.390391	0.643594	1.200000	10.440307
parser.c:3326	0.982456	0.577350	0.333333	1.000000	0.982301	0.008850	1.000000	110.000000	24.390391	0.643594	1.200000	10.440307
parser.c:3330	0.982456	0.577350	0.333333	1.000000	0.982301	0.008850	1.000000	110.000000	24.390391	0.643594	1.200000	10.440307
parser.c:3336	0.000000	0.000000	0.000000	0.000000	-0.008850	0.000000	0.000000	-1.000000	22.071308	1.000000	0.000000	0.000000
parser.c:3337	0.000000	0.000000	0.000000	0.000000	-0.008850	0.000000	0.000000	-1.000000	22.071308	1.000000	0.000000	0.000000
parser.c:3338	0.000000	0.000000	0.000000	0.000000	-0.008850	0.000000	0.000000	-1.000000	22.071308	1.000000	0.000000	0.000000
parser.c:3346	0.000000	0.000000	0.000000	0.000000	-0.008850	0.000000	0.000000	-1.000000	22.071308	1.000000	0.000000	0.000000
parser.c:3347	0.000000	0.000000	0.000000	0.000000	-0.008850	0.000000	0.000000	-1.000000	22.071308	1.000000	0.000000	0.000000
parser.c:3353	0.000000	0.000000	0.000000	0.000000	-0.008850	0.000000	0.000000	-1.000000	22.071308	1.000000	0.000000	0.000000
parser.c:3354	0.000000	0.000000	0.000000	0.000000	-0.008850	0.000000	0.000000	-1.000000	22.071308	1.000000	0.000000	0.000000
parser.c:3360	0.000000	0.000000	0.000000	0.000000	-0.008850	0.000000	0.000000	-1.000000	22.071308	1.000000	0.000000	0.000000
parser.c:3365	0.991150	0.707107	0.500000	1.000000	0.991150	0.008850	1.000000	111.000000	24.071308	0.000000	1.333333	10.535654
parser.c:3387	0.991150	0.707107	0.500000	1.000000	0.991150	0.008850	1.000000	111.000000	24.071308	0.000000	1.333333	10.535654
parser.c:3393	0.991150	0.707107	0.500000	1.000000	0.991150	0.008850	1.000000	111.000000	24.071308	0.000000	1.333333	10.535654
parser.c:3397	0.991150	0.707107	0.500000	1.000000	0.991150	0.008850	1.000000	111.000000	24.071308	0.000000	1.333333	10.535654
parser.c:3399	0.991150	0.707107	0.500000	1.000000	0.991150	0.008850	1.000000	111.000000	24.071308	0.000000	1.333333	10.535654
parser.c:3402	0.991150	0.707107	0.500000	1.000000	0.991150	0.008850	1.000000	111.000000	24.071308	0.000000	1.333333	10.535654
parser.c:3404	0.991150	0.707107	0.500000	1.000000	0.991150	0.008850	1.000000	111.000000	24.071308	0.000000	1.333333	10.535654
parser.c:3409	0.991150	0.707107	0.500000	1.000000	0.991150	0.008850	1.000000	111.000000	24.071308	0.000000	1.333333	10.535654
parser.c:3425	0.991150	0.707107	0.500000	1.000000	0.991150	0.008850	1.000000	111.000000	24.071308	0.000000	1.333333	10.535654
parser.c:3427	0.991150	0.707107	0.500000	1.000000	0.991150	0.008850	1.000000	111.000000	24.071308	0.000000	1.333333	10.535654
parser.c:3428	1.000000	1.000000	1.000000	1.000000	1.000000	0.008850	1.000000	112.000000	23.166010	1.000000	2.000000	10.630146
parser.c:3430	0.000000	0.000000	0.000000	0.000000	-0.008850	0.000000	0.000000	-1.000000	22.071308	1.000000	0.000000	0.000000
parser.c:3431	0.000000	0.000000	0.000000	0.000000	-0.008850	0.000000	0.000000	-1.000000	22.071308	1.000000	0.000000	0.000000
parser.c:3432	0.000000	0.000000	0.000000	0.000000	-0.008850	0.000000	0.000000	-1.000000	22.071308	1.000000	0.000000	0.000000
parser.c:3434	0.000000	0.000000	0.000000	0.000000	-0.008850	0.000000	0.000000	-1.000000	22.071308	1.000000	0.000000	0.000000
parser.c:3456	0.000000	0.000000	0.000000	0.000000	-0.008850	0.000000	0.000000	-1.000000	22.071308	1.000000	0.000000	0.000000
parser.c:3466	0.933333	0.333333	0.111111	1.000000	0.929204	0.008850	1.000000	104.000000	25.224505	1.352193	1.058824	9.848858
parser.c:3468	0.933333	0.333333	0.111111	1.000000	0.929204	0.008850	1.000000	104.000000	25.224505	1.352193	1.058824	9.848858
parser.c:3471	0.000000	0.000000	0.000000	0.000000	-0.026549	0.000000	0.000000	-1.000000	22.612664	1.316074	0.000000	0.000000
parser.c:3472	0.000000	0.000000	0.000000	0.000000	-0.026549	0.000000	0.000000	-1.000000	22.612664	1.316074	0.000000	0.000000
parser.c:3473	0.000000	0.000000	0.000000	0.000000	-0.026549	0.000000	0.000000	-1.000000	22.612664	1.316074	0.000000	0.000000
parser.c:3475	0.000000	0.000000	0.000000	0.000000	-0.017699	0.000000	0.000000	-1.000000	22.390391	1.189207	0.000000	0.000000
parser.c:3476	0.000000	0.000000	0.000000	0.000000	-0.017699	0.000000	0.000000	-1.000000	22.390391	1.189207	0.000000	0.000000
parser.c:3477	0.000000	0.000000	0.000000	0.000000	-0.017699	0.000000	0.000000	-1.000000	22.390391	1.189207	0.000000	0.000000
parser.c:3479	0.933333	0.333333	0.111111	1.000000	0.929204	0.008850	1.000000	104.000000	25.224505	1.352193	1.058824	9.848858
parser.c:3480	0.933333	0.333333	0.111111	1.000000	0.929204	0.008850	1.000000	104.000000	25.224505	1.352193	1.058824	9.848858
parser.c:3482	0.933333	0.333333	0.111111	1.000000	0.929204	0.008850	1.000000	104.000000	25.224505	1.352193	1.058824	9.848858
parser.c:3500	0.000000	0.000000	0.000000	0.000000	-0.053097	0.000000	0.000000	-1.000000	23.040750	1.565085	0.000000	0.000000
parser.c:3506	0.000000	0.000000	0.000000	0.000000	-0.053097	0.000000	0.000000	-1.000000	23.040750	1.565085	0.000000	0.000000
parser.c:3510	0.000000	0.000000	0.000000	0.000000	-0.053097	0.000000	0.000000	-1.000000	23.040750	1.565085	0.000000	0.000000
parser.c:3512	0.000000	0.000000	0.000000	0.000000	-0.053097	0.000000	0.000000	-1.000000	23.040750	1.565085	0.000000	0.000000
parser.c:3516	0.000000	0.000000	0.000000	0.000000	-0.053097	0.000000	0.000000	-1.000000	23.040750	1.565085	0.000000	0.000000
parser.c:352	0.000000	0.000000	0.000000	0.000000	-0.831858	0.000000	0.000000	-1.000000	18.180641	3.113737	0.000000	0.000000
parser.c:3532	0.000000	0.000000	0.000000	0.000000	-0.017699	0.000000	0.000000	-1.000000	22.390391	1.189207	0.000000	0.000000
parser.c:3536	0.000000	0.000000	0.000000	0.000000	-0.017699	0.000000	0.000000	-1.000000	22.390391	1.189207	0.000000	0.000000
parser.c:3541	0.000000	0.000000	0.000000	0.000000	-0.017699	0.000000	0.000000	-1.000000	22.390391	1.189207	0.000000	0.000000
parser.c:3543	0.000000	0.000000	0.000000	0.000000	-0.017699	0.000000	0.000000	-1.000000	22.390391	1.189207	0.000000	0.000000
parser.c:3544	0.000000	0.000000	0.000000	0.000000	-0.017699	0.000000	0.000000	-1.000000	22.390391	1.189207	0.000000	0.000000
parser.c:3545	0.000000	0.000000	0.000000	0.000000	-0.017699	0.000000	0.000000	-1.000000	22.390391	1.189207	0.000000	0.000000
parser.c:3547	0.000000	0.000000	0.000000	0.000000	-0.017699	0.000000	0.000000	-1.000000	22.390391	1.189207	0.000000	0.000000
parser.c:355	0.000000	0.000000	0.000000	0.000000	-0.831858	0.000000	0.000000	-1.000000	18.180641	3.113737	0.000000	0.000000
parser.c:3557	0.000000	0.000000	0.000000	0.000000	-0.017699	0.000000	0.000000	-1.000000	22.390391	1.189207	0.000000	0.000000
parser.c:3564	0.000000	0.000000	0.000000	0.000000	-0.743363	0.000000	0.000000	-1.000000	19.748157	3.027400	0.000000	0.000000
parser.c:3566	0.000000	0.000000	0.000000	0.000000	-0.743363	0.000000	0.000000	-1.000000	19.748157	3.027400	0.000000	0.000000
parser.c:3567	0.000000	0.000000	0.000000	0.000000	-0.743363	0.000000	0.000000	-1.000000	19.748157	3.027400	0.000000	0.000000
parser.c:3569	0.000000	0.000000	0.000000	0.000000	-0.743363	0.000000	0.000000	-1.000000	19.748157	3.027400	0.000000	0.000000
parser.c:357	0.000000	0.000000	0.000000	0.000000	-0.831858	0.000000	0.000000	-1.000000	18.180641	3.113737	0.000000	0.000000
parser.c:3574	0.000000	0.000000	0.000000	0.000000	-0.743363	0.000000	0.000000	-1.000000	19.748157	3.027400	0.000000	0.000000
parser.c:3576	0.000000	0.000000	0.000000	0.000000	-0.734513	0.000000	0.000000	-1.000000	19.880763	3.018349	0.000000	0.000000
parser.c:3577	0.000000	0.000000	0.000000	0.000000	-0.734513	0.000000	0.000000	-1.000000	19.880763	3.018349	0.000000	0.000000
parser.c:3581	0.000000	0.000000	0.000000	0.000000	-0.008850	0.000000	0.000000	-1.000000	22.071308	1.000000	0.000000	0.000000
parser.c:3582	0.000000	0.000000	0.000000	0.000000	-0.008850	0.000000	0.000000	-1.000000	22.071308	1.000000	0.000000	0.000000
parser.c:3584	0.000000	0.000000	0.000000	0.000000	-0.008850	0.000000	0.000000	-1.000000	22.071308	1.000000	0.000000	0.000000
parser.c:359	0.000000	0.000000	0.000000	0.000000	-0.831858	0.000000	0.000000	-1.000000	18.180641	3.113737	0.000000	0.000000
parser.c:3590	0.000000	0.000000	0.000000	0.000000	-0.743363	0.000000	0.000000	-1.000000	19.748157	3.027400	0.000000	0.000000
parser.c:3591	0.000000	0.000000	0.000000	0.000000	-0.743363	0.000000	0.000000	-1.000000	19.748157	3.027400	0.000000	0.000000
parser.c:3594	0.000000	0.000000	0.000000	0.000000	-0.716814	0.000000	0.000000	-1.000000	20.135529	3.000000	0.000000	0.000000
parser.c:3596	0.000000	0.000000	0.000000	0.000000	-0.716814	0.000000	0.000000	-1.000000	20.135529	3.000000	0.000000	0.000000
parser.c:3597	0.000000	0.000000	0.000000	0.000000	-0.716814	0.000000	0.000000	-1.000000	20.135529	3.000000	0.000000	0.000000
parser.c:360	0.000000	0.000000	0.000000	0.000000	-0.026549	0.000000	0.000000	-1.000000	22.612664	1.316074	0.000000	0.000000
parser.c:361	0.000000	0.000000	0.000000	0.000000	-0.831858	0.000000	0.000000	-1.000000	18.180641	3.113737	0.000000	0.000000
parser.c:362	0.000000	0.000000	0.000000	0.000000	-0.061947	0.000000	0.000000	-1.000000	23.139653	1.626577	0.000000	0.000000
parser.c:363	0.000000	0.000000	0.000000	0.000000	-0.831858	0.000000	0.000000	-1.000000	18.180641	3.113737	0.000000	0.000000
parser.c:366	0.000000	0.000000	0.000000	0.000000	-0.831858	0.000000	0.000000	-1.000000	18.180641	3.113737	0.000000	0.000000
parser.c:391	0.000000	0.000000	0.000000	0.000000	-0.831858	0.000000	0.000000	-1.000000	18.180641	3.113737	0.000000	0.000000
parser.c:395	0.000000	0.000000	0.000000	0.000000	-0.185841	0.000000	0.000000	-1.000000	23.661360	2.140695	0.000000	0.000000
parser.c:398	0.000000	0.000000	0.000000	0.000000	-0.185841	0.000000	0.000000	-1.000000	23.661360	2.140695	0.000000	0.000000
parser.c:400	0.000000	0.000000	0.000000	0.000000	-0.185841	0.000000	0.000000	-1.000000	23.661360	2.140695	0.000000	0.000000
parser.c:402	0.000000	0.000000	0.000000	0.000000	-0.185841	0.000000	0.000000	-1.000000	23.661360	2.140695	0.000000	0.000000
parser.c:404	0.000000	0.000000	0.000000	0.000000	-0.185841	0.000000	0.000000	-1.000000	23.661360	2.140695	0.000000	0.000000
parser.c:405	0.000000	0.000000	0.000000	0.000000	-0.185841	0.000000	0.000000	-1.000000	23.661360	2.140695	0.000000	0.000000
parser.c:409	0.000000	0.000000	0.000000	0.000000	-0.185841	0.000000	0.000000	-1.000000	23.661360	2.140695	0.000000	0.000000
parser.c:438	0.500000	0.094072	0.008850	1.000000	0.008850	0.008850	1.000000	0.000000	12.583005	3.095643	1.004444	10.535654
parser.c:440	0.500000	0.094072	0.008850	1.000000	0.008850	0.008850	1.000000	0.000000	12.583005	3.095643	1.004444	10.535654
parser.c:449	0.500000	0.094072	0.008850	1.000000	0.008850	0.008850	1.000000	0.000000	12.583005	3.095643	1.004444	10.535654
parser.c:452	0.000000	0.000000	0.000000	0.000000	-0.053097	0.000000	0.000000	-1.000000	23.040750	1.565085	0.000000	0.000000
parser.c:453	0.000000	0.000000	0.000000	0.000000	-0.053097	0.000000	0.000000	-1.000000	23.040750	1.565085	0.000000	0.000000
parser.c:454	0.000000	0.000000	0.000000	0.000000	-0.053097	0.000000	0.000000	-1.000000	23.040750	1.565085	0.000000	0.000000
parser.c:457	0.500000	0.094072	0.008850	1.000000	0.008850	0.008850	1.000000	0.000000	12.583005	3.095643	1.004444	10.535654
parser.c:461	0.500000	0.094072	0.008850	1.000000	0.008850	0.008850	1.000000	0.000000	12.583005	3.095643	1.004444	10.535654
parser.c:464	0.000000	0.000000	0.000000	0.000000	-0.044248	0.000000	0.000000	-1.000000	22.924229	1.495349	0.000000	0.000000
parser.c:465	0.000000	0.000000	0.000000	0.000000	-0.044248	0.000000	0.000000	-1.000000	22.924229	1.495349	0.000000	0.000000
parser.c:468	0.500000	0.094072	0.008850	1.000000	0.008850	0.008850	1.000000	0.000000	12.583005	3.095643	1.004444	10.535654
parser.c:469	0.500000	0.094072	0.008850	1.000000	0.008850	0.008850	1.000000	0.000000	12.583005	3.095643	1.004444	10.535654
parser.c:473	0.500000	0.094072	0.008850	1.000000	0.008850	0.008850	1.000000	0.000000	12.583005	3.095643	1.004444	10.535654
parser.c:481	0.500000	0.094072	0.008850	1.000000	0.008850	0.008850	1.000000	0.000000	12.583005	3.095643	1.004444	10.535654
parser.c:482	0.500000	0.094072	0.008850	1.000000	0.008850	0.008850	1.000000	0.000000	12.583005	3.095643	1.004444	10.535654
parser.c:485	0.000000	0.000000	0.000000	0.000000	-0.831858	0.000000	0.000000	-1.000000	18.180641	3.113737	0.000000	0.000000
parser.c:494	0.000000	0.000000	0.000000	0.000000	-0.831858	0.000000	0.000000	-1.000000	18.180641	3.113737	0.000000	0.000000
parser.c:501	0.500000	0.094072	0.008850	1.000000	0.008850	0.008850	1.000000	0.000000	12.583005	3.095643	1.004444	10.535654
parser.c:516	0.500000	0.094072	0.008850	1.000000	0.008850	0.008850	1.000000	0.000000	12.583005	3.095643	1.004444	10.535654
parser.c:522	0.500000	0.094072	0.008850	1.000000	0.008850	0.008850	1.000000	0.000000	12.583005	3.095643	1.004444	10.535654
parser.c:524	0.000000	0.000000	0.000000	0.000000	-0.176991	0.000000	0.000000	-1.000000	23.655462	2.114743	0.000000	0.000000
parser.c:525	0.000000	0.000000	0.000000	0.000000	-0.008850	0.000000	0.000000	-1.000000	22.071308	1.000000	0.000000	0.000000
parser.c:546	0.500000	0.094072	0.008850	1.000000	0.008850	0.008850	1.000000	0.000000	12.583005	3.095643	1.004444	10.535654
parser.c:548	0.500000	0.094072	0.008850	1.000000	0.008850	0.008850	1.000000	0.000000	12.583005	3.095643	1.004444	10.535654
parser.c:553	0.500000	0.094072	0.008850	1.000000	0.008850	0.008850	1.000000	0.000000	12.583005	3.095643	1.004444	10.535654
parser.c:562	0.500000	0.094072	0.008850	1.000000	0.008850	0.008850	1.000000	0.000000	12.583005	3.095643	1.004444	10.535654
parser.c:565	0.500000	0.094072	0.008850	1.000000	0.008850	0.008850	1.000000	0.000000	12.583005	3.095643	1.004444	10.535654
parser.c:568	0.500000	0.094072	0.008850	1.000000	0.008850	0.008850	1.000000	0.000000	12.583005	3.095643	1.004444	10.535654
parser.c:569	0.000000	0.000000	0.000000	0.000000	-0.008850	0.000000	0.000000	-1.000000	22.071308	1.000000	0.000000	0.000000
parser.c:571	0.000000	0.000000	0.000000	0.000000	-0.008850	0.000000	0.000000	-1.000000	22.071308	1.000000	0.000000	0.000000
parser.c:574	0.500000	0.094072	0.008850	1.000000	0.008850	0.008850	1.000000	0.000000	12.583005	3.095643	1.004444	10.535654
parser.c:575	0.500000	0.094072	0.008850	1.000000	0.008850	0.008850	1.000000	0.000000	12.583005	3.095643	1.004444	10.535654
parser.c:577	0.500000	0.094072	0.008850	1.000000	0.008850	0.008850	1.000000	0.000000	12.583005	3.095643	1.004444	10.535654
parser.c:579	0.500000	0.094072	0.008850	1.000000	0.008850	0.008850	1.000000	0.000000	12.583005	3.095643	1.004444	10.535654
parser.c:581	0.500000	0.094072	0.008850	1.000000	0.008850	0.008850	1.000000	0.000000	12.583005	3.095643	1.004444	10.535654
parser.c:588	0.000000	0.000000	0.000000	0.000000	-0.008850	0.000000	0.000000	-1.000000	22.071308	1.000000	0.000000	0.000000
parser.c:590	0.000000	0.000000	0.000000	0.000000	-0.008850	0.000000	0.000000	-1.000000	22.071308	1.000000	0.000000	0.000000
parser.c:593	0.000000	0.000000	0.000000	0.000000	-0.008850	0.000000	0.000000	-1.000000	22.071308	1.000000	0.000000	0.000000
parser.c:613	0.000000	0.000000	0.000000	0.000000	-0.008850	0.000000	0.000000	-1.000000	22.071308	1.000000	0.000000	0.000000
parser.c:619	0.000000	0.000000	0.000000	0.000000	-0.008850	0.000000	0.000000	-1.000000	22.071308	1.000000	0.000000	0.000000
parser.c:620	0.000000	0.000000	0.000000	0.000000	-0.008850	0.000000	0.000000	-1.000000	22.071308	1.000000	0.000000	0.000000
parser.c:627	0.554455	0.104828	0.010989	1.000000	0.203540	0.008850	1.000000	22.000000	20.867665	2.913217	1.005525	8.185353
parser.c:629	0.554455	0.104828	0.010989	1.000000	0.203540	0.008850	1.000000	22.000000	20.867665	2.913217	1.005525	8.185353
parser.c:631	0.000000	0.000000	0.000000	0.000000	-0.053097	0.000000	0.000000	-1.000000	23.040750	1.565085	0.000000	0.000000
parser.c:632	0.000000	0.000000	0.000000	0.000000	-0.053097	0.000000	0.000000	-1.000000	23.040750	1.565085	0.000000	0.000000
parser.c:636	0.568528	0.107833	0.011628	1.000000	0.247788	0.008850	1.000000	27.000000	21.611849	2.866975	1.005848	7.549834
parser.c:637	0.568528	0.107833	0.011628	1.000000	0.247788	0.008850	1.000000	27.000000	21.611849	2.866975	1.005848	7.549834
parser.c:638	0.568528	0.107833	0.011628	1.000000	0.247788	0.008850	1.000000	27.000000	21.611849	2.866975	1.005848	7.549834
parser.c:643	0.000000	0.000000	0.000000	0.000000	-0.053097	0.000000	0.000000	-1.000000	23.040750	1.565085	0.000000	0.000000
parser.c:647	0.000000	0.000000	0.000000	0.000000	-0.053097	0.000000	0.000000	-1.000000	23.040750	1.565085	0.000000	0.000000
parser.c:649	0.000000	0.000000	0.000000	0.000000	-0.044248	0.000000	0.000000	-1.000000	22.924229	1.495349	0.000000	0.000000
parser.c:650	0.000000	0.000000	0.000000	0.000000	-0.044248	0.000000	0.000000	-1.000000	22.924229	1.495349	0.000000	0.000000
parser.c:652	0.000000	0.000000	0.000000	0.000000	-0.044248	0.000000	0.000000	-1.000000	22.924229	1.495349	0.000000	0.000000
parser.c:661	0.000000	0.000000	0.000000	0.000000	-0.008850	0.000000	0.000000	-1.000000	22.071308	1.000000	0.000000	0.000000
parser.c:662	0.000000	0.000000	0.000000	0.000000	-0.008850	0.000000	0.000000	-1.000000	22.071308	1.000000	0.000000	0.000000
parser.c:678	0.000000	0.000000	0.000000	0.000000	-0.017699	0.000000	0.000000	-1.000000	22.390391	1.189207	0.000000	0.000000
parser.c:685	0.000000	0.000000	0.000000	0.000000	-0.017699	0.000000	0.000000	-1.000000	22.390391	1.189207	0.000000	0.000000
parser.c:686	0.000000	0.000000	0.000000	0.000000	-0.017699	0.000000	0.000000	-1.000000	22.390391	1.189207	0.000000	0.000000
parser.c:687	0.000000	0.000000	0.000000	0.000000	-0.017699	0.000000	0.000000	-1.000000	22.390391	1.189207	0.000000	0.000000
parser.c:688	0.000000	0.000000	0.000000	0.000000	-0.017699	0.000000	0.000000	-1.000000	22.390391	1.189207	0.000000	0.000000
parser.c:689	0.000000	0.000000	0.000000	0.000000	-0.017699	0.000000	0.000000	-1.000000	22.390391	1.189207	0.000000	0.000000
parser.c:690	0.000000	0.000000	0.000000	0.000000	-0.017699	0.000000	0.000000	-1.000000	22.390391	1.189207	0.000000	0.000000
parser.c:713	0.000000	0.000000	0.000000	0.000000	-0.168142	0.000000	0.000000	-1.000000	23.646200	2.087798	0.000000	0.000000
parser.c:720	0.000000	0.000000	0.000000	0.000000	-0.168142	0.000000	0.000000	-1.000000	23.646200	2.087798	0.000000	0.000000
parser.c:721	0.000000	0.000000	0.000000	0.000000	-0.168142	0.000000	0.000000	-1.000000	23.646200	2.087798	0.000000	0.000000
parser.c:722	0.000000	0.000000	0.000000	0.000000	-0.168142	0.000000	0.000000	-1.000000	23.646200	2.087798	0.000000	0.000000
parser.c:723	0.000000	0.000000	0.000000	0.000000	-0.168142	0.000000	0.000000	-1.000000	23.646200	2.087798	0.000000	0.000000
parser.c:724	0.000000	0.000000	0.000000	0.000000	-0.168142	0.000000	0.000000	-1.000000	23.646200	2.087798	0.000000	0.000000
parser.c:725	0.000000	0.000000	0.000000	0.000000	-0.168142	0.000000	0.000000	-1.000000	23.646200	2.087798	0.000000	0.000000
parser.c:748	0.000000	0.000000	0.000000	0.000000	-0.026549	0.000000	0.000000	-1.000000	22.612664	1.316074	0.000000	0.000000
parser.c:755	0.000000	0.000000	0.000000	0.000000	-0.026549	0.000000	0.000000	-1.000000	22.612664	1.316074	0.000000	0.000000
parser.c:756	0.000000	0.000000	0.000000	0.000000	-0.026549	0.000000	0.000000	-1.000000	22.612664	1.316074	0.000000	0.000000
parser.c:757	0.000000	0.000000	0.000000	0.000000	-0.026549	0.000000	0.000000	-1.000000	22.612664	1.316074	0.000000	0.000000
parser.c:758	0.000000	0.000000	0.000000	0.000000	-0.026549	0.000000	0.000000	-1.000000	22.612664	1.316074	0.000000	0.000000
parser.c:759	0.000000	0.000000	0.000000	0.000000	-0.026549	0.000000	0.000000	-1.000000	22.612664	1.316074	0.000000	0.000000
parser.c:760	0.000000	0.000000	0.000000	0.000000	-0.026549	0.000000	0.000000	-1.000000	22.612664	1.316074	0.000000	0.000000
parser.c:761	0.000000	0.000000	0.000000	0.000000	-0.026549	0.000000	0.000000	-1.000000	22.612664	1.316074	0.000000	0.000000
parser.c:788	0.000000	0.000000	0.000000	0.000000	-0.026549	0.000000	0.000000	-1.000000	22.612664	1.316074	0.000000	0.000000
parser.c:794	0.000000	0.000000	0.000000	0.000000	-0.026549	0.000000	0.000000	-1.000000	22.612664	1.316074	0.000000	0.000000
parser.c:795	0.000000	0.000000	0.000000	0.000000	-0.026549	0.000000	0.000000	-1.000000	22.612664	1.316074	0.000000	0.000000
parser.c:797	0.000000	0.000000	0.000000	0.000000	-0.026549	0.000000	0.000000	-1.000000	22.612664	1.316074	0.000000	0.000000
parser.c:802	0.000000	0.000000	0.000000	0.000000	-0.026549	0.000000	0.000000	-1.000000	22.612664	1.316074	0.000000	0.000000
parser.c:804	0.000000	0.000000	0.000000	0.000000	-0.026549	0.000000	0.000000	-1.000000	22.612664	1.316074	0.000000	0.000000
parser.c:805	0.000000	0.000000	0.000000	0.000000	-0.026549	0.000000	0.000000	-1.000000	22.612664	1.316074	0.000000	0.000000
parser.c:809	0.000000	0.000000	0.000000	0.000000	-0.088496	0.000000	0.000000	-1.000000	23.361288	1.778279	0.000000	0.000000
parser.c:814	0.000000	0.000000	0.000000	0.000000	-0.088496	0.000000	0.000000	-1.000000	23.361288	1.778279	0.000000	0.000000
parser.c:815	0.000000	0.000000	0.000000	0.000000	-0.088496	0.000000	0.000000	-1.000000	23.361288	1.778279	0.000000	0.000000
parser.c:816	0.000000	0.000000	0.000000	0.000000	-0.088496	0.000000	0.000000	-1.000000	23.361288	1.778279	0.000000	0.000000
parser.c:820	0.000000	0.000000	0.000000	0.000000	-0.008850	0.000000	0.000000	-1.000000	22.071308	1.000000	0.000000	0.000000
parser.c:822	0.000000	0.000000	0.000000	0.000000	-0.008850	0.000000	0.000000	-1.000000	22.071308	1.000000	0.000000	0.000000
parser.c:829	0.000000	0.000000	0.000000	0.000000	-0.008850	0.000000	0.000000	-1.000000	22.071308	1.000000	0.000000	0.000000
parser.c:833	0.000000	0.000000	0.000000	0.000000	-0.026549	0.000000	0.000000	-1.000000	22.612664	1.316074	0.000000	0.000000
parser.c:839	0.000000	0.000000	0.000000	0.000000	-0.026549	0.000000	0.000000	-1.000000	22.612664	1.316074	0.000000	0.000000
parser.c:840	0.000000	0.000000	0.000000	0.000000	-0.026549	0.000000	0.000000	-1.000000	22.612664	1.316074	0.000000	0.000000
parser.c:841	0.000000	0.000000	0.000000	0.000000	-0.026549	0.000000	0.000000	-1.000000	22.612664	1.316074	0.000000	0.000000
parser.c:845	0.000000	0.000000	0.000000	0.000000	-0.070796	0.000000	0.000000	-1.000000	23.224505	1.681793	0.000000	0.000000
parser.c:847	0.000000	0.000000	0.000000	0.000000	-0.070796	0.000000	0.000000	-1.000000	23.224505	1.681793	0.000000	0.000000
parser.c:851	0.000000	0.000000	0.000000	0.000000	-0.061947	0.000000	0.000000	-1.000000	23.139653	1.626577	0.000000	0.000000
parser.c:853	0.000000	0.000000	0.000000	0.000000	-0.061947	0.000000	0.000000	-1.000000	23.139653	1.626577	0.000000	0.000000
parser.c:857	0.000000	0.000000	0.000000	0.000000	-0.053097	0.000000	0.000000	-1.000000	23.040750	1.565085	0.000000	0.000000
parser.c:864	0.000000	0.000000	0.000000	0.000000	-0.053097	0.000000	0.000000	-1.000000	23.040750	1.565085	0.000000	0.000000
parser.c:865	0.000000	0.000000	0.000000	0.000000	-0.053097	0.000000	0.000000	-1.000000	23.040750	1.565085	0.000000	0.000000
parser.c:866	0.000000	0.000000	0.000000	0.000000	-0.053097	0.000000	0.000000	-1.000000	23.040750	1.565085	0.000000	0.000000
parser.c:867	0.000000	0.000000	0.000000	0.000000	-0.053097	0.000000	0.000000	-1.000000	23.040750	1.565085	0.000000	0.000000
parser.c:868	0.000000	0.000000	0.000000	0.000000	-0.053097	0.000000	0.000000	-1.000000	23.040750	1.565085	0.000000	0.000000
parser.c:894	0.000000	0.000000	0.000000	0.000000	-0.008850	0.000000	0.000000	-1.000000	22.071308	1.000000	0.000000	0.000000
parser.c:896	0.000000	0.000000	0.000000	0.000000	-0.008850	0.000000	0.000000	-1.000000	22.071308	1.000000	0.000000	0.000000
parser.c:897	0.000000	0.000000	0.000000	0.000000	-0.008850	0.000000	0.000000	-1.000000	22.071308	1.000000	0.000000	0.000000
parser.c:901	0.000000	0.000000	0.000000	0.000000	-0.008850	0.000000	0.000000	-1.000000	22.071308	1.000000	0.000000	0.000000
parser.c:905	0.000000	0.000000	0.000000	0.000000	-0.008850	0.000000	0.000000	-1.000000	22.071308	1.000000	0.000000	0.000000
parser.c:907	0.000000	0.000000	0.000000	0.000000	-0.008850	0.000000	0.000000	-1.000000	22.071308	1.000000	0.000000	0.000000
parser.c:908	0.000000	0.000000	0.000000	0.000000	-0.008850	0.000000	0.000000	-1.000000	22.071308	1.000000	0.000000	0.000000
parser.c:909	0.000000	0.000000	0.000000	0.000000	-0.008850	0.000000	0.000000	-1.000000	22.071308	1.000000	0.000000	0.000000
parser.c:910	0.000000	0.000000	0.000000	0.000000	-0.008850	0.000000	0.000000	-1.000000	22.071308	1.000000	0.000000	0.000000
parser.c:911	0.000000	0.000000	0.000000	0.000000	-0.008850	0.000000	0.000000	-1.000000	22.071308	1.000000	0.000000	0.000000
parser.c:912	0.000000	0.000000	0.000000	0.000000	-0.008850	0.000000	0.000000	-1.000000	22.071308	1.000000	0.000000	0.000000
parser.c:921	0.000000	0.000000	0.000000	0.000000	-0.017699	0.000000	0.000000	-1.000000	22.390391	1.189207	0.000000	0.000000
parser.c:923	0.000000	0.000000	0.000000	0.000000	-0.017699	0.000000	0.000000	-1.000000	22.390391	1.189207	0.000000	0.000000
parser.c:924	0.000000	0.000000	0.000000	0.000000	-0.017699	0.000000	0.000000	-1.000000	22.390391	1.189207	0.000000	0.000000
parser.c:925	0.000000	0.000000	0.000000	0.000000	-0.008850	0.000000	0.000000	-1.000000	22.071308	1.000000	0.000000	0.000000
parser.c:927	0.000000	0.000000	0.000000	0.000000	-0.008850	0.000000	0.000000	-1.000000	22.071308	1.000000	0.000000	0.000000
parser.c:928	0.000000	0.000000	0.000000	0.000000	-0.017699	0.000000	0.000000	-1.000000	22.390391	1.189207	0.000000	0.000000
parser.c:929	0.000000	0.000000	0.000000	0.000000	-0.017699	0.000000	0.000000	-1.000000	22.390391	1.189207	0.000000	0.000000
parser.c:930	0.000000	0.000000	0.000000	0.000000	-0.017699	0.000000	0.000000	-1.000000	22.390391	1.189207	0.000000	0.000000
parser.c:931	0.000000	0.000000	0.000000	0.000000	-0.017699	0.000000	0.000000	-1.000000	22.390391	1.189207	0.000000	0.000000
parser.c:936	0.000000	0.000000	0.000000	0.000000	-0.008850	0.000000	0.000000	-1.000000	22.071308	1.000000	0.000000	0.000000
parser.c:939	0.000000	0.000000	0.000000	0.000000	-0.008850	0.000000	0.000000	-1.000000	22.071308	1.000000	0.000000	0.000000
parser.c:940	0.000000	0.000000	0.000000	0.000000	-0.008850	0.000000	0.000000	-1.000000	22.071308	1.000000	0.000000	0.000000
