parser.c:1012	0.000000	0.000000	0.000000	0.000000	-0.009615	0.000000	0.000000	-1.000000	21.199010	1.000000	0.000000	0.000000
parser.c:1020	0.000000	0.000000	0.000000	0.000000	-0.009615	0.000000	0.000000	-1.000000	21.199010	1.000000	0.000000	0.000000
parser.c:1030	0.000000	0.000000	0.000000	0.000000	-0.009615	0.000000	0.000000	-1.000000	21.199010	1.000000	0.000000	0.000000
parser.c:1076	0.000000	0.000000	0.000000	0.000000	-0.298077	0.000000	0.000000	-1.000000	22.538327	2.359611	0.000000	0.000000
parser.c:1078	0.000000	0.000000	0.000000	0.000000	-0.298077	0.000000	0.000000	-1.000000	22.538327	2.359611	0.000000	0.000000
parser.c:1081	0.000000	0.000000	0.000000	0.000000	-0.038462	0.000000	0.000000	-1.000000	21.899749	1.414214	0.000000	0.000000
parser.c:1085	0.000000	0.000000	0.000000	0.000000	-0.259615	0.000000	0.000000	-1.000000	22.631748	2.279507	0.000000	0.000000
parser.c:1090	0.000000	0.000000	0.000000	0.000000	-0.009615	0.000000	0.000000	-1.000000	21.199010	1.000000	0.000000	0.000000
parser.c:1093	0.000000	0.000000	0.000000	0.000000	-0.009615	0.000000	0.000000	-1.000000	21.199010	1.000000	0.000000	0.000000
parser.c:1095	0.000000	0.000000	0.000000	0.000000	-0.009615	0.000000	0.000000	-1.000000	21.199010	1.000000	0.000000	0.000000
parser.c:1096	0.000000	0.000000	0.000000	0.000000	-0.009615	0.000000	0.000000	-1.000000	21.199010	1.000000	0.000000	0.000000
parser.c:1100	0.000000	0.000000	0.000000	0.000000	-0.009615	0.000000	0.000000	-1.000000	21.199010	1.000000	0.000000	0.000000
parser.c:1101	0.000000	0.000000	0.000000	0.000000	-0.009615	0.000000	0.000000	-1.000000	21.199010	1.000000	0.000000	0.000000
parser.c:1114	0.000000	0.000000	0.000000	0.000000	-0.201923	0.000000	0.000000	-1.000000	22.693346	2.140695	0.000000	0.000000
parser.c:1117	0.000000	0.000000	0.000000	0.000000	-0.201923	0.000000	0.000000	-1.000000	22.693346	2.140695	0.000000	0.000000
parser.c:1119	0.000000	0.000000	0.000000	0.000000	-0.201923	0.000000	0.000000	-1.000000	22.693346	2.140695	0.000000	0.000000
parser.c:1120	0.000000	0.000000	0.000000	0.000000	-0.201923	0.000000	0.000000	-1.000000	22.693346	2.140695	0.000000	0.000000
parser.c:1121	0.000000	0.000000	0.000000	0.000000	-0.201923	0.000000	0.000000	-1.000000	22.693346	2.140695	0.000000	0.000000
parser.c:1126	0.000000	0.000000	0.000000	0.000000	-0.201923	0.000000	0.000000	-1.000000	22.693346	2.140695	0.000000	0.000000
parser.c:1128	0.000000	0.000000	0.000000	0.000000	-0.201923	0.000000	0.000000	-1.000000	22.693346	2.140695	0.000000	0.000000
parser.c:1133	0.000000	0.000000	0.000000	0.000000	-0.173077	0.000000	0.000000	-1.000000	22.681730	2.059767	0.000000	0.000000
parser.c:1135	0.000000	0.000000	0.000000	0.000000	-0.173077	0.000000	0.000000	-1.000000	22.681730	2.059767	0.000000	0.000000
parser.c:1142	0.000000	0.000000	0.000000	0.000000	-0.173077	0.000000	0.000000	-1.000000	22.681730	2.059767	0.000000	0.000000
parser.c:1148	0.000000	0.000000	0.000000	0.000000	-0.009615	0.000000	0.000000	-1.000000	21.199010	1.000000	0.000000	0.000000
parser.c:1151	0.000000	0.000000	0.000000	0.000000	-0.009615	0.000000	0.000000	-1.000000	21.199010	1.000000	0.000000	0.000000
parser.c:1152	0.000000	0.000000	0.000000	0.000000	-0.009615	0.000000	0.000000	-1.000000	21.199010	1.000000	0.000000	0.000000
parser.c:1154	0.000000	0.000000	0.000000	0.000000	-0.009615	0.000000	0.000000	-1.000000	21.199010	1.000000	0.000000	0.000000
parser.c:1156	0.000000	0.000000	0.000000	0.000000	-0.009615	0.000000	0.000000	-1.000000	21.199010	1.000000	0.000000	0.000000
parser.c:1157	0.000000	0.000000	0.000000	0.000000	-0.009615	0.000000	0.000000	-1.000000	21.199010	1.000000	0.000000	0.000000
parser.c:1158	0.000000	0.000000	0.000000	0.000000	-0.009615	0.000000	0.000000	-1.000000	21.199010	1.000000	0.000000	0.000000
parser.c:1159	0.000000	0.000000	0.000000	0.000000	-0.009615	0.000000	0.000000	-1.000000	21.199010	1.000000	0.000000	0.000000
parser.c:1160	0.000000	0.000000	0.000000	0.000000	-0.009615	0.000000	0.000000	-1.000000	21.199010	1.000000	0.000000	0.000000
parser.c:1167	0.000000	0.000000	0.000000	0.000000	-0.009615	0.000000	0.000000	-1.000000	21.199010	1.000000	0.000000	0.000000
parser.c:1169	0.000000	0.000000	0.000000	0.000000	-0.009615	0.000000	0.000000	-1.000000	21.199010	1.000000	0.000000	0.000000
parser.c:1170	0.000000	0.000000	0.000000	0.000000	-0.009615	0.000000	0.000000	-1.000000	21.199010	1.000000	0.000000	0.000000
parser.c:1175	0.000000	0.000000	0.000000	0.000000	-0.009615	0.000000	0.000000	-1.000000	21.199010	1.000000	0.000000	0.000000
parser.c:1176	0.000000	0.000000	0.000000	0.000000	-0.009615	0.000000	0.000000	-1.000000	21.199010	1.000000	0.000000	0.000000
parser.c:1190	0.000000	0.000000	0.000000	0.000000	-0.009615	0.000000	0.000000	-1.000000	21.199010	1.000000	0.000000	0.000000
parser.c:1192	0.000000	0.000000	0.000000	0.000000	-0.009615	0.000000	0.000000	-1.000000	21.199010	1.000000	0.000000	0.000000
parser.c:1195	0.000000	0.000000	0.000000	0.000000	-0.009615	0.000000	0.000000	-1.000000	21.199010	1.000000	0.000000	0.000000
parser.c:1199	0.000000	0.000000	0.000000	0.000000	-0.019231	0.000000	0.000000	-1.000000	21.513965	1.189207	0.000000	0.000000
parser.c:1203	0.000000	0.000000	0.000000	0.000000	-0.019231	0.000000	0.000000	-1.000000	21.513965	1.189207	0.000000	0.000000
parser.c:1204	0.000000	0.000000	0.000000	0.000000	-0.019231	0.000000	0.000000	-1.000000	21.513965	1.189207	0.000000	0.000000
parser.c:1206	0.000000	0.000000	0.000000	0.000000	-0.019231	0.000000	0.000000	-1.000000	21.513965	1.189207	0.000000	0.000000
parser.c:1207	0.000000	0.000000	0.000000	0.000000	-0.019231	0.000000	0.000000	-1.000000	21.513965	1.189207	0.000000	0.000000
parser.c:1208	0.000000	0.000000	0.000000	0.000000	-0.019231	0.000000	0.000000	-1.000000	21.513965	1.189207	0.000000	0.000000
parser.c:1209	0.000000	0.000000	0.000000	0.000000	-0.019231	0.000000	0.000000	-1.000000	21.513965	1.189207	0.000000	0.000000
parser.c:1210	0.000000	0.000000	0.000000	0.000000	-0.019231	0.000000	0.000000	-1.000000	21.513965	1.189207	0.000000	0.000000
parser.c:1216	0.000000	0.000000	0.000000	0.000000	-0.009615	0.000000	0.000000	-1.000000	21.199010	1.000000	0.000000	0.000000
parser.c:1218	0.000000	0.000000	0.000000	0.000000	-0.009615	0.000000	0.000000	-1.000000	21.199010	1.000000	0.000000	0.000000
parser.c:1222	0.000000	0.000000	0.000000	0.000000	-0.009615	0.000000	0.000000	-1.000000	21.199010	1.000000	0.000000	0.000000
parser.c:1224	0.000000	0.000000	0.000000	0.000000	-0.009615	0.000000	0.000000	-1.000000	21.199010	1.000000	0.000000	0.000000
parser.c:1225	0.000000	0.000000	0.000000	0.000000	-0.009615	0.000000	0.000000	-1.000000	21.199010	1.000000	0.000000	0.000000
parser.c:1227	0.000000	0.000000	0.000000	0.000000	-0.009615	0.000000	0.000000	-1.000000	21.199010	1.000000	0.000000	0.000000
parser.c:1229	0.000000	0.000000	0.000000	0.000000	-0.009615	0.000000	0.000000	-1.000000	21.199010	1.000000	0.000000	0.000000
parser.c:1232	0.000000	0.000000	0.000000	0.000000	-0.009615	0.000000	0.000000	-1.000000	21.199010	1.000000	0.000000	0.000000
parser.c:1233	0.000000	0.000000	0.000000	0.000000	-0.009615	0.000000	0.000000	-1.000000	21.199010	1.000000	0.000000	0.000000
parser.c:1242	0.000000	0.000000	0.000000	0.000000	-0.009615	0.000000	0.000000	-1.000000	21.199010	1.000000	0.000000	0.000000
parser.c:1245	0.000000	0.000000	0.000000	0.000000	-0.009615	0.000000	0.000000	-1.000000	21.199010	1.000000	0.000000	0.000000
parser.c:1246	0.000000	0.000000	0.000000	0.000000	-0.009615	0.000000	0.000000	-1.000000	21.199010	1.000000	0.000000	0.000000
parser.c:1248	0.000000	0.000000	0.000000	0.000000	-0.009615	0.000000	0.000000	-1.000000	21.199010	1.000000	0.000000	0.000000
parser.c:1249	0.000000	0.000000	0.000000	0.000000	-0.009615	0.000000	0.000000	-1.000000	21.199010	1.000000	0.000000	0.000000
parser.c:1250	0.000000	0.000000	0.000000	0.000000	-0.009615	0.000000	0.000000	-1.000000	21.199010	1.000000	0.000000	0.000000
parser.c:1251	0.000000	0.000000	0.000000	0.000000	-0.009615	0.000000	0.000000	-1.000000	21.199010	1.000000	0.000000	0.000000
parser.c:1265	0.000000	0.000000	0.000000	0.000000	-0.115385	0.000000	0.000000	-1.000000	22.542886	1.861210	0.000000	0.000000
parser.c:1270	0.000000	0.000000	0.000000	0.000000	-0.115385	0.000000	0.000000	-1.000000	22.542886	1.861210	0.000000	0.000000
parser.c:1271	0.000000	0.000000	0.000000	0.000000	-0.115385	0.000000	0.000000	-1.000000	22.542886	1.861210	0.000000	0.000000
parser.c:1273	0.000000	0.000000	0.000000	0.000000	-0.115385	0.000000	0.000000	-1.000000	22.542886	1.861210	0.000000	0.000000
parser.c:1274	0.000000	0.000000	0.000000	0.000000	-0.115385	0.000000	0.000000	-1.000000	22.542886	1.861210	0.000000	0.000000
parser.c:1276	0.000000	0.000000	0.000000	0.000000	-0.105769	0.000000	0.000000	-1.000000	22.499951	1.821160	0.000000	0.000000
parser.c:1277	0.000000	0.000000	0.000000	0.000000	-0.105769	0.000000	0.000000	-1.000000	22.499951	1.821160	0.000000	0.000000
parser.c:1279	0.000000	0.000000	0.000000	0.000000	-0.105769	0.000000	0.000000	-1.000000	22.499951	1.821160	0.000000	0.000000
parser.c:1282	0.000000	0.000000	0.000000	0.000000	-0.009615	0.000000	0.000000	-1.000000	21.199010	1.000000	0.000000	0.000000
parser.c:1293	0.000000	0.000000	0.000000	0.000000	-0.076923	0.000000	0.000000	-1.000000	22.322016	1.681793	0.000000	0.000000
parser.c:1295	0.000000	0.000000	0.000000	0.000000	-0.076923	0.000000	0.000000	-1.000000	22.322016	1.681793	0.000000	0.000000
parser.c:1299	0.000000	0.000000	0.000000	0.000000	-0.067308	0.000000	0.000000	-1.000000	22.241669	1.626577	0.000000	0.000000
parser.c:1301	0.000000	0.000000	0.000000	0.000000	-0.067308	0.000000	0.000000	-1.000000	22.241669	1.626577	0.000000	0.000000
parser.c:1347	0.000000	0.000000	0.000000	0.000000	-0.173077	0.000000	0.000000	-1.000000	22.681730	2.059767	0.000000	0.000000
parser.c:1350	0.000000	0.000000	0.000000	0.000000	-0.173077	0.000000	0.000000	-1.000000	22.681730	2.059767	0.000000	0.000000
parser.c:1352	0.000000	0.000000	0.000000	0.000000	-0.163462	0.000000	0.000000	-1.000000	22.670343	2.030543	0.000000	0.000000
parser.c:1353	0.000000	0.000000	0.000000	0.000000	-0.163462	0.000000	0.000000	-1.000000	22.670343	2.030543	0.000000	0.000000
parser.c:1355	0.000000	0.000000	0.000000	0.000000	-0.163462	0.000000	0.000000	-1.000000	22.670343	2.030543	0.000000	0.000000
parser.c:1356	0.000000	0.000000	0.000000	0.000000	-0.163462	0.000000	0.000000	-1.000000	22.670343	2.030543	0.000000	0.000000
parser.c:1357	0.000000	0.000000	0.000000	0.000000	-0.163462	0.000000	0.000000	-1.000000	22.670343	2.030543	0.000000	0.000000
parser.c:1358	0.000000	0.000000	0.000000	0.000000	-0.163462	0.000000	0.000000	-1.000000	22.670343	2.030543	0.000000	0.000000
parser.c:1359	0.000000	0.000000	0.000000	0.000000	-0.163462	0.000000	0.000000	-1.000000	22.670343	2.030543	0.000000	0.000000
parser.c:1362	0.000000	0.000000	0.000000	0.000000	-0.009615	0.000000	0.000000	-1.000000	21.199010	1.000000	0.000000	0.000000
parser.c:1366	0.000000	0.000000	0.000000	0.000000	-0.048077	0.000000	0.000000	-1.000000	22.035058	1.495349	0.000000	0.000000
parser.c:1373	0.000000	0.000000	0.000000	0.000000	-0.048077	0.000000	0.000000	-1.000000	22.035058	1.495349	0.000000	0.000000
parser.c:1374	0.000000	0.000000	0.000000	0.000000	-0.048077	0.000000	0.000000	-1.000000	22.035058	1.495349	0.000000	0.000000
parser.c:1375	0.000000	0.000000	0.000000	0.000000	-0.048077	0.000000	0.000000	-1.000000	22.035058	1.495349	0.000000	0.000000
parser.c:1376	0.000000	0.000000	0.000000	0.000000	-0.048077	0.000000	0.000000	-1.000000	22.035058	1.495349	0.000000	0.000000
parser.c:1377	0.000000	0.000000	0.000000	0.000000	-0.048077	0.000000	0.000000	-1.000000	22.035058	1.495349	0.000000	0.000000
parser.c:1378	0.000000	0.000000	0.000000	0.000000	-0.048077	0.000000	0.000000	-1.000000	22.035058	1.495349	0.000000	0.000000
parser.c:1629	0.500000	0.098058	0.009615	1.000000	0.009615	0.009615	1.000000	0.000000	12.148892	3.024713	1.004831	10.099505
parser.c:1636	0.500000	0.098058	0.009615	1.000000	0.009615	0.009615	1.000000	0.000000	12.148892	3.024713	1.004831	10.099505
parser.c:1637	0.500000	0.098058	0.009615	1.000000	0.009615	0.009615	1.000000	0.000000	12.148892	3.024713	1.004831	10.099505
parser.c:1638	0.500000	0.098058	0.009615	1.000000	0.009615	0.009615	1.000000	0.000000	12.148892	3.024713	1.004831	10.099505
parser.c:1639	0.500000	0.098058	0.009615	1.000000	0.009615	0.009615	1.000000	0.000000	12.148892	3.024713	1.004831	10.099505
parser.c:1640	0.500000	0.098058	0.009615	1.000000	0.009615	0.009615	1.000000	0.000000	12.148892	3.024713	1.004831	10.099505
parser.c:1641	0.500000	0.098058	0.009615	1.000000	0.009615	0.009615	1.000000	0.000000	12.148892	3.024713	1.004831	10.099505
parser.c:1645	0.000000	0.000000	0.000000	0.000000	-0.067308	0.000000	0.000000	-1.000000	22.241669	1.626577	0.000000	0.000000
parser.c:1652	0.000000	0.000000	0.000000	0.000000	-0.067308	0.000000	0.000000	-1.000000	22.241669	1.626577	0.000000	0.000000
parser.c:1653	0.000000	0.000000	0.000000	0.000000	-0.067308	0.000000	0.000000	-1.000000	22.241669	1.626577	0.000000	0.000000
parser.c:1654	0.000000	0.000000	0.000000	0.000000	-0.067308	0.000000	0.000000	-1.000000	22.241669	1.626577	0.000000	0.000000
parser.c:1655	0.000000	0.000000	0.000000	0.000000	-0.067308	0.000000	0.000000	-1.000000	22.241669	1.626577	0.000000	0.000000
parser.c:1656	0.000000	0.000000	0.000000	0.000000	-0.067308	0.000000	0.000000	-1.000000	22.241669	1.626577	0.000000	0.000000
parser.c:1657	0.000000	0.000000	0.000000	0.000000	-0.067308	0.000000	0.000000	-1.000000	22.241669	1.626577	0.000000	0.000000
parser.c:1669	0.000000	0.000000	0.000000	0.000000	-0.038462	0.000000	0.000000	-1.000000	21.899749	1.414214	0.000000	0.000000
parser.c:1671	0.000000	0.000000	0.000000	0.000000	-0.038462	0.000000	0.000000	-1.000000	21.899749	1.414214	0.000000	0.000000
parser.c:1675	0.000000	0.000000	0.000000	0.000000	-0.048077	0.000000	0.000000	-1.000000	22.035058	1.495349	0.000000	0.000000
parser.c:1678	0.000000	0.000000	0.000000	0.000000	-0.048077	0.000000	0.000000	-1.000000	22.035058	1.495349	0.000000	0.000000
parser.c:1680	0.000000	0.000000	0.000000	0.000000	-0.048077	0.000000	0.000000	-1.000000	22.035058	1.495349	0.000000	0.000000
parser.c:1681	0.000000	0.000000	0.000000	0.000000	-0.048077	0.000000	0.000000	-1.000000	22.035058	1.495349	0.000000	0.000000
parser.c:1682	0.000000	0.000000	0.000000	0.000000	-0.048077	0.000000	0.000000	-1.000000	22.035058	1.495349	0.000000	0.000000
parser.c:1683	0.000000	0.000000	0.000000	0.000000	-0.048077	0.000000	0.000000	-1.000000	22.035058	1.495349	0.000000	0.000000
parser.c:1684	0.000000	0.000000	0.000000	0.000000	-0.048077	0.000000	0.000000	-1.000000	22.035058	1.495349	0.000000	0.000000
parser.c:1690	0.000000	0.000000	0.000000	0.000000	-0.048077	0.000000	0.000000	-1.000000	22.035058	1.495349	0.000000	0.000000
parser.c:1694	0.000000	0.000000	0.000000	0.000000	-0.048077	0.000000	0.000000	-1.000000	22.035058	1.495349	0.000000	0.000000
parser.c:1695	0.000000	0.000000	0.000000	0.000000	-0.048077	0.000000	0.000000	-1.000000	22.035058	1.495349	0.000000	0.000000
parser.c:1696	0.000000	0.000000	0.000000	0.000000	-0.048077	0.000000	0.000000	-1.000000	22.035058	1.495349	0.000000	0.000000
parser.c:1697	0.000000	0.000000	0.000000	0.000000	-0.048077	0.000000	0.000000	-1.000000	22.035058	1.495349	0.000000	0.000000
parser.c:1701	0.000000	0.000000	0.000000	0.000000	-0.048077	0.000000	0.000000	-1.000000	22.035058	1.495349	0.000000	0.000000
parser.c:1704	0.000000	0.000000	0.000000	0.000000	-0.048077	0.000000	0.000000	-1.000000	22.035058	1.495349	0.000000	0.000000
parser.c:1707	0.000000	0.000000	0.000000	0.000000	-0.028846	0.000000	0.000000	-1.000000	21.732051	1.316074	0.000000	0.000000
parser.c:1708	0.000000	0.000000	0.000000	0.000000	-0.028846	0.000000	0.000000	-1.000000	21.732051	1.316074	0.000000	0.000000
parser.c:1709	0.000000	0.000000	0.000000	0.000000	-0.028846	0.000000	0.000000	-1.000000	21.732051	1.316074	0.000000	0.000000
parser.c:1710	0.000000	0.000000	0.000000	0.000000	-0.028846	0.000000	0.000000	-1.000000	21.732051	1.316074	0.000000	0.000000
parser.c:1711	0.000000	0.000000	0.000000	0.000000	-0.028846	0.000000	0.000000	-1.000000	21.732051	1.316074	0.000000	0.000000
parser.c:1739	0.000000	0.000000	0.000000	0.000000	-0.019231	0.000000	0.000000	-1.000000	21.513965	1.189207	0.000000	0.000000
parser.c:1740	0.000000	0.000000	0.000000	0.000000	-0.019231	0.000000	0.000000	-1.000000	21.513965	1.189207	0.000000	0.000000
parser.c:1741	0.000000	0.000000	0.000000	0.000000	-0.019231	0.000000	0.000000	-1.000000	21.513965	1.189207	0.000000	0.000000
parser.c:1742	0.000000	0.000000	0.000000	0.000000	-0.019231	0.000000	0.000000	-1.000000	21.513965	1.189207	0.000000	0.000000
parser.c:1743	0.000000	0.000000	0.000000	0.000000	-0.019231	0.000000	0.000000	-1.000000	21.513965	1.189207	0.000000	0.000000
parser.c:1749	0.000000	0.000000	0.000000	0.000000	-0.009615	0.000000	0.000000	-1.000000	21.199010	1.000000	0.000000	0.000000
parser.c:1750	0.000000	0.000000	0.000000	0.000000	-0.009615	0.000000	0.000000	-1.000000	21.199010	1.000000	0.000000	0.000000
parser.c:1751	0.000000	0.000000	0.000000	0.000000	-0.009615	0.000000	0.000000	-1.000000	21.199010	1.000000	0.000000	0.000000
parser.c:1752	0.000000	0.000000	0.000000	0.000000	-0.009615	0.000000	0.000000	-1.000000	21.199010	1.000000	0.000000	0.000000
parser.c:1753	0.000000	0.000000	0.000000	0.000000	-0.009615	0.000000	0.000000	-1.000000	21.199010	1.000000	0.000000	0.000000
parser.c:1756	0.000000	0.000000	0.000000	0.000000	-0.048077	0.000000	0.000000	-1.000000	22.035058	1.495349	0.000000	0.000000
parser.c:1758	0.000000	0.000000	0.000000	0.000000	-0.048077	0.000000	0.000000	-1.000000	22.035058	1.495349	0.000000	0.000000
parser.c:1759	0.000000	0.000000	0.000000	0.000000	-0.048077	0.000000	0.000000	-1.000000	22.035058	1.495349	0.000000	0.000000
parser.c:1763	0.000000	0.000000	0.000000	0.000000	-0.048077	0.000000	0.000000	-1.000000	22.035058	1.495349	0.000000	0.000000
parser.c:1764	0.000000	0.000000	0.000000	0.000000	-0.048077	0.000000	0.000000	-1.000000	22.035058	1.495349	0.000000	0.000000
parser.c:1765	0.000000	0.000000	0.000000	0.000000	-0.048077	0.000000	0.000000	-1.000000	22.035058	1.495349	0.000000	0.000000
parser.c:1767	0.000000	0.000000	0.000000	0.000000	-0.048077	0.000000	0.000000	-1.000000	22.035058	1.495349	0.000000	0.000000
parser.c:1778	0.000000	0.000000	0.000000	0.000000	-0.009615	0.000000	0.000000	-1.000000	21.199010	1.000000	0.000000	0.000000
parser.c:1785	0.000000	0.000000	0.000000	0.000000	-0.009615	0.000000	0.000000	-1.000000	21.199010	1.000000	0.000000	0.000000
parser.c:1786	0.000000	0.000000	0.000000	0.000000	-0.009615	0.000000	0.000000	-1.000000	21.199010	1.000000	0.000000	0.000000
parser.c:1792	0.000000	0.000000	0.000000	0.000000	-0.009615	0.000000	0.000000	-1.000000	21.199010	1.000000	0.000000	0.000000
parser.c:1795	0.000000	0.000000	0.000000	0.000000	-0.048077	0.000000	0.000000	-1.000000	22.035058	1.495349	0.000000	0.000000
parser.c:1796	0.000000	0.000000	0.000000	0.000000	-0.048077	0.000000	0.000000	-1.000000	22.035058	1.495349	0.000000	0.000000
parser.c:1797	0.000000	0.000000	0.000000	0.000000	-0.048077	0.000000	0.000000	-1.000000	22.035058	1.495349	0.000000	0.000000
parser.c:1799	0.000000	0.000000	0.000000	0.000000	-0.048077	0.000000	0.000000	-1.000000	22.035058	1.495349	0.000000	0.000000
parser.c:1817	0.000000	0.000000	0.000000	0.000000	-0.048077	0.000000	0.000000	-1.000000	22.035058	1.495349	0.000000	0.000000
parser.c:1818	0.000000	0.000000	0.000000	0.000000	-0.048077	0.000000	0.000000	-1.000000	22.035058	1.495349	0.000000	0.000000
parser.c:1822	0.639752	0.130189	0.016949	1.000000	0.442308	0.009615	1.000000	45.000000	23.032181	2.572115	1.008547	3.464102
parser.c:1829	0.639752	0.130189	0.016949	1.000000	0.442308	0.009615	1.000000	45.000000	23.032181	2.572115	1.008547	3.464102
parser.c:1833	0.639752	0.130189	0.016949	1.000000	0.442308	0.009615	1.000000	45.000000	23.032181	2.572115	1.008547	3.464102
parser.c:1834	0.639752	0.130189	0.016949	1.000000	0.442308	0.009615	1.000000	45.000000	23.032181	2.572115	1.008547	3.464102
parser.c:1835	0.639752	0.130189	0.016949	1.000000	0.442308	0.009615	1.000000	45.000000	23.032181	2.572115	1.008547	3.464102
parser.c:1836	0.639752	0.130189	0.016949	1.000000	0.442308	0.009615	1.000000	45.000000	23.032181	2.572115	1.008547	3.464102
parser.c:1840	0.000000	0.000000	0.000000	0.000000	-0.009615	0.000000	0.000000	-1.000000	21.199010	1.000000	0.000000	0.000000
parser.c:1842	0.000000	0.000000	0.000000	0.000000	-0.009615	0.000000	0.000000	-1.000000	21.199010	1.000000	0.000000	0.000000
parser.c:1846	0.000000	0.000000	0.000000	0.000000	-0.163462	0.000000	0.000000	-1.000000	22.670343	2.030543	0.000000	0.000000
parser.c:1849	0.000000	0.000000	0.000000	0.000000	-0.163462	0.000000	0.000000	-1.000000	22.670343	2.030543	0.000000	0.000000
parser.c:1852	0.000000	0.000000	0.000000	0.000000	-0.163462	0.000000	0.000000	-1.000000	22.670343	2.030543	0.000000	0.000000
parser.c:1853	0.000000	0.000000	0.000000	0.000000	-0.163462	0.000000	0.000000	-1.000000	22.670343	2.030543	0.000000	0.000000
parser.c:1875	0.000000	0.000000	0.000000	0.000000	-0.048077	0.000000	0.000000	-1.000000	22.035058	1.495349	0.000000	0.000000
parser.c:1882	0.000000	0.000000	0.000000	0.000000	-0.048077	0.000000	0.000000	-1.000000	22.035058	1.495349	0.000000	0.000000
parser.c:1883	0.000000	0.000000	0.000000	0.000000	-0.048077	0.000000	0.000000	-1.000000	22.035058	1.495349	0.000000	0.000000
parser.c:1886	0.000000	0.000000	0.000000	0.000000	-0.048077	0.000000	0.000000	-1.000000	22.035058	1.495349	0.000000	0.000000
parser.c:1887	0.000000	0.000000	0.000000	0.000000	-0.048077	0.000000	0.000000	-1.000000	22.035058	1.495349	0.000000	0.000000
parser.c:1888	0.000000	0.000000	0.000000	0.000000	-0.048077	0.000000	0.000000	-1.000000	22.035058	1.495349	0.000000	0.000000
parser.c:1892	0.000000	0.000000	0.000000	0.000000	-0.057692	0.000000	0.000000	-1.000000	22.147205	1.565085	0.000000	0.000000
parser.c:1894	0.000000	0.000000	0.000000	0.000000	-0.057692	0.000000	0.000000	-1.000000	22.147205	1.565085	0.000000	0.000000
parser.c:1897	0.000000	0.000000	0.000000	0.000000	-0.057692	0.000000	0.000000	-1.000000	22.147205	1.565085	0.000000	0.000000
parser.c:1898	0.000000	0.000000	0.000000	0.000000	-0.057692	0.000000	0.000000	-1.000000	22.147205	1.565085	0.000000	0.000000
parser.c:1899	0.000000	0.000000	0.000000	0.000000	-0.057692	0.000000	0.000000	-1.000000	22.147205	1.565085	0.000000	0.000000
parser.c:1900	0.000000	0.000000	0.000000	0.000000	-0.057692	0.000000	0.000000	-1.000000	22.147205	1.565085	0.000000	0.000000
parser.c:1901	0.000000	0.000000	0.000000	0.000000	-0.057692	0.000000	0.000000	-1.000000	22.147205	1.565085	0.000000	0.000000
parser.c:1906	0.000000	0.000000	0.000000	0.000000	-0.009615	0.000000	0.000000	-1.000000	21.199010	1.000000	0.000000	0.000000
parser.c:1909	0.000000	0.000000	0.000000	0.000000	-0.009615	0.000000	0.000000	-1.000000	21.199010	1.000000	0.000000	0.000000
parser.c:1912	0.000000	0.000000	0.000000	0.000000	-0.009615	0.000000	0.000000	-1.000000	21.199010	1.000000	0.000000	0.000000
parser.c:1913	0.000000	0.000000	0.000000	0.000000	-0.009615	0.000000	0.000000	-1.000000	21.199010	1.000000	0.000000	0.000000
parser.c:1920	0.000000	0.000000	0.000000	0.000000	-0.028846	0.000000	0.000000	-1.000000	21.732051	1.316074	0.000000	0.000000
parser.c:1922	0.000000	0.000000	0.000000	0.000000	-0.028846	0.000000	0.000000	-1.000000	21.732051	1.316074	0.000000	0.000000
parser.c:1926	0.000000	0.000000	0.000000	0.000000	-0.038462	0.000000	0.000000	-1.000000	21.899749	1.414214	0.000000	0.000000
parser.c:1929	0.000000	0.000000	0.000000	0.000000	-0.038462	0.000000	0.000000	-1.000000	21.899749	1.414214	0.000000	0.000000
parser.c:1933	0.000000	0.000000	0.000000	0.000000	-0.038462	0.000000	0.000000	-1.000000	21.899749	1.414214	0.000000	0.000000
parser.c:1934	0.000000	0.000000	0.000000	0.000000	-0.038462	0.000000	0.000000	-1.000000	21.899749	1.414214	0.000000	0.000000
parser.c:1935	0.000000	0.000000	0.000000	0.000000	-0.038462	0.000000	0.000000	-1.000000	21.899749	1.414214	0.000000	0.000000
parser.c:1937	0.000000	0.000000	0.000000	0.000000	-0.038462	0.000000	0.000000	-1.000000	21.899749	1.414214	0.000000	0.000000
parser.c:1938	0.000000	0.000000	0.000000	0.000000	-0.038462	0.000000	0.000000	-1.000000	21.899749	1.414214	0.000000	0.000000
parser.c:1939	0.000000	0.000000	0.000000	0.000000	-0.038462	0.000000	0.000000	-1.000000	21.899749	1.414214	0.000000	0.000000
parser.c:1940	0.000000	0.000000	0.000000	0.000000	-0.038462	0.000000	0.000000	-1.000000	21.899749	1.414214	0.000000	0.000000
parser.c:1942	0.000000	0.000000	0.000000	0.000000	-0.038462	0.000000	0.000000	-1.000000	21.899749	1.414214	0.000000	0.000000
parser.c:1943	0.000000	0.000000	0.000000	0.000000	-0.038462	0.000000	0.000000	-1.000000	21.899749	1.414214	0.000000	0.000000
parser.c:1944	0.000000	0.000000	0.000000	0.000000	-0.038462	0.000000	0.000000	-1.000000	21.899749	1.414214	0.000000	0.000000
parser.c:1946	0.000000	0.000000	0.000000	0.000000	-0.038462	0.000000	0.000000	-1.000000	21.899749	1.414214	0.000000	0.000000
parser.c:1947	0.000000	0.000000	0.000000	0.000000	-0.038462	0.000000	0.000000	-1.000000	21.899749	1.414214	0.000000	0.000000
parser.c:1949	0.000000	0.000000	0.000000	0.000000	-0.038462	0.000000	0.000000	-1.000000	21.899749	1.414214	0.000000	0.000000
parser.c:1950	0.000000	0.000000	0.000000	0.000000	-0.038462	0.000000	0.000000	-1.000000	21.899749	1.414214	0.000000	0.000000
parser.c:1956	0.000000	0.000000	0.000000	0.000000	-0.048077	0.000000	0.000000	-1.000000	22.035058	1.495349	0.000000	0.000000
parser.c:1963	0.000000	0.000000	0.000000	0.000000	-0.048077	0.000000	0.000000	-1.000000	22.035058	1.495349	0.000000	0.000000
parser.c:1969	0.000000	0.000000	0.000000	0.000000	-0.048077	0.000000	0.000000	-1.000000	22.035058	1.495349	0.000000	0.000000
parser.c:1970	0.000000	0.000000	0.000000	0.000000	-0.019231	0.000000	0.000000	-1.000000	21.513965	1.189207	0.000000	0.000000
parser.c:1972	0.000000	0.000000	0.000000	0.000000	-0.038462	0.000000	0.000000	-1.000000	21.899749	1.414214	0.000000	0.000000
parser.c:1973	0.000000	0.000000	0.000000	0.000000	-0.038462	0.000000	0.000000	-1.000000	21.899749	1.414214	0.000000	0.000000
parser.c:1976	0.000000	0.000000	0.000000	0.000000	-0.038462	0.000000	0.000000	-1.000000	21.899749	1.414214	0.000000	0.000000
parser.c:1977	0.000000	0.000000	0.000000	0.000000	-0.038462	0.000000	0.000000	-1.000000	21.899749	1.414214	0.000000	0.000000
parser.c:1980	0.000000	0.000000	0.000000	0.000000	-0.009615	0.000000	0.000000	-1.000000	21.199010	1.000000	0.000000	0.000000
parser.c:1981	0.000000	0.000000	0.000000	0.000000	-0.009615	0.000000	0.000000	-1.000000	21.199010	1.000000	0.000000	0.000000
parser.c:1982	0.000000	0.000000	0.000000	0.000000	-0.009615	0.000000	0.000000	-1.000000	21.199010	1.000000	0.000000	0.000000
parser.c:1985	0.000000	0.000000	0.000000	0.000000	-0.028846	0.000000	0.000000	-1.000000	21.732051	1.316074	0.000000	0.000000
parser.c:1986	0.000000	0.000000	0.000000	0.000000	-0.028846	0.000000	0.000000	-1.000000	21.732051	1.316074	0.000000	0.000000
parser.c:1987	0.000000	0.000000	0.000000	0.000000	-0.028846	0.000000	0.000000	-1.000000	21.732051	1.316074	0.000000	0.000000
parser.c:1990	0.000000	0.000000	0.000000	0.000000	-0.009615	0.000000	0.000000	-1.000000	21.199010	1.000000	0.000000	0.000000
parser.c:1991	0.000000	0.000000	0.000000	0.000000	-0.009615	0.000000	0.000000	-1.000000	21.199010	1.000000	0.000000	0.000000
parser.c:1992	0.000000	0.000000	0.000000	0.000000	-0.009615	0.000000	0.000000	-1.000000	21.199010	1.000000	0.000000	0.000000
parser.c:2000	0.000000	0.000000	0.000000	0.000000	-0.009615	0.000000	0.000000	-1.000000	21.199010	1.000000	0.000000	0.000000
parser.c:2001	0.000000	0.000000	0.000000	0.000000	-0.009615	0.000000	0.000000	-1.000000	21.199010	1.000000	0.000000	0.000000
parser.c:2002	0.000000	0.000000	0.000000	0.000000	-0.009615	0.000000	0.000000	-1.000000	21.199010	1.000000	0.000000	0.000000
parser.c:2005	0.000000	0.000000	0.000000	0.000000	-0.009615	0.000000	0.000000	-1.000000	21.199010	1.000000	0.000000	0.000000
parser.c:2006	0.000000	0.000000	0.000000	0.000000	-0.009615	0.000000	0.000000	-1.000000	21.199010	1.000000	0.000000	0.000000
parser.c:2007	0.000000	0.000000	0.000000	0.000000	-0.009615	0.000000	0.000000	-1.000000	21.199010	1.000000	0.000000	0.000000
parser.c:2019	0.000000	0.000000	0.000000	0.000000	-0.019231	0.000000	0.000000	-1.000000	21.513965	1.189207	0.000000	0.000000
parser.c:2022	0.000000	0.000000	0.000000	0.000000	-0.009615	0.000000	0.000000	-1.000000	21.199010	1.000000	0.000000	0.000000
parser.c:2025	0.000000	0.000000	0.000000	0.000000	-0.038462	0.000000	0.000000	-1.000000	21.899749	1.414214	0.000000	0.000000
parser.c:2027	0.000000	0.000000	0.000000	0.000000	-0.009615	0.000000	0.000000	-1.000000	21.199010	1.000000	0.000000	0.000000
parser.c:2030	0.000000	0.000000	0.000000	0.000000	-0.028846	0.000000	0.000000	-1.000000	21.732051	1.316074	0.000000	0.000000
parser.c:2031	0.000000	0.000000	0.000000	0.000000	-0.028846	0.000000	0.000000	-1.000000	21.732051	1.316074	0.000000	0.000000
parser.c:2032	0.000000	0.000000	0.000000	0.000000	-0.028846	0.000000	0.000000	-1.000000	21.732051	1.316074	0.000000	0.000000
parser.c:2033	0.000000	0.000000	0.000000	0.000000	-0.028846	0.000000	0.000000	-1.000000	21.732051	1.316074	0.000000	0.000000
parser.c:2034	0.000000	0.000000	0.000000	0.000000	-0.028846	0.000000	0.000000	-1.000000	21.732051	1.316074	0.000000	0.000000
parser.c:2035	0.000000	0.000000	0.000000	0.000000	-0.028846	0.000000	0.000000	-1.000000	21.732051	1.316074	0.000000	0.000000
parser.c:2037	0.000000	0.000000	0.000000	0.000000	-0.028846	0.000000	0.000000	-1.000000	21.732051	1.316074	0.000000	0.000000
parser.c:2038	0.000000	0.000000	0.000000	0.000000	-0.009615	0.000000	0.000000	-1.000000	21.199010	1.000000	0.000000	0.000000
parser.c:2039	0.000000	0.000000	0.000000	0.000000	-0.028846	0.000000	0.000000	-1.000000	21.732051	1.316074	0.000000	0.000000
parser.c:2040	0.000000	0.000000	0.000000	0.000000	-0.009615	0.000000	0.000000	-1.000000	21.199010	1.000000	0.000000	0.000000
parser.c:2042	0.000000	0.000000	0.000000	0.000000	-0.028846	0.000000	0.000000	-1.000000	21.732051	1.316074	0.000000	0.000000
parser.c:2044	0.000000	0.000000	0.000000	0.000000	-0.028846	0.000000	0.000000	-1.000000	21.732051	1.316074	0.000000	0.000000
parser.c:2045	0.000000	0.000000	0.000000	0.000000	-0.028846	0.000000	0.000000	-1.000000	21.732051	1.316074	0.000000	0.000000
parser.c:2050	0.000000	0.000000	0.000000	0.000000	-0.057692	0.000000	0.000000	-1.000000	22.147205	1.565085	0.000000	0.000000
parser.c:2059	0.000000	0.000000	0.000000	0.000000	-0.057692	0.000000	0.000000	-1.000000	22.147205	1.565085	0.000000	0.000000
parser.c:2060	0.000000	0.000000	0.000000	0.000000	-0.057692	0.000000	0.000000	-1.000000	22.147205	1.565085	0.000000	0.000000
parser.c:2061	0.000000	0.000000	0.000000	0.000000	-0.009615	0.000000	0.000000	-1.000000	21.199010	1.000000	0.000000	0.000000
parser.c:2063	0.000000	0.000000	0.000000	0.000000	-0.048077	0.000000	0.000000	-1.000000	22.035058	1.495349	0.000000	0.000000
parser.c:2069	0.000000	0.000000	0.000000	0.000000	-0.048077	0.000000	0.000000	-1.000000	22.035058	1.495349	0.000000	0.000000
parser.c:2070	0.000000	0.000000	0.000000	0.000000	-0.048077	0.000000	0.000000	-1.000000	22.035058	1.495349	0.000000	0.000000
parser.c:2072	0.000000	0.000000	0.000000	0.000000	-0.048077	0.000000	0.000000	-1.000000	22.035058	1.495349	0.000000	0.000000
parser.c:2074	0.000000	0.000000	0.000000	0.000000	-0.038462	0.000000	0.000000	-1.000000	21.899749	1.414214	0.000000	0.000000
parser.c:2077	0.000000	0.000000	0.000000	0.000000	-0.038462	0.000000	0.000000	-1.000000	21.899749	1.414214	0.000000	0.000000
parser.c:2078	0.000000	0.000000	0.000000	0.000000	-0.038462	0.000000	0.000000	-1.000000	21.899749	1.414214	0.000000	0.000000
parser.c:2103	0.000000	0.000000	0.000000	0.000000	-0.009615	0.000000	0.000000	-1.000000	21.199010	1.000000	0.000000	0.000000
parser.c:2106	0.000000	0.000000	0.000000	0.000000	-0.048077	0.000000	0.000000	-1.000000	22.035058	1.495349	0.000000	0.000000
parser.c:2107	0.000000	0.000000	0.000000	0.000000	-0.048077	0.000000	0.000000	-1.000000	22.035058	1.495349	0.000000	0.000000
parser.c:2113	0.000000	0.000000	0.000000	0.000000	-0.048077	0.000000	0.000000	-1.000000	22.035058	1.495349	0.000000	0.000000
parser.c:2115	0.000000	0.000000	0.000000	0.000000	-0.048077	0.000000	0.000000	-1.000000	22.035058	1.495349	0.000000	0.000000
parser.c:2185	0.000000	0.000000	0.000000	0.000000	-0.048077	0.000000	0.000000	-1.000000	22.035058	1.495349	0.000000	0.000000
parser.c:2186	0.000000	0.000000	0.000000	0.000000	-0.048077	0.000000	0.000000	-1.000000	22.035058	1.495349	0.000000	0.000000
parser.c:2187	0.000000	0.000000	0.000000	0.000000	-0.048077	0.000000	0.000000	-1.000000	22.035058	1.495349	0.000000	0.000000
parser.c:2188	0.000000	0.000000	0.000000	0.000000	-0.048077	0.000000	0.000000	-1.000000	22.035058	1.495349	0.000000	0.000000
parser.c:2189	0.000000	0.000000	0.000000	0.000000	-0.048077	0.000000	0.000000	-1.000000	22.035058	1.495349	0.000000	0.000000
parser.c:2190	0.000000	0.000000	0.000000	0.000000	-0.048077	0.000000	0.000000	-1.000000	22.035058	1.495349	0.000000	0.000000
parser.c:2191	0.000000	0.000000	0.000000	0.000000	-0.048077	0.000000	0.000000	-1.000000	22.035058	1.495349	0.000000	0.000000
parser.c:2192	0.000000	0.000000	0.000000	0.000000	-0.048077	0.000000	0.000000	-1.000000	22.035058	1.495349	0.000000	0.000000
parser.c:2236	0.000000	0.000000	0.000000	0.000000	-0.192308	0.000000	0.000000	-1.000000	22.693003	2.114743	0.000000	0.000000
parser.c:2243	0.000000	0.000000	0.000000	0.000000	-0.192308	0.000000	0.000000	-1.000000	22.693003	2.114743	0.000000	0.000000
parser.c:2244	0.000000	0.000000	0.000000	0.000000	-0.192308	0.000000	0.000000	-1.000000	22.693003	2.114743	0.000000	0.000000
parser.c:2245	0.000000	0.000000	0.000000	0.000000	-0.192308	0.000000	0.000000	-1.000000	22.693003	2.114743	0.000000	0.000000
parser.c:2246	0.000000	0.000000	0.000000	0.000000	-0.192308	0.000000	0.000000	-1.000000	22.693003	2.114743	0.000000	0.000000
parser.c:2250	0.000000	0.000000	0.000000	0.000000	-0.192308	0.000000	0.000000	-1.000000	22.693003	2.114743	0.000000	0.000000
parser.c:2253	0.000000	0.000000	0.000000	0.000000	-0.192308	0.000000	0.000000	-1.000000	22.693003	2.114743	0.000000	0.000000
parser.c:2273	0.000000	0.000000	0.000000	0.000000	-0.115385	0.000000	0.000000	-1.000000	22.542886	1.861210	0.000000	0.000000
parser.c:2275	0.000000	0.000000	0.000000	0.000000	-0.115385	0.000000	0.000000	-1.000000	22.542886	1.861210	0.000000	0.000000
parser.c:2294	0.000000	0.000000	0.000000	0.000000	-0.019231	0.000000	0.000000	-1.000000	21.513965	1.189207	0.000000	0.000000
parser.c:2299	0.000000	0.000000	0.000000	0.000000	-0.019231	0.000000	0.000000	-1.000000	21.513965	1.189207	0.000000	0.000000
parser.c:2301	0.000000	0.000000	0.000000	0.000000	-0.019231	0.000000	0.000000	-1.000000	21.513965	1.189207	0.000000	0.000000
parser.c:2304	0.000000	0.000000	0.000000	0.000000	-0.009615	0.000000	0.000000	-1.000000	21.199010	1.000000	0.000000	0.000000
parser.c:2313	0.000000	0.000000	0.000000	0.000000	-0.009615	0.000000	0.000000	-1.000000	21.199010	1.000000	0.000000	0.000000
parser.c:2319	0.000000	0.000000	0.000000	0.000000	-0.009615	0.000000	0.000000	-1.000000	21.199010	1.000000	0.000000	0.000000
parser.c:2324	0.000000	0.000000	0.000000	0.000000	-0.028846	0.000000	0.000000	-1.000000	21.732051	1.316074	0.000000	0.000000
parser.c:2328	0.000000	0.000000	0.000000	0.000000	-0.028846	0.000000	0.000000	-1.000000	21.732051	1.316074	0.000000	0.000000
parser.c:2332	0.000000	0.000000	0.000000	0.000000	-0.019231	0.000000	0.000000	-1.000000	21.513965	1.189207	0.000000	0.000000
parser.c:2333	0.000000	0.000000	0.000000	0.000000	-0.019231	0.000000	0.000000	-1.000000	21.513965	1.189207	0.000000	0.000000
parser.c:2334	0.000000	0.000000	0.000000	0.000000	-0.019231	0.000000	0.000000	-1.000000	21.513965	1.189207	0.000000	0.000000
parser.c:2340	0.000000	0.000000	0.000000	0.000000	-0.019231	0.000000	0.000000	-1.000000	21.513965	1.189207	0.000000	0.000000
parser.c:2341	0.000000	0.000000	0.000000	0.000000	-0.019231	0.000000	0.000000	-1.000000	21.513965	1.189207	0.000000	0.000000
parser.c:2344	0.000000	0.000000	0.000000	0.000000	-0.019231	0.000000	0.000000	-1.000000	21.513965	1.189207	0.000000	0.000000
parser.c:2351	0.000000	0.000000	0.000000	0.000000	-0.019231	0.000000	0.000000	-1.000000	21.513965	1.189207	0.000000	0.000000
parser.c:2355	0.000000	0.000000	0.000000	0.000000	-0.990385	0.000000	0.000000	-1.000000	10.148892	3.185733	0.000000	0.000000
parser.c:2358	0.000000	0.000000	0.000000	0.000000	-0.990385	0.000000	0.000000	-1.000000	10.148892	3.185733	0.000000	0.000000
parser.c:2365	0.000000	0.000000	0.000000	0.000000	-0.990385	0.000000	0.000000	-1.000000	10.148892	3.185733	0.000000	0.000000
parser.c:2366	0.000000	0.000000	0.000000	0.000000	-0.990385	0.000000	0.000000	-1.000000	10.148892	3.185733	0.000000	0.000000
parser.c:2367	0.000000	0.000000	0.000000	0.000000	-0.990385	0.000000	0.000000	-1.000000	10.148892	3.185733	0.000000	0.000000
parser.c:2368	0.000000	0.000000	0.000000	0.000000	-0.990385	0.000000	0.000000	-1.000000	10.148892	3.185733	0.000000	0.000000
parser.c:2383	0.000000	0.000000	0.000000	0.000000	-0.990385	0.000000	0.000000	-1.000000	10.148892	3.185733	0.000000	0.000000
parser.c:2384	0.000000	0.000000	0.000000	0.000000	-0.990385	0.000000	0.000000	-1.000000	10.148892	3.185733	0.000000	0.000000
parser.c:2387	0.000000	0.000000	0.000000	0.000000	-0.990385	0.000000	0.000000	-1.000000	10.148892	3.185733	0.000000	0.000000
parser.c:2388	0.000000	0.000000	0.000000	0.000000	-0.990385	0.000000	0.000000	-1.000000	10.148892	3.185733	0.000000	0.000000
parser.c:2389	0.000000	0.000000	0.000000	0.000000	-0.990385	0.000000	0.000000	-1.000000	10.148892	3.185733	0.000000	0.000000
parser.c:2392	0.000000	0.000000	0.000000	0.000000	-0.990385	0.000000	0.000000	-1.000000	10.148892	3.185733	0.000000	0.000000
parser.c:2393	0.000000	0.000000	0.000000	0.000000	-0.990385	0.000000	0.000000	-1.000000	10.148892	3.185733	0.000000	0.000000
parser.c:2396	0.000000	0.000000	0.000000	0.000000	-0.990385	0.000000	0.000000	-1.000000	10.148892	3.185733	0.000000	0.000000
parser.c:2397	0.000000	0.000000	0.000000	0.000000	-0.990385	0.000000	0.000000	-1.000000	10.148892	3.185733	0.000000	0.000000
parser.c:2399	0.000000	0.000000	0.000000	0.000000	-0.990385	0.000000	0.000000	-1.000000	10.148892	3.185733	0.000000	0.000000
parser.c:2400	0.000000	0.000000	0.000000	0.000000	-0.990385	0.000000	0.000000	-1.000000	10.148892	3.185733	0.000000	0.000000
parser.c:2401	0.000000	0.000000	0.000000	0.000000	-0.990385	0.000000	0.000000	-1.000000	10.148892	3.185733	0.000000	0.000000
parser.c:2403	0.000000	0.000000	0.000000	0.000000	-0.990385	0.000000	0.000000	-1.000000	10.148892	3.185733	0.000000	0.000000
parser.c:2412	0.000000	0.000000	0.000000	0.000000	-0.990385	0.000000	0.000000	-1.000000	10.148892	3.185733	0.000000	0.000000
parser.c:2415	0.000000	0.000000	0.000000	0.000000	-0.990385	0.000000	0.000000	-1.000000	10.148892	3.185733	0.000000	0.000000
parser.c:2416	0.000000	0.000000	0.000000	0.000000	-0.990385	0.000000	0.000000	-1.000000	10.148892	3.185733	0.000000	0.000000
parser.c:2418	0.000000	0.000000	0.000000	0.000000	-0.990385	0.000000	0.000000	-1.000000	10.148892	3.185733	0.000000	0.000000
parser.c:2424	0.000000	0.000000	0.000000	0.000000	-0.990385	0.000000	0.000000	-1.000000	10.148892	3.185733	0.000000	0.000000
parser.c:2426	0.000000	0.000000	0.000000	0.000000	-0.990385	0.000000	0.000000	-1.000000	10.148892	3.185733	0.000000	0.000000
parser.c:2458	0.000000	0.000000	0.000000	0.000000	-0.019231	0.000000	0.000000	-1.000000	21.513965	1.189207	0.000000	0.000000
parser.c:2460	0.000000	0.000000	0.000000	0.000000	-0.019231	0.000000	0.000000	-1.000000	21.513965	1.189207	0.000000	0.000000
parser.c:2464	0.000000	0.000000	0.000000	0.000000	-0.134615	0.000000	0.000000	-1.000000	22.609620	1.934336	0.000000	0.000000
parser.c:2468	0.000000	0.000000	0.000000	0.000000	-0.134615	0.000000	0.000000	-1.000000	22.609620	1.934336	0.000000	0.000000
parser.c:2471	0.000000	0.000000	0.000000	0.000000	-0.134615	0.000000	0.000000	-1.000000	22.609620	1.934336	0.000000	0.000000
parser.c:2473	0.000000	0.000000	0.000000	0.000000	-0.134615	0.000000	0.000000	-1.000000	22.609620	1.934336	0.000000	0.000000
parser.c:2475	0.000000	0.000000	0.000000	0.000000	-0.009615	0.000000	0.000000	-1.000000	21.199010	1.000000	0.000000	0.000000
parser.c:2479	0.000000	0.000000	0.000000	0.000000	-0.134615	0.000000	0.000000	-1.000000	22.609620	1.934336	0.000000	0.000000
parser.c:2490	0.000000	0.000000	0.000000	0.000000	-0.038462	0.000000	0.000000	-1.000000	21.899749	1.414214	0.000000	0.000000
parser.c:2491	0.000000	0.000000	0.000000	0.000000	-0.038462	0.000000	0.000000	-1.000000	21.899749	1.414214	0.000000	0.000000
parser.c:2492	0.000000	0.000000	0.000000	0.000000	-0.038462	0.000000	0.000000	-1.000000	21.899749	1.414214	0.000000	0.000000
parser.c:2494	0.000000	0.000000	0.000000	0.000000	-0.076923	0.000000	0.000000	-1.000000	22.322016	1.681793	0.000000	0.000000
parser.c:2495	0.000000	0.000000	0.000000	0.000000	-0.076923	0.000000	0.000000	-1.000000	22.322016	1.681793	0.000000	0.000000
parser.c:2496	0.000000	0.000000	0.000000	0.000000	-0.076923	0.000000	0.000000	-1.000000	22.322016	1.681793	0.000000	0.000000
parser.c:2499	0.000000	0.000000	0.000000	0.000000	-0.009615	0.000000	0.000000	-1.000000	21.199010	1.000000	0.000000	0.000000
parser.c:2500	0.000000	0.000000	0.000000	0.000000	-0.009615	0.000000	0.000000	-1.000000	21.199010	1.000000	0.000000	0.000000
parser.c:2501	0.000000	0.000000	0.000000	0.000000	-0.009615	0.000000	0.000000	-1.000000	21.199010	1.000000	0.000000	0.000000
parser.c:2522	0.000000	0.000000	0.000000	0.000000	-0.009615	0.000000	0.000000	-1.000000	21.199010	1.000000	0.000000	0.000000
parser.c:2525	0.000000	0.000000	0.000000	0.000000	-0.125000	0.000000	0.000000	-1.000000	22.579217	1.898829	0.000000	0.000000
parser.c:2526	0.000000	0.000000	0.000000	0.000000	-0.125000	0.000000	0.000000	-1.000000	22.579217	1.898829	0.000000	0.000000
parser.c:2532	0.000000	0.000000	0.000000	0.000000	-0.125000	0.000000	0.000000	-1.000000	22.579217	1.898829	0.000000	0.000000
parser.c:2534	0.000000	0.000000	0.000000	0.000000	-0.019231	0.000000	0.000000	-1.000000	21.513965	1.189207	0.000000	0.000000
parser.c:2535	0.000000	0.000000	0.000000	0.000000	-0.019231	0.000000	0.000000	-1.000000	21.513965	1.189207	0.000000	0.000000
parser.c:2539	0.000000	0.000000	0.000000	0.000000	-0.105769	0.000000	0.000000	-1.000000	22.499951	1.821160	0.000000	0.000000
parser.c:2540	0.000000	0.000000	0.000000	0.000000	-0.105769	0.000000	0.000000	-1.000000	22.499951	1.821160	0.000000	0.000000
parser.c:2542	0.000000	0.000000	0.000000	0.000000	-0.125000	0.000000	0.000000	-1.000000	22.579217	1.898829	0.000000	0.000000
parser.c:2543	0.000000	0.000000	0.000000	0.000000	-0.125000	0.000000	0.000000	-1.000000	22.579217	1.898829	0.000000	0.000000
parser.c:2552	0.569061	0.112509	0.012658	1.000000	0.250000	0.009615	1.000000	25.000000	20.831761	2.798528	1.006369	7.211103
parser.c:2554	0.569061	0.112509	0.012658	1.000000	0.250000	0.009615	1.000000	25.000000	20.831761	2.798528	1.006369	7.211103
parser.c:2555	0.569061	0.112509	0.012658	1.000000	0.250000	0.009615	1.000000	25.000000	20.831761	2.798528	1.006369	7.211103
parser.c:2561	0.569061	0.112509	0.012658	1.000000	0.250000	0.009615	1.000000	25.000000	20.831761	2.798528	1.006369	7.211103
parser.c:2571	0.000000	0.000000	0.000000	0.000000	-0.163462	0.000000	0.000000	-1.000000	22.670343	2.030543	0.000000	0.000000
parser.c:2575	0.000000	0.000000	0.000000	0.000000	-0.163462	0.000000	0.000000	-1.000000	22.670343	2.030543	0.000000	0.000000
parser.c:2581	0.000000	0.000000	0.000000	0.000000	-0.163462	0.000000	0.000000	-1.000000	22.670343	2.030543	0.000000	0.000000
parser.c:2582	0.000000	0.000000	0.000000	0.000000	-0.163462	0.000000	0.000000	-1.000000	22.670343	2.030543	0.000000	0.000000
parser.c:2583	0.000000	0.000000	0.000000	0.000000	-0.163462	0.000000	0.000000	-1.000000	22.670343	2.030543	0.000000	0.000000
parser.c:2584	0.000000	0.000000	0.000000	0.000000	-0.163462	0.000000	0.000000	-1.000000	22.670343	2.030543	0.000000	0.000000
parser.c:2585	0.000000	0.000000	0.000000	0.000000	-0.163462	0.000000	0.000000	-1.000000	22.670343	2.030543	0.000000	0.000000
parser.c:2586	0.000000	0.000000	0.000000	0.000000	-0.163462	0.000000	0.000000	-1.000000	22.670343	2.030543	0.000000	0.000000
parser.c:2588	0.000000	0.000000	0.000000	0.000000	-0.163462	0.000000	0.000000	-1.000000	22.670343	2.030543	0.000000	0.000000
parser.c:2589	0.000000	0.000000	0.000000	0.000000	-0.163462	0.000000	0.000000	-1.000000	22.670343	2.030543	0.000000	0.000000
parser.c:2591	0.000000	0.000000	0.000000	0.000000	-0.163462	0.000000	0.000000	-1.000000	22.670343	2.030543	0.000000	0.000000
parser.c:2593	0.000000	0.000000	0.000000	0.000000	-0.163462	0.000000	0.000000	-1.000000	22.670343	2.030543	0.000000	0.000000
parser.c:2654	0.000000	0.000000	0.000000	0.000000	-0.163462	0.000000	0.000000	-1.000000	22.670343	2.030543	0.000000	0.000000
parser.c:2656	0.000000	0.000000	0.000000	0.000000	-0.125000	0.000000	0.000000	-1.000000	22.579217	1.898829	0.000000	0.000000
parser.c:2659	0.000000	0.000000	0.000000	0.000000	-0.009615	0.000000	0.000000	-1.000000	21.199010	1.000000	0.000000	0.000000
parser.c:2661	0.000000	0.000000	0.000000	0.000000	-0.115385	0.000000	0.000000	-1.000000	22.542886	1.861210	0.000000	0.000000
parser.c:2671	0.000000	0.000000	0.000000	0.000000	-0.115385	0.000000	0.000000	-1.000000	22.542886	1.861210	0.000000	0.000000
parser.c:2673	0.000000	0.000000	0.000000	0.000000	-0.115385	0.000000	0.000000	-1.000000	22.542886	1.861210	0.000000	0.000000
parser.c:2675	0.000000	0.000000	0.000000	0.000000	-0.115385	0.000000	0.000000	-1.000000	22.542886	1.861210	0.000000	0.000000
parser.c:2678	0.000000	0.000000	0.000000	0.000000	-0.115385	0.000000	0.000000	-1.000000	22.542886	1.861210	0.000000	0.000000
parser.c:2680	0.000000	0.000000	0.000000	0.000000	-0.115385	0.000000	0.000000	-1.000000	22.542886	1.861210	0.000000	0.000000
parser.c:2681	0.000000	0.000000	0.000000	0.000000	-0.115385	0.000000	0.000000	-1.000000	22.542886	1.861210	0.000000	0.000000
parser.c:2683	0.000000	0.000000	0.000000	0.000000	-0.115385	0.000000	0.000000	-1.000000	22.542886	1.861210	0.000000	0.000000
parser.c:2684	0.000000	0.000000	0.000000	0.000000	-0.115385	0.000000	0.000000	-1.000000	22.542886	1.861210	0.000000	0.000000
parser.c:2709	0.000000	0.000000	0.000000	0.000000	-0.153846	0.000000	0.000000	-1.000000	22.654758	2.000000	0.000000	0.000000
parser.c:2710	0.000000	0.000000	0.000000	0.000000	-0.144231	0.000000	0.000000	-1.000000	22.634646	1.967990	0.000000	0.000000
parser.c:2712	0.000000	0.000000	0.000000	0.000000	-0.153846	0.000000	0.000000	-1.000000	22.654758	2.000000	0.000000	0.000000
parser.c:2720	0.000000	0.000000	0.000000	0.000000	-0.153846	0.000000	0.000000	-1.000000	22.654758	2.000000	0.000000	0.000000
parser.c:2728	0.000000	0.000000	0.000000	0.000000	-0.153846	0.000000	0.000000	-1.000000	22.654758	2.000000	0.000000	0.000000
parser.c:2731	0.000000	0.000000	0.000000	0.000000	-0.153846	0.000000	0.000000	-1.000000	22.654758	2.000000	0.000000	0.000000
parser.c:2733	0.000000	0.000000	0.000000	0.000000	-0.153846	0.000000	0.000000	-1.000000	22.654758	2.000000	0.000000	0.000000
parser.c:2734	0.000000	0.000000	0.000000	0.000000	-0.153846	0.000000	0.000000	-1.000000	22.654758	2.000000	0.000000	0.000000
parser.c:2735	0.000000	0.000000	0.000000	0.000000	-0.153846	0.000000	0.000000	-1.000000	22.654758	2.000000	0.000000	0.000000
parser.c:2736	0.000000	0.000000	0.000000	0.000000	-0.153846	0.000000	0.000000	-1.000000	22.654758	2.000000	0.000000	0.000000
parser.c:2737	0.000000	0.000000	0.000000	0.000000	-0.153846	0.000000	0.000000	-1.000000	22.654758	2.000000	0.000000	0.000000
parser.c:2739	0.000000	0.000000	0.000000	0.000000	-0.153846	0.000000	0.000000	-1.000000	22.654758	2.000000	0.000000	0.000000
parser.c:2740	0.000000	0.000000	0.000000	0.000000	-0.153846	0.000000	0.000000	-1.000000	22.654758	2.000000	0.000000	0.000000
parser.c:2741	0.000000	0.000000	0.000000	0.000000	-0.153846	0.000000	0.000000	-1.000000	22.654758	2.000000	0.000000	0.000000
parser.c:2743	0.000000	0.000000	0.000000	0.000000	-0.153846	0.000000	0.000000	-1.000000	22.654758	2.000000	0.000000	0.000000
parser.c:2747	0.000000	0.000000	0.000000	0.000000	-0.144231	0.000000	0.000000	-1.000000	22.634646	1.967990	0.000000	0.000000
parser.c:2748	0.000000	0.000000	0.000000	0.000000	-0.144231	0.000000	0.000000	-1.000000	22.634646	1.967990	0.000000	0.000000
parser.c:2749	0.000000	0.000000	0.000000	0.000000	-0.144231	0.000000	0.000000	-1.000000	22.634646	1.967990	0.000000	0.000000
parser.c:2750	0.000000	0.000000	0.000000	0.000000	-0.144231	0.000000	0.000000	-1.000000	22.634646	1.967990	0.000000	0.000000
parser.c:2752	0.000000	0.000000	0.000000	0.000000	-0.144231	0.000000	0.000000	-1.000000	22.634646	1.967990	0.000000	0.000000
parser.c:2756	0.000000	0.000000	0.000000	0.000000	-0.115385	0.000000	0.000000	-1.000000	22.542886	1.861210	0.000000	0.000000
parser.c:2757	0.000000	0.000000	0.000000	0.000000	-0.115385	0.000000	0.000000	-1.000000	22.542886	1.861210	0.000000	0.000000
parser.c:2760	0.000000	0.000000	0.000000	0.000000	-0.009615	0.000000	0.000000	-1.000000	21.199010	1.000000	0.000000	0.000000
parser.c:2761	0.000000	0.000000	0.000000	0.000000	-0.009615	0.000000	0.000000	-1.000000	21.199010	1.000000	0.000000	0.000000
parser.c:2762	0.000000	0.000000	0.000000	0.000000	-0.009615	0.000000	0.000000	-1.000000	21.199010	1.000000	0.000000	0.000000
parser.c:2763	0.000000	0.000000	0.000000	0.000000	-0.009615	0.000000	0.000000	-1.000000	21.199010	1.000000	0.000000	0.000000
parser.c:2766	0.000000	0.000000	0.000000	0.000000	-0.057692	0.000000	0.000000	-1.000000	22.147205	1.565085	0.000000	0.000000
parser.c:2767	0.000000	0.000000	0.000000	0.000000	-0.057692	0.000000	0.000000	-1.000000	22.147205	1.565085	0.000000	0.000000
parser.c:2768	0.000000	0.000000	0.000000	0.000000	-0.057692	0.000000	0.000000	-1.000000	22.147205	1.565085	0.000000	0.000000
parser.c:2769	0.000000	0.000000	0.000000	0.000000	-0.057692	0.000000	0.000000	-1.000000	22.147205	1.565085	0.000000	0.000000
parser.c:2784	0.000000	0.000000	0.000000	0.000000	-0.009615	0.000000	0.000000	-1.000000	21.199010	1.000000	0.000000	0.000000
parser.c:2785	0.000000	0.000000	0.000000	0.000000	-0.009615	0.000000	0.000000	-1.000000	21.199010	1.000000	0.000000	0.000000
parser.c:2786	0.000000	0.000000	0.000000	0.000000	-0.009615	0.000000	0.000000	-1.000000	21.199010	1.000000	0.000000	0.000000
parser.c:2787	0.000000	0.000000	0.000000	0.000000	-0.009615	0.000000	0.000000	-1.000000	21.199010	1.000000	0.000000	0.000000
parser.c:2796	0.000000	0.000000	0.000000	0.000000	-0.019231	0.000000	0.000000	-1.000000	21.513965	1.189207	0.000000	0.000000
parser.c:2797	0.000000	0.000000	0.000000	0.000000	-0.019231	0.000000	0.000000	-1.000000	21.513965	1.189207	0.000000	0.000000
parser.c:2798	0.000000	0.000000	0.000000	0.000000	-0.019231	0.000000	0.000000	-1.000000	21.513965	1.189207	0.000000	0.000000
parser.c:2799	0.000000	0.000000	0.000000	0.000000	-0.019231	0.000000	0.000000	-1.000000	21.513965	1.189207	0.000000	0.000000
parser.c:2805	0.000000	0.000000	0.000000	0.000000	-0.096154	0.000000	0.000000	-1.000000	22.449579	1.778279	0.000000	0.000000
parser.c:2806	0.000000	0.000000	0.000000	0.000000	-0.096154	0.000000	0.000000	-1.000000	22.449579	1.778279	0.000000	0.000000
parser.c:2809	0.000000	0.000000	0.000000	0.000000	-0.028846	0.000000	0.000000	-1.000000	21.732051	1.316074	0.000000	0.000000
parser.c:2810	0.000000	0.000000	0.000000	0.000000	-0.028846	0.000000	0.000000	-1.000000	21.732051	1.316074	0.000000	0.000000
parser.c:2821	0.000000	0.000000	0.000000	0.000000	-0.009615	0.000000	0.000000	-1.000000	21.199010	1.000000	0.000000	0.000000
parser.c:2822	0.000000	0.000000	0.000000	0.000000	-0.009615	0.000000	0.000000	-1.000000	21.199010	1.000000	0.000000	0.000000
parser.c:2823	0.000000	0.000000	0.000000	0.000000	-0.009615	0.000000	0.000000	-1.000000	21.199010	1.000000	0.000000	0.000000
parser.c:2824	0.000000	0.000000	0.000000	0.000000	-0.009615	0.000000	0.000000	-1.000000	21.199010	1.000000	0.000000	0.000000
parser.c:2829	0.000000	0.000000	0.000000	0.000000	-0.048077	0.000000	0.000000	-1.000000	22.035058	1.495349	0.000000	0.000000
parser.c:2830	0.000000	0.000000	0.000000	0.000000	-0.048077	0.000000	0.000000	-1.000000	22.035058	1.495349	0.000000	0.000000
parser.c:2833	0.000000	0.000000	0.000000	0.000000	-0.009615	0.000000	0.000000	-1.000000	21.199010	1.000000	0.000000	0.000000
parser.c:2834	0.000000	0.000000	0.000000	0.000000	-0.009615	0.000000	0.000000	-1.000000	21.199010	1.000000	0.000000	0.000000
parser.c:2835	0.000000	0.000000	0.000000	0.000000	-0.009615	0.000000	0.000000	-1.000000	21.199010	1.000000	0.000000	0.000000
parser.c:2836	0.000000	0.000000	0.000000	0.000000	-0.009615	0.000000	0.000000	-1.000000	21.199010	1.000000	0.000000	0.000000
parser.c:2847	0.000000	0.000000	0.000000	0.000000	-0.115385	0.000000	0.000000	-1.000000	22.542886	1.861210	0.000000	0.000000
parser.c:2849	0.000000	0.000000	0.000000	0.000000	-0.115385	0.000000	0.000000	-1.000000	22.542886	1.861210	0.000000	0.000000
parser.c:2850	0.000000	0.000000	0.000000	0.000000	-0.067308	0.000000	0.000000	-1.000000	22.241669	1.626577	0.000000	0.000000
parser.c:2851	0.000000	0.000000	0.000000	0.000000	-0.115385	0.000000	0.000000	-1.000000	22.542886	1.861210	0.000000	0.000000
parser.c:2855	0.000000	0.000000	0.000000	0.000000	-0.067308	0.000000	0.000000	-1.000000	22.241669	1.626577	0.000000	0.000000
parser.c:2857	0.000000	0.000000	0.000000	0.000000	-0.067308	0.000000	0.000000	-1.000000	22.241669	1.626577	0.000000	0.000000
parser.c:2862	0.000000	0.000000	0.000000	0.000000	-0.067308	0.000000	0.000000	-1.000000	22.241669	1.626577	0.000000	0.000000
parser.c:2863	0.000000	0.000000	0.000000	0.000000	-0.067308	0.000000	0.000000	-1.000000	22.241669	1.626577	0.000000	0.000000
parser.c:2865	0.000000	0.000000	0.000000	0.000000	-0.067308	0.000000	0.000000	-1.000000	22.241669	1.626577	0.000000	0.000000
parser.c:2870	0.000000	0.000000	0.000000	0.000000	-0.067308	0.000000	0.000000	-1.000000	22.241669	1.626577	0.000000	0.000000
parser.c:2881	0.000000	0.000000	0.000000	0.000000	-0.067308	0.000000	0.000000	-1.000000	22.241669	1.626577	0.000000	0.000000
parser.c:2886	0.000000	0.000000	0.000000	0.000000	-0.134615	0.000000	0.000000	-1.000000	22.609620	1.934336	0.000000	0.000000
parser.c:2897	0.000000	0.000000	0.000000	0.000000	-0.134615	0.000000	0.000000	-1.000000	22.609620	1.934336	0.000000	0.000000
parser.c:2903	0.000000	0.000000	0.000000	0.000000	-0.134615	0.000000	0.000000	-1.000000	22.609620	1.934336	0.000000	0.000000
parser.c:2906	0.000000	0.000000	0.000000	0.000000	-0.134615	0.000000	0.000000	-1.000000	22.609620	1.934336	0.000000	0.000000
parser.c:2907	0.000000	0.000000	0.000000	0.000000	-0.134615	0.000000	0.000000	-1.000000	22.609620	1.934336	0.000000	0.000000
parser.c:2908	0.000000	0.000000	0.000000	0.000000	-0.134615	0.000000	0.000000	-1.000000	22.609620	1.934336	0.000000	0.000000
parser.c:2910	0.000000	0.000000	0.000000	0.000000	-0.134615	0.000000	0.000000	-1.000000	22.609620	1.934336	0.000000	0.000000
parser.c:2912	0.000000	0.000000	0.000000	0.000000	-0.134615	0.000000	0.000000	-1.000000	22.609620	1.934336	0.000000	0.000000
parser.c:2914	0.000000	0.000000	0.000000	0.000000	-0.134615	0.000000	0.000000	-1.000000	22.609620	1.934336	0.000000	0.000000
parser.c:2915	0.000000	0.000000	0.000000	0.000000	-0.134615	0.000000	0.000000	-1.000000	22.609620	1.934336	0.000000	0.000000
parser.c:2928	0.000000	0.000000	0.000000	0.000000	-0.134615	0.000000	0.000000	-1.000000	22.609620	1.934336	0.000000	0.000000
parser.c:2930	0.000000	0.000000	0.000000	0.000000	-0.067308	0.000000	0.000000	-1.000000	22.241669	1.626577	0.000000	0.000000
parser.c:2931	0.000000	0.000000	0.000000	0.000000	-0.067308	0.000000	0.000000	-1.000000	22.241669	1.626577	0.000000	0.000000
parser.c:2932	0.000000	0.000000	0.000000	0.000000	-0.067308	0.000000	0.000000	-1.000000	22.241669	1.626577	0.000000	0.000000
parser.c:2936	0.000000	0.000000	0.000000	0.000000	-0.067308	0.000000	0.000000	-1.000000	22.241669	1.626577	0.000000	0.000000
parser.c:2939	0.000000	0.000000	0.000000	0.000000	-0.134615	0.000000	0.000000	-1.000000	22.609620	1.934336	0.000000	0.000000
parser.c:2944	0.000000	0.000000	0.000000	0.000000	-0.134615	0.000000	0.000000	-1.000000	22.609620	1.934336	0.000000	0.000000
parser.c:2945	0.000000	0.000000	0.000000	0.000000	-0.134615	0.000000	0.000000	-1.000000	22.609620	1.934336	0.000000	0.000000
parser.c:2946	0.000000	0.000000	0.000000	0.000000	-0.134615	0.000000	0.000000	-1.000000	22.609620	1.934336	0.000000	0.000000
parser.c:2947	0.000000	0.000000	0.000000	0.000000	-0.134615	0.000000	0.000000	-1.000000	22.609620	1.934336	0.000000	0.000000
parser.c:2948	0.000000	0.000000	0.000000	0.000000	-0.134615	0.000000	0.000000	-1.000000	22.609620	1.934336	0.000000	0.000000
parser.c:2951	0.000000	0.000000	0.000000	0.000000	-0.134615	0.000000	0.000000	-1.000000	22.609620	1.934336	0.000000	0.000000
parser.c:2952	0.000000	0.000000	0.000000	0.000000	-0.134615	0.000000	0.000000	-1.000000	22.609620	1.934336	0.000000	0.000000
parser.c:2953	0.000000	0.000000	0.000000	0.000000	-0.067308	0.000000	0.000000	-1.000000	22.241669	1.626577	0.000000	0.000000
parser.c:2955	0.000000	0.000000	0.000000	0.000000	-0.067308	0.000000	0.000000	-1.000000	22.241669	1.626577	0.000000	0.000000
parser.c:2956	0.000000	0.000000	0.000000	0.000000	-0.067308	0.000000	0.000000	-1.000000	22.241669	1.626577	0.000000	0.000000
parser.c:2959	0.000000	0.000000	0.000000	0.000000	-0.134615	0.000000	0.000000	-1.000000	22.609620	1.934336	0.000000	0.000000
parser.c:2960	0.000000	0.000000	0.000000	0.000000	-0.134615	0.000000	0.000000	-1.000000	22.609620	1.934336	0.000000	0.000000
parser.c:2962	0.000000	0.000000	0.000000	0.000000	-0.115385	0.000000	0.000000	-1.000000	22.542886	1.861210	0.000000	0.000000
parser.c:2963	0.000000	0.000000	0.000000	0.000000	-0.115385	0.000000	0.000000	-1.000000	22.542886	1.861210	0.000000	0.000000
parser.c:2965	0.000000	0.000000	0.000000	0.000000	-0.115385	0.000000	0.000000	-1.000000	22.542886	1.861210	0.000000	0.000000
parser.c:2982	0.000000	0.000000	0.000000	0.000000	-0.134615	0.000000	0.000000	-1.000000	22.609620	1.934336	0.000000	0.000000
parser.c:2989	0.000000	0.000000	0.000000	0.000000	-0.134615	0.000000	0.000000	-1.000000	22.609620	1.934336	0.000000	0.000000
parser.c:3010	0.000000	0.000000	0.000000	0.000000	-0.134615	0.000000	0.000000	-1.000000	22.609620	1.934336	0.000000	0.000000
parser.c:3011	0.000000	0.000000	0.000000	0.000000	-0.134615	0.000000	0.000000	-1.000000	22.609620	1.934336	0.000000	0.000000
parser.c:3020	0.000000	0.000000	0.000000	0.000000	-0.134615	0.000000	0.000000	-1.000000	22.609620	1.934336	0.000000	0.000000
parser.c:3022	0.000000	0.000000	0.000000	0.000000	-0.134615	0.000000	0.000000	-1.000000	22.609620	1.934336	0.000000	0.000000
parser.c:3025	0.000000	0.000000	0.000000	0.000000	-0.134615	0.000000	0.000000	-1.000000	22.609620	1.934336	0.000000	0.000000
parser.c:3027	0.000000	0.000000	0.000000	0.000000	-0.134615	0.000000	0.000000	-1.000000	22.609620	1.934336	0.000000	0.000000
parser.c:3032	0.000000	0.000000	0.000000	0.000000	-0.067308	0.000000	0.000000	-1.000000	22.241669	1.626577	0.000000	0.000000
parser.c:3033	0.000000	0.000000	0.000000	0.000000	-0.067308	0.000000	0.000000	-1.000000	22.241669	1.626577	0.000000	0.000000
parser.c:3034	0.000000	0.000000	0.000000	0.000000	-0.067308	0.000000	0.000000	-1.000000	22.241669	1.626577	0.000000	0.000000
parser.c:3035	0.000000	0.000000	0.000000	0.000000	-0.067308	0.000000	0.000000	-1.000000	22.241669	1.626577	0.000000	0.000000
parser.c:3036	0.000000	0.000000	0.000000	0.000000	-0.067308	0.000000	0.000000	-1.000000	22.241669	1.626577	0.000000	0.000000
parser.c:3039	0.000000	0.000000	0.000000	0.000000	-0.067308	0.000000	0.000000	-1.000000	22.241669	1.626577	0.000000	0.000000
parser.c:3042	0.000000	0.000000	0.000000	0.000000	-0.067308	0.000000	0.000000	-1.000000	22.241669	1.626577	0.000000	0.000000
parser.c:3045	0.000000	0.000000	0.000000	0.000000	-0.067308	0.000000	0.000000	-1.000000	22.241669	1.626577	0.000000	0.000000
parser.c:3047	0.000000	0.000000	0.000000	0.000000	-0.067308	0.000000	0.000000	-1.000000	22.241669	1.626577	0.000000	0.000000
parser.c:3048	0.000000	0.000000	0.000000	0.000000	-0.067308	0.000000	0.000000	-1.000000	22.241669	1.626577	0.000000	0.000000
parser.c:3058	0.000000	0.000000	0.000000	0.000000	-0.067308	0.000000	0.000000	-1.000000	22.241669	1.626577	0.000000	0.000000
parser.c:3060	0.000000	0.000000	0.000000	0.000000	-0.067308	0.000000	0.000000	-1.000000	22.241669	1.626577	0.000000	0.000000
parser.c:3061	0.000000	0.000000	0.000000	0.000000	-0.067308	0.000000	0.000000	-1.000000	22.241669	1.626577	0.000000	0.000000
parser.c:3062	0.000000	0.000000	0.000000	0.000000	-0.067308	0.000000	0.000000	-1.000000	22.241669	1.626577	0.000000	0.000000
parser.c:3063	0.000000	0.000000	0.000000	0.000000	-0.067308	0.000000	0.000000	-1.000000	22.241669	1.626577	0.000000	0.000000
parser.c:3064	0.000000	0.000000	0.000000	0.000000	-0.067308	0.000000	0.000000	-1.000000	22.241669	1.626577	0.000000	0.000000
parser.c:3068	0.000000	0.000000	0.000000	0.000000	-0.067308	0.000000	0.000000	-1.000000	22.241669	1.626577	0.000000	0.000000
parser.c:3071	0.000000	0.000000	0.000000	0.000000	-0.067308	0.000000	0.000000	-1.000000	22.241669	1.626577	0.000000	0.000000
parser.c:3073	0.000000	0.000000	0.000000	0.000000	-0.067308	0.000000	0.000000	-1.000000	22.241669	1.626577	0.000000	0.000000
parser.c:3077	0.000000	0.000000	0.000000	0.000000	-0.134615	0.000000	0.000000	-1.000000	22.609620	1.934336	0.000000	0.000000
parser.c:3080	0.000000	0.000000	0.000000	0.000000	-0.134615	0.000000	0.000000	-1.000000	22.609620	1.934336	0.000000	0.000000
parser.c:3082	0.000000	0.000000	0.000000	0.000000	-0.134615	0.000000	0.000000	-1.000000	22.609620	1.934336	0.000000	0.000000
parser.c:3088	0.000000	0.000000	0.000000	0.000000	-0.134615	0.000000	0.000000	-1.000000	22.609620	1.934336	0.000000	0.000000
parser.c:3090	0.000000	0.000000	0.000000	0.000000	-0.134615	0.000000	0.000000	-1.000000	22.609620	1.934336	0.000000	0.000000
parser.c:3109	0.990385	0.707107	0.500000	1.000000	0.990385	0.009615	1.000000	102.000000	23.199010	0.000000	1.333333	10.099505
parser.c:3118	0.990385	0.707107	0.500000	1.000000	0.990385	0.009615	1.000000	102.000000	23.199010	0.000000	1.333333	10.099505
parser.c:3121	0.990385	0.707107	0.500000	1.000000	0.990385	0.009615	1.000000	102.000000	23.199010	0.000000	1.333333	10.099505
parser.c:3123	1.000000	1.000000	1.000000	1.000000	1.000000	0.009615	1.000000	103.000000	22.297783	1.000000	2.000000	10.198039
parser.c:3125	0.000000	0.000000	0.000000	0.000000	-0.009615	0.000000	0.000000	-1.000000	21.199010	1.000000	0.000000	0.000000
parser.c:3129	0.990385	0.707107	0.500000	1.000000	0.990385	0.009615	1.000000	102.000000	23.199010	0.000000	1.333333	10.099505
parser.c:3135	1.000000	1.000000	1.000000	1.000000	1.000000	0.009615	1.000000	103.000000	22.297783	1.000000	2.000000	10.198039
parser.c:3137	1.000000	1.000000	1.000000	1.000000	1.000000	0.009615	1.000000	103.000000	22.297783	1.000000	2.000000	10.198039
parser.c:3138	1.000000	1.000000	1.000000	1.000000	1.000000	0.009615	1.000000	103.000000	22.297783	1.000000	2.000000	10.198039
parser.c:3141	1.000000	1.000000	1.000000	1.000000	1.000000	0.009615	1.000000	103.000000	22.297783	1.000000	2.000000	10.198039
parser.c:3142	1.000000	1.000000	1.000000	1.000000	1.000000	0.009615	1.000000	103.000000	22.297783	1.000000	2.000000	10.198039
parser.c:3147	1.000000	1.000000	1.000000	1.000000	1.000000	0.009615	1.000000	103.000000	22.297783	1.000000	2.000000	10.198039
parser.c:3152	0.000000	0.000000	0.000000	0.000000	-0.009615	0.000000	0.000000	-1.000000	21.199010	1.000000	0.000000	0.000000
parser.c:3174	1.000000	1.000000	1.000000	1.000000	1.000000	0.009615	1.000000	103.000000	22.297783	1.000000	2.000000	10.198039
parser.c:3180	1.000000	1.000000	1.000000	1.000000	1.000000	0.009615	1.000000	103.000000	22.297783	1.000000	2.000000	10.198039
parser.c:3183	1.000000	1.000000	1.000000	1.000000	1.000000	0.009615	1.000000	103.000000	22.297783	1.000000	2.000000	10.198039
parser.c:3185	1.000000	1.000000	1.000000	1.000000	1.000000	0.009615	1.000000	103.000000	22.297783	1.000000	2.000000	10.198039
parser.c:3188	1.000000	1.000000	1.000000	1.000000	1.000000	0.009615	1.000000	103.000000	22.297783	1.000000	2.000000	10.198039
parser.c:3190	1.000000	1.000000	1.000000	1.000000	1.000000	0.009615	1.000000	103.000000	22.297783	1.000000	2.000000	10.198039
parser.c:3195	1.000000	1.000000	1.000000	1.000000	1.000000	0.009615	1.000000	103.000000	22.297783	1.000000	2.000000	10.198039
parser.c:3211	1.000000	1.000000	1.000000	1.000000	1.000000	0.009615	1.000000	103.000000	22.297783	1.000000	2.000000	10.198039
parser.c:3213	1.000000	1.000000	1.000000	1.000000	1.000000	0.009615	1.000000	103.000000	22.297783	1.000000	2.000000	10.198039
parser.c:3216	1.000000	1.000000	1.000000	1.000000	1.000000	0.009615	1.000000	103.000000	22.297783	1.000000	2.000000	10.198039
parser.c:3217	1.000000	1.000000	1.000000	1.000000	1.000000	0.009615	1.000000	103.000000	22.297783	1.000000	2.000000	10.198039
parser.c:3218	1.000000	1.000000	1.000000	1.000000	1.000000	0.009615	1.000000	103.000000	22.297783	1.000000	2.000000	10.198039
parser.c:3220	1.000000	1.000000	1.000000	1.000000	1.000000	0.009615	1.000000	103.000000	22.297783	1.000000	2.000000	10.198039
parser.c:3240	1.000000	1.000000	1.000000	1.000000	1.000000	0.009615	1.000000	103.000000	22.297783	1.000000	2.000000	10.198039
parser.c:3250	0.936364	0.353553	0.125000	1.000000	0.932692	0.009615	1.000000	96.000000	24.241669	1.282868	1.066667	9.486833
parser.c:3252	0.936364	0.353553	0.125000	1.000000	0.932692	0.009615	1.000000	96.000000	24.241669	1.282868	1.066667	9.486833
parser.c:3255	0.000000	0.000000	0.000000	0.000000	-0.028846	0.000000	0.000000	-1.000000	21.732051	1.316074	0.000000	0.000000
parser.c:3256	0.000000	0.000000	0.000000	0.000000	-0.028846	0.000000	0.000000	-1.000000	21.732051	1.316074	0.000000	0.000000
parser.c:3257	0.000000	0.000000	0.000000	0.000000	-0.028846	0.000000	0.000000	-1.000000	21.732051	1.316074	0.000000	0.000000
parser.c:3259	0.980952	0.577350	0.333333	1.000000	0.980769	0.009615	1.000000	101.000000	23.513965	0.643594	1.200000	10.000000
parser.c:3260	0.980952	0.577350	0.333333	1.000000	0.980769	0.009615	1.000000	101.000000	23.513965	0.643594	1.200000	10.000000
parser.c:3261	0.980952	0.577350	0.333333	1.000000	0.980769	0.009615	1.000000	101.000000	23.513965	0.643594	1.200000	10.000000
parser.c:3263	0.000000	0.000000	0.000000	0.000000	-0.067308	0.000000	0.000000	-1.000000	22.241669	1.626577	0.000000	0.000000
parser.c:3264	0.000000	0.000000	0.000000	0.000000	-0.067308	0.000000	0.000000	-1.000000	22.241669	1.626577	0.000000	0.000000
parser.c:3266	0.936364	0.353553	0.125000	1.000000	0.932692	0.009615	1.000000	96.000000	24.241669	1.282868	1.066667	9.486833
parser.c:3284	0.000000	0.000000	0.000000	0.000000	-0.057692	0.000000	0.000000	-1.000000	22.147205	1.565085	0.000000	0.000000
parser.c:3290	0.000000	0.000000	0.000000	0.000000	-0.057692	0.000000	0.000000	-1.000000	22.147205	1.565085	0.000000	0.000000
parser.c:3294	0.000000	0.000000	0.000000	0.000000	-0.057692	0.000000	0.000000	-1.000000	22.147205	1.565085	0.000000	0.000000
parser.c:3296	0.000000	0.000000	0.000000	0.000000	-0.057692	0.000000	0.000000	-1.000000	22.147205	1.565085	0.000000	0.000000
parser.c:3300	0.000000	0.000000	0.000000	0.000000	-0.057692	0.000000	0.000000	-1.000000	22.147205	1.565085	0.000000	0.000000
parser.c:3316	0.000000	0.000000	0.000000	0.000000	-0.019231	0.000000	0.000000	-1.000000	21.513965	1.189207	0.000000	0.000000
parser.c:3320	0.000000	0.000000	0.000000	0.000000	-0.019231	0.000000	0.000000	-1.000000	21.513965	1.189207	0.000000	0.000000
parser.c:3325	0.000000	0.000000	0.000000	0.000000	-0.019231	0.000000	0.000000	-1.000000	21.513965	1.189207	0.000000	0.000000
parser.c:3327	0.000000	0.000000	0.000000	0.000000	-0.019231	0.000000	0.000000	-1.000000	21.513965	1.189207	0.000000	0.000000
parser.c:3328	0.000000	0.000000	0.000000	0.000000	-0.019231	0.000000	0.000000	-1.000000	21.513965	1.189207	0.000000	0.000000
parser.c:3329	0.000000	0.000000	0.000000	0.000000	-0.019231	0.000000	0.000000	-1.000000	21.513965	1.189207	0.000000	0.000000
parser.c:3331	0.000000	0.000000	0.000000	0.000000	-0.019231	0.000000	0.000000	-1.000000	21.513965	1.189207	0.000000	0.000000
parser.c:3341	0.000000	0.000000	0.000000	0.000000	-0.019231	0.000000	0.000000	-1.000000	21.513965	1.189207	0.000000	0.000000
parser.c:3348	0.569061	0.112509	0.012658	1.000000	0.250000	0.009615	1.000000	25.000000	20.831761	2.798528	1.006369	7.211103
parser.c:3350	0.569061	0.112509	0.012658	1.000000	0.250000	0.009615	1.000000	25.000000	20.831761	2.798528	1.006369	7.211103
parser.c:3351	0.569061	0.112509	0.012658	1.000000	0.250000	0.009615	1.000000	25.000000	20.831761	2.798528	1.006369	7.211103
parser.c:3353	0.569061	0.112509	0.012658	1.000000	0.250000	0.009615	1.000000	25.000000	20.831761	2.798528	1.006369	7.211103
parser.c:3358	0.569061	0.112509	0.012658	1.000000	0.250000	0.009615	1.000000	25.000000	20.831761	2.798528	1.006369	7.211103
parser.c:3360	0.569061	0.112509	0.012658	1.000000	0.250000	0.009615	1.000000	25.000000	20.831761	2.798528	1.006369	7.211103
parser.c:3361	0.569061	0.112509	0.012658	1.000000	0.250000	0.009615	1.000000	25.000000	20.831761	2.798528	1.006369	7.211103
parser.c:3374	0.569061	0.112509	0.012658	1.000000	0.250000	0.009615	1.000000	25.000000	20.831761	2.798528	1.006369	7.211103
parser.c:3375	0.569061	0.112509	0.012658	1.000000	0.250000	0.009615	1.000000	25.000000	20.831761	2.798528	1.006369	7.211103
parser.c:3378	0.575419	0.113961	0.012987	1.000000	0.269231	0.009615	1.000000	27.000000	21.110103	2.778092	1.006536	6.928203
parser.c:338	0.000000	0.000000	0.000000	0.000000	-0.192308	0.000000	0.000000	-1.000000	22.693003	2.114743	0.000000	0.000000
parser.c:3380	0.575419	0.113961	0.012987	1.000000	0.269231	0.009615	1.000000	27.000000	21.110103	2.778092	1.006536	6.928203
parser.c:3381	0.575419	0.113961	0.012987	1.000000	0.269231	0.009615	1.000000	27.000000	21.110103	2.778092	1.006536	6.928203
parser.c:341	0.000000	0.000000	0.000000	0.000000	-0.192308	0.000000	0.000000	-1.000000	22.693003	2.114743	0.000000	0.000000
parser.c:343	0.000000	0.000000	0.000000	0.000000	-0.192308	0.000000	0.000000	-1.000000	22.693003	2.114743	0.000000	0.000000
parser.c:345	0.000000	0.000000	0.000000	0.000000	-0.192308	0.000000	0.000000	-1.000000	22.693003	2.114743	0.000000	0.000000
parser.c:347	0.000000	0.000000	0.000000	0.000000	-0.192308	0.000000	0.000000	-1.000000	22.693003	2.114743	0.000000	0.000000
parser.c:348	0.000000	0.000000	0.000000	0.000000	-0.192308	0.000000	0.000000	-1.000000	22.693003	2.114743	0.000000	0.000000
parser.c:352	0.000000	0.000000	0.000000	0.000000	-0.192308	0.000000	0.000000	-1.000000	22.693003	2.114743	0.000000	0.000000
parser.c:382	0.500000	0.098058	0.009615	1.000000	0.009615	0.009615	1.000000	0.000000	12.148892	3.024713	1.004831	10.099505
parser.c:384	0.500000	0.098058	0.009615	1.000000	0.009615	0.009615	1.000000	0.000000	12.148892	3.024713	1.004831	10.099505
parser.c:393	0.500000	0.098058	0.009615	1.000000	0.009615	0.009615	1.000000	0.000000	12.148892	3.024713	1.004831	10.099505
parser.c:396	0.000000	0.000000	0.000000	0.000000	-0.057692	0.000000	0.000000	-1.000000	22.147205	1.565085	0.000000	0.000000
parser.c:397	0.000000	0.000000	0.000000	0.000000	-0.057692	0.000000	0.000000	-1.000000	22.147205	1.565085	0.000000	0.000000
parser.c:398	0.000000	0.000000	0.000000	0.000000	-0.057692	0.000000	0.000000	-1.000000	22.147205	1.565085	0.000000	0.000000
parser.c:401	0.500000	0.098058	0.009615	1.000000	0.009615	0.009615	1.000000	0.000000	12.148892	3.024713	1.004831	10.099505
parser.c:405	0.500000	0.098058	0.009615	1.000000	0.009615	0.009615	1.000000	0.000000	12.148892	3.024713	1.004831	10.099505
parser.c:408	0.000000	0.000000	0.000000	0.000000	-0.038462	0.000000	0.000000	-1.000000	21.899749	1.414214	0.000000	0.000000
parser.c:409	0.000000	0.000000	0.000000	0.000000	-0.038462	0.000000	0.000000	-1.000000	21.899749	1.414214	0.000000	0.000000
parser.c:412	0.500000	0.098058	0.009615	1.000000	0.009615	0.009615	1.000000	0.000000	12.148892	3.024713	1.004831	10.099505
parser.c:413	0.500000	0.098058	0.009615	1.000000	0.009615	0.009615	1.000000	0.000000	12.148892	3.024713	1.004831	10.099505
parser.c:417	0.500000	0.098058	0.009615	1.000000	0.009615	0.009615	1.000000	0.000000	12.148892	3.024713	1.004831	10.099505
parser.c:423	0.500000	0.098058	0.009615	1.000000	0.009615	0.009615	1.000000	0.000000	12.148892	3.024713	1.004831	10.099505
parser.c:424	0.500000	0.098058	0.009615	1.000000	0.009615	0.009615	1.000000	0.000000	12.148892	3.024713	1.004831	10.099505
parser.c:427	0.542105	0.106600	0.011364	1.000000	0.163462	0.009615	1.000000	16.000000	19.327379	2.885720	1.005714	8.366600
parser.c:434	0.542105	0.106600	0.011364	1.000000	0.163462	0.009615	1.000000	16.000000	19.327379	2.885720	1.005714	8.366600
parser.c:441	0.500000	0.098058	0.009615	1.000000	0.009615	0.009615	1.000000	0.000000	12.148892	3.024713	1.004831	10.099505
parser.c:456	0.500000	0.098058	0.009615	1.000000	0.009615	0.009615	1.000000	0.000000	12.148892	3.024713	1.004831	10.099505
parser.c:462	0.500000	0.098058	0.009615	1.000000	0.009615	0.009615	1.000000	0.000000	12.148892	3.024713	1.004831	10.099505
parser.c:464	0.000000	0.000000	0.000000	0.000000	-0.192308	0.000000	0.000000	-1.000000	22.693003	2.114743	0.000000	0.000000
parser.c:465	0.000000	0.000000	0.000000	0.000000	-0.009615	0.000000	0.000000	-1.000000	21.199010	1.000000	0.000000	0.000000
parser.c:486	0.500000	0.098058	0.009615	1.000000	0.009615	0.009615	1.000000	0.000000	12.148892	3.024713	1.004831	10.099505
parser.c:488	0.500000	0.098058	0.009615	1.000000	0.009615	0.009615	1.000000	0.000000	12.148892	3.024713	1.004831	10.099505
parser.c:493	0.500000	0.098058	0.009615	1.000000	0.009615	0.009615	1.000000	0.000000	12.148892	3.024713	1.004831	10.099505
parser.c:502	0.500000	0.098058	0.009615	1.000000	0.009615	0.009615	1.000000	0.000000	12.148892	3.024713	1.004831	10.099505
parser.c:505	0.500000	0.098058	0.009615	1.000000	0.009615	0.009615	1.000000	0.000000	12.148892	3.024713	1.004831	10.099505
parser.c:508	0.500000	0.098058	0.009615	1.000000	0.009615	0.009615	1.000000	0.000000	12.148892	3.024713	1.004831	10.099505
parser.c:514	0.500000	0.098058	0.009615	1.000000	0.009615	0.009615	1.000000	0.000000	12.148892	3.024713	1.004831	10.099505
parser.c:515	0.500000	0.098058	0.009615	1.000000	0.009615	0.009615	1.000000	0.000000	12.148892	3.024713	1.004831	10.099505
parser.c:517	0.500000	0.098058	0.009615	1.000000	0.009615	0.009615	1.000000	0.000000	12.148892	3.024713	1.004831	10.099505
parser.c:519	0.500000	0.098058	0.009615	1.000000	0.009615	0.009615	1.000000	0.000000	12.148892	3.024713	1.004831	10.099505
parser.c:521	0.500000	0.098058	0.009615	1.000000	0.009615	0.009615	1.000000	0.000000	12.148892	3.024713	1.004831	10.099505
parser.c:528	1.000000	1.000000	1.000000	1.000000	1.000000	0.009615	1.000000	103.000000	22.297783	1.000000	2.000000	10.198039
parser.c:530	1.000000	1.000000	1.000000	1.000000	1.000000	0.009615	1.000000	103.000000	22.297783	1.000000	2.000000	10.198039
parser.c:535	1.000000	1.000000	1.000000	1.000000	1.000000	0.009615	1.000000	103.000000	22.297783	1.000000	2.000000	10.198039
parser.c:540	1.000000	1.000000	1.000000	1.000000	1.000000	0.009615	1.000000	103.000000	22.297783	1.000000	2.000000	10.198039
parser.c:548	1.000000	1.000000	1.000000	1.000000	1.000000	0.009615	1.000000	103.000000	22.297783	1.000000	2.000000	10.198039
parser.c:553	1.000000	1.000000	1.000000	1.000000	1.000000	0.009615	1.000000	103.000000	22.297783	1.000000	2.000000	10.198039
parser.c:555	1.000000	1.000000	1.000000	1.000000	1.000000	0.009615	1.000000	103.000000	22.297783	1.000000	2.000000	10.198039
parser.c:556	1.000000	1.000000	1.000000	1.000000	1.000000	0.009615	1.000000	103.000000	22.297783	1.000000	2.000000	10.198039
parser.c:563	0.553763	0.109109	0.011905	1.000000	0.201923	0.009615	1.000000	20.000000	20.054705	2.847882	1.005988	7.874008
parser.c:565	0.553763	0.109109	0.011905	1.000000	0.201923	0.009615	1.000000	20.000000	20.054705	2.847882	1.005988	7.874008
parser.c:567	0.000000	0.000000	0.000000	0.000000	-0.057692	0.000000	0.000000	-1.000000	22.147205	1.565085	0.000000	0.000000
parser.c:568	0.000000	0.000000	0.000000	0.000000	-0.057692	0.000000	0.000000	-1.000000	22.147205	1.565085	0.000000	0.000000
parser.c:572	0.569061	0.112509	0.012658	1.000000	0.250000	0.009615	1.000000	25.000000	20.831761	2.798528	1.006369	7.211103
parser.c:573	0.569061	0.112509	0.012658	1.000000	0.250000	0.009615	1.000000	25.000000	20.831761	2.798528	1.006369	7.211103
parser.c:574	0.569061	0.112509	0.012658	1.000000	0.250000	0.009615	1.000000	25.000000	20.831761	2.798528	1.006369	7.211103
parser.c:579	0.000000	0.000000	0.000000	0.000000	-0.057692	0.000000	0.000000	-1.000000	22.147205	1.565085	0.000000	0.000000
parser.c:582	0.000000	0.000000	0.000000	0.000000	-0.057692	0.000000	0.000000	-1.000000	22.147205	1.565085	0.000000	0.000000
parser.c:584	0.000000	0.000000	0.000000	0.000000	-0.048077	0.000000	0.000000	-1.000000	22.035058	1.495349	0.000000	0.000000
parser.c:586	0.000000	0.000000	0.000000	0.000000	-0.048077	0.000000	0.000000	-1.000000	22.035058	1.495349	0.000000	0.000000
parser.c:595	0.000000	0.000000	0.000000	0.000000	-0.009615	0.000000	0.000000	-1.000000	21.199010	1.000000	0.000000	0.000000
parser.c:611	0.000000	0.000000	0.000000	0.000000	-0.019231	0.000000	0.000000	-1.000000	21.513965	1.189207	0.000000	0.000000
parser.c:618	0.000000	0.000000	0.000000	0.000000	-0.019231	0.000000	0.000000	-1.000000	21.513965	1.189207	0.000000	0.000000
parser.c:619	0.000000	0.000000	0.000000	0.000000	-0.019231	0.000000	0.000000	-1.000000	21.513965	1.189207	0.000000	0.000000
parser.c:620	0.000000	0.000000	0.000000	0.000000	-0.019231	0.000000	0.000000	-1.000000	21.513965	1.189207	0.000000	0.000000
parser.c:621	0.000000	0.000000	0.000000	0.000000	-0.019231	0.000000	0.000000	-1.000000	21.513965	1.189207	0.000000	0.000000
parser.c:622	0.000000	0.000000	0.000000	0.000000	-0.019231	0.000000	0.000000	-1.000000	21.513965	1.189207	0.000000	0.000000
parser.c:623	0.000000	0.000000	0.000000	0.000000	-0.019231	0.000000	0.000000	-1.000000	21.513965	1.189207	0.000000	0.000000
parser.c:645	0.851240	0.229416	0.052632	1.000000	0.826923	0.009615	1.000000	85.000000	24.681730	1.800733	1.027027	8.246211
parser.c:652	0.851240	0.229416	0.052632	1.000000	0.826923	0.009615	1.000000	85.000000	24.681730	1.800733	1.027027	8.246211
parser.c:653	0.851240	0.229416	0.052632	1.000000	0.826923	0.009615	1.000000	85.000000	24.681730	1.800733	1.027027	8.246211
parser.c:654	0.851240	0.229416	0.052632	1.000000	0.826923	0.009615	1.000000	85.000000	24.681730	1.800733	1.027027	8.246211
parser.c:655	0.851240	0.229416	0.052632	1.000000	0.826923	0.009615	1.000000	85.000000	24.681730	1.800733	1.027027	8.246211
parser.c:656	0.851240	0.229416	0.052632	1.000000	0.826923	0.009615	1.000000	85.000000	24.681730	1.800733	1.027027	8.246211
parser.c:657	0.851240	0.229416	0.052632	1.000000	0.826923	0.009615	1.000000	85.000000	24.681730	1.800733	1.027027	8.246211
parser.c:679	0.000000	0.000000	0.000000	0.000000	-0.028846	0.000000	0.000000	-1.000000	21.732051	1.316074	0.000000	0.000000
parser.c:686	0.000000	0.000000	0.000000	0.000000	-0.028846	0.000000	0.000000	-1.000000	21.732051	1.316074	0.000000	0.000000
parser.c:687	0.000000	0.000000	0.000000	0.000000	-0.028846	0.000000	0.000000	-1.000000	21.732051	1.316074	0.000000	0.000000
parser.c:688	0.000000	0.000000	0.000000	0.000000	-0.028846	0.000000	0.000000	-1.000000	21.732051	1.316074	0.000000	0.000000
parser.c:689	0.000000	0.000000	0.000000	0.000000	-0.028846	0.000000	0.000000	-1.000000	21.732051	1.316074	0.000000	0.000000
parser.c:690	0.000000	0.000000	0.000000	0.000000	-0.028846	0.000000	0.000000	-1.000000	21.732051	1.316074	0.000000	0.000000
parser.c:691	0.000000	0.000000	0.000000	0.000000	-0.028846	0.000000	0.000000	-1.000000	21.732051	1.316074	0.000000	0.000000
parser.c:692	0.000000	0.000000	0.000000	0.000000	-0.028846	0.000000	0.000000	-1.000000	21.732051	1.316074	0.000000	0.000000
parser.c:718	0.000000	0.000000	0.000000	0.000000	-0.028846	0.000000	0.000000	-1.000000	21.732051	1.316074	0.000000	0.000000
parser.c:724	0.000000	0.000000	0.000000	0.000000	-0.028846	0.000000	0.000000	-1.000000	21.732051	1.316074	0.000000	0.000000
parser.c:725	0.000000	0.000000	0.000000	0.000000	-0.028846	0.000000	0.000000	-1.000000	21.732051	1.316074	0.000000	0.000000
parser.c:727	0.000000	0.000000	0.000000	0.000000	-0.028846	0.000000	0.000000	-1.000000	21.732051	1.316074	0.000000	0.000000
parser.c:732	0.000000	0.000000	0.000000	0.000000	-0.028846	0.000000	0.000000	-1.000000	21.732051	1.316074	0.000000	0.000000
parser.c:734	0.000000	0.000000	0.000000	0.000000	-0.028846	0.000000	0.000000	-1.000000	21.732051	1.316074	0.000000	0.000000
parser.c:735	0.000000	0.000000	0.000000	0.000000	-0.028846	0.000000	0.000000	-1.000000	21.732051	1.316074	0.000000	0.000000
parser.c:739	0.000000	0.000000	0.000000	0.000000	-0.086538	0.000000	0.000000	-1.000000	22.390719	1.732051	0.000000	0.000000
parser.c:744	0.000000	0.000000	0.000000	0.000000	-0.086538	0.000000	0.000000	-1.000000	22.390719	1.732051	0.000000	0.000000
parser.c:745	0.000000	0.000000	0.000000	0.000000	-0.086538	0.000000	0.000000	-1.000000	22.390719	1.732051	0.000000	0.000000
parser.c:749	0.000000	0.000000	0.000000	0.000000	-0.009615	0.000000	0.000000	-1.000000	21.199010	1.000000	0.000000	0.000000
parser.c:751	0.000000	0.000000	0.000000	0.000000	-0.009615	0.000000	0.000000	-1.000000	21.199010	1.000000	0.000000	0.000000
parser.c:756	0.000000	0.000000	0.000000	0.000000	-0.009615	0.000000	0.000000	-1.000000	21.199010	1.000000	0.000000	0.000000
parser.c:760	0.000000	0.000000	0.000000	0.000000	-0.028846	0.000000	0.000000	-1.000000	21.732051	1.316074	0.000000	0.000000
parser.c:766	0.000000	0.000000	0.000000	0.000000	-0.028846	0.000000	0.000000	-1.000000	21.732051	1.316074	0.000000	0.000000
parser.c:767	0.000000	0.000000	0.000000	0.000000	-0.028846	0.000000	0.000000	-1.000000	21.732051	1.316074	0.000000	0.000000
parser.c:768	0.000000	0.000000	0.000000	0.000000	-0.028846	0.000000	0.000000	-1.000000	21.732051	1.316074	0.000000	0.000000
parser.c:772	0.000000	0.000000	0.000000	0.000000	-0.067308	0.000000	0.000000	-1.000000	22.241669	1.626577	0.000000	0.000000
parser.c:774	0.000000	0.000000	0.000000	0.000000	-0.067308	0.000000	0.000000	-1.000000	22.241669	1.626577	0.000000	0.000000
parser.c:778	0.000000	0.000000	0.000000	0.000000	-0.067308	0.000000	0.000000	-1.000000	22.241669	1.626577	0.000000	0.000000
parser.c:780	0.000000	0.000000	0.000000	0.000000	-0.067308	0.000000	0.000000	-1.000000	22.241669	1.626577	0.000000	0.000000
parser.c:784	0.000000	0.000000	0.000000	0.000000	-0.057692	0.000000	0.000000	-1.000000	22.147205	1.565085	0.000000	0.000000
parser.c:791	0.000000	0.000000	0.000000	0.000000	-0.057692	0.000000	0.000000	-1.000000	22.147205	1.565085	0.000000	0.000000
parser.c:792	0.000000	0.000000	0.000000	0.000000	-0.057692	0.000000	0.000000	-1.000000	22.147205	1.565085	0.000000	0.000000
parser.c:793	0.000000	0.000000	0.000000	0.000000	-0.057692	0.000000	0.000000	-1.000000	22.147205	1.565085	0.000000	0.000000
parser.c:794	0.000000	0.000000	0.000000	0.000000	-0.057692	0.000000	0.000000	-1.000000	22.147205	1.565085	0.000000	0.000000
parser.c:795	0.000000	0.000000	0.000000	0.000000	-0.057692	0.000000	0.000000	-1.000000	22.147205	1.565085	0.000000	0.000000
parser.c:821	0.000000	0.000000	0.000000	0.000000	-0.009615	0.000000	0.000000	-1.000000	21.199010	1.000000	0.000000	0.000000
parser.c:823	0.000000	0.000000	0.000000	0.000000	-0.009615	0.000000	0.000000	-1.000000	21.199010	1.000000	0.000000	0.000000
parser.c:824	0.000000	0.000000	0.000000	0.000000	-0.009615	0.000000	0.000000	-1.000000	21.199010	1.000000	0.000000	0.000000
parser.c:828	0.000000	0.000000	0.000000	0.000000	-0.009615	0.000000	0.000000	-1.000000	21.199010	1.000000	0.000000	0.000000
parser.c:832	0.000000	0.000000	0.000000	0.000000	-0.009615	0.000000	0.000000	-1.000000	21.199010	1.000000	0.000000	0.000000
parser.c:834	0.000000	0.000000	0.000000	0.000000	-0.009615	0.000000	0.000000	-1.000000	21.199010	1.000000	0.000000	0.000000
parser.c:835	0.000000	0.000000	0.000000	0.000000	-0.009615	0.000000	0.000000	-1.000000	21.199010	1.000000	0.000000	0.000000
parser.c:836	0.000000	0.000000	0.000000	0.000000	-0.009615	0.000000	0.000000	-1.000000	21.199010	1.000000	0.000000	0.000000
parser.c:837	0.000000	0.000000	0.000000	0.000000	-0.009615	0.000000	0.000000	-1.000000	21.199010	1.000000	0.000000	0.000000
parser.c:838	0.000000	0.000000	0.000000	0.000000	-0.009615	0.000000	0.000000	-1.000000	21.199010	1.000000	0.000000	0.000000
parser.c:839	0.000000	0.000000	0.000000	0.000000	-0.009615	0.000000	0.000000	-1.000000	21.199010	1.000000	0.000000	0.000000
parser.c:848	0.000000	0.000000	0.000000	0.000000	-0.019231	0.000000	0.000000	-1.000000	21.513965	1.189207	0.000000	0.000000
parser.c:850	0.000000	0.000000	0.000000	0.000000	-0.019231	0.000000	0.000000	-1.000000	21.513965	1.189207	0.000000	0.000000
parser.c:851	0.000000	0.000000	0.000000	0.000000	-0.019231	0.000000	0.000000	-1.000000	21.513965	1.189207	0.000000	0.000000
parser.c:852	0.000000	0.000000	0.000000	0.000000	-0.009615	0.000000	0.000000	-1.000000	21.199010	1.000000	0.000000	0.000000
parser.c:854	0.000000	0.000000	0.000000	0.000000	-0.009615	0.000000	0.000000	-1.000000	21.199010	1.000000	0.000000	0.000000
parser.c:855	0.000000	0.000000	0.000000	0.000000	-0.019231	0.000000	0.000000	-1.000000	21.513965	1.189207	0.000000	0.000000
parser.c:856	0.000000	0.000000	0.000000	0.000000	-0.019231	0.000000	0.000000	-1.000000	21.513965	1.189207	0.000000	0.000000
parser.c:857	0.000000	0.000000	0.000000	0.000000	-0.019231	0.000000	0.000000	-1.000000	21.513965	1.189207	0.000000	0.000000
parser.c:858	0.000000	0.000000	0.000000	0.000000	-0.019231	0.000000	0.000000	-1.000000	21.513965	1.189207	0.000000	0.000000
parser.c:863	0.000000	0.000000	0.000000	0.000000	-0.009615	0.000000	0.000000	-1.000000	21.199010	1.000000	0.000000	0.000000
parser.c:866	0.000000	0.000000	0.000000	0.000000	-0.009615	0.000000	0.000000	-1.000000	21.199010	1.000000	0.000000	0.000000
parser.c:867	0.000000	0.000000	0.000000	0.000000	-0.009615	0.000000	0.000000	-1.000000	21.199010	1.000000	0.000000	0.000000
parser.c:929	0.000000	0.000000	0.000000	0.000000	-0.105769	0.000000	0.000000	-1.000000	22.499951	1.821160	0.000000	0.000000
parser.c:934	0.000000	0.000000	0.000000	0.000000	-0.105769	0.000000	0.000000	-1.000000	22.499951	1.821160	0.000000	0.000000
parser.c:935	0.000000	0.000000	0.000000	0.000000	-0.105769	0.000000	0.000000	-1.000000	22.499951	1.821160	0.000000	0.000000
parser.c:936	0.000000	0.000000	0.000000	0.000000	-0.105769	0.000000	0.000000	-1.000000	22.499951	1.821160	0.000000	0.000000
parser.c:954	0.000000	0.000000	0.000000	0.000000	-0.105769	0.000000	0.000000	-1.000000	22.499951	1.821160	0.000000	0.000000
parser.c:960	0.000000	0.000000	0.000000	0.000000	-0.105769	0.000000	0.000000	-1.000000	22.499951	1.821160	0.000000	0.000000
parser.c:966	0.000000	0.000000	0.000000	0.000000	-0.105769	0.000000	0.000000	-1.000000	22.499951	1.821160	0.000000	0.000000
parser.c:971	0.000000	0.000000	0.000000	0.000000	-0.105769	0.000000	0.000000	-1.000000	22.499951	1.821160	0.000000	0.000000
parser.c:976	0.000000	0.000000	0.000000	0.000000	-0.019231	0.000000	0.000000	-1.000000	21.513965	1.189207	0.000000	0.000000
parser.c:980	0.000000	0.000000	0.000000	0.000000	-0.019231	0.000000	0.000000	-1.000000	21.513965	1.189207	0.000000	0.000000
parser.c:984	0.000000	0.000000	0.000000	0.000000	-0.009615	0.000000	0.000000	-1.000000	21.199010	1.000000	0.000000	0.000000
parser.c:985	0.000000	0.000000	0.000000	0.000000	-0.009615	0.000000	0.000000	-1.000000	21.199010	1.000000	0.000000	0.000000
parser.c:986	0.000000	0.000000	0.000000	0.000000	-0.009615	0.000000	0.000000	-1.000000	21.199010	1.000000	0.000000	0.000000
parser.c:992	0.000000	0.000000	0.000000	0.000000	-0.009615	0.000000	0.000000	-1.000000	21.199010	1.000000	0.000000	0.000000
parser.c:993	0.000000	0.000000	0.000000	0.000000	-0.009615	0.000000	0.000000	-1.000000	21.199010	1.000000	0.000000	0.000000
