50	0.504738	0.079606	0.006337	10.000000	9.019387	0.006219	1.000000	30.000000	70.552431	7.771874	10.003179	390.896406
51	0.504738	0.079606	0.006337	10.000000	9.019387	0.006219	1.000000	30.000000	70.552431	7.771874	10.003179	390.896406
52	0.504738	0.079606	0.006337	10.000000	9.019387	0.006219	1.000000	30.000000	70.552431	7.771874	10.003179	390.896406
53	0.504738	0.079606	0.006337	10.000000	9.019387	0.006219	1.000000	30.000000	70.552431	7.771874	10.003179	390.896406
54	0.504738	0.079606	0.006337	10.000000	9.019387	0.006219	1.000000	30.000000	70.552431	7.771874	10.003179	390.896406
58	0.734375	0.130410	0.017007	10.000000	9.638524	0.006219	1.000000	1020.000000	107.916508	8.715410	10.008576	212.602916
63	0.628145	0.102275	0.010460	10.000000	9.408380	0.006219	1.000000	652.000000	101.825694	8.321231	10.005258	168.522995
72	0.628145	0.102275	0.010460	10.000000	9.408380	0.006219	1.000000	652.000000	101.825694	8.321231	10.005258	168.522995
73	0.628145	0.102275	0.010460	10.000000	9.408380	0.006219	1.000000	652.000000	101.825694	8.321231	10.005258	168.522995
75	0.608067	0.069338	0.009524	5.000000	4.677924	0.003109	0.000000	-1.000000	98.511542	1.518680	5.004831	119.163753
76	0.608067	0.069338	0.009524	5.000000	4.677924	0.003109	0.000000	-1.000000	98.511542	1.518680	5.004831	119.163753
79	0.649593	0.075723	0.011338	5.000000	4.730457	0.003109	0.000000	-1.000000	99.083303	2.058995	5.005767	135.646600
81	0.628145	0.102275	0.010460	10.000000	9.408380	0.006219	1.000000	652.000000	101.825694	8.321231	10.005258	168.522995
90	0.628145	0.102275	0.010460	10.000000	9.408380	0.006219	1.000000	652.000000	101.825694	8.321231	10.005258	168.522995
91	0.628145	0.102275	0.010460	10.000000	9.408380	0.006219	1.000000	652.000000	101.825694	8.321231	10.005258	168.522995
93	0.608067	0.069338	0.009524	5.000000	4.677924	0.003109	0.000000	-1.000000	98.511542	1.518680	5.004831	119.163753
94	0.608067	0.069338	0.009524	5.000000	4.677924	0.003109	0.000000	-1.000000	98.511542	1.518680	5.004831	119.163753
97	0.649593	0.075723	0.011338	5.000000	4.730457	0.003109	0.000000	-1.000000	99.083303	2.058995	5.005767	135.646600
99	0.628145	0.102275	0.010460	10.000000	9.408380	0.006219	1.000000	652.000000	101.825694	8.321231	10.005258	168.522995
104	0.599325	0.074593	0.009217	6.000000	5.599124	0.003731	0.000000	-1.000000	99.188811	3.268336	6.004658	106.995327
109	0.568683	0.063966	0.008117	5.000000	4.621013	0.003109	0.000000	-1.000000	97.609130	0.618816	5.004108	98.234414
118	0.504738	0.079606	0.006337	10.000000	9.019387	0.006219	1.000000	30.000000	70.552431	7.771874	10.003179	390.896406
119	0.504738	0.079606	0.006337	10.000000	9.019387	0.006219	1.000000	30.000000	70.552431	7.771874	10.003179	390.896406
120	0.504738	0.079606	0.006337	10.000000	9.019387	0.006219	1.000000	30.000000	70.552431	7.771874	10.003179	390.896406
122	0.504738	0.079606	0.006337	10.000000	9.019387	0.006219	1.000000	30.000000	70.552431	7.771874	10.003179	390.896406
124	0.504738	0.079606	0.006337	10.000000	9.019387	0.006219	1.000000	30.000000	70.552431	7.771874	10.003179	390.896406
126	0.628145	0.102275	0.010460	10.000000	9.408380	0.006219	1.000000	652.000000	101.825694	8.321231	10.005258	168.522995
127	0.628145	0.102275	0.010460	10.000000	9.408380	0.006219	1.000000	652.000000	101.825694	8.321231	10.005258	168.522995
128	0.628145	0.102275	0.010460	10.000000	9.408380	0.006219	1.000000	652.000000	101.825694	8.321231	10.005258	168.522995
133	0.628145	0.102275	0.010460	10.000000	9.408380	0.006219	1.000000	652.000000	101.825694	8.321231	10.005258	168.522995
134	0.846398	0.129099	0.032258	5.000000	4.909318	0.003109	0.000000	-1.000000	98.278069	3.599779	5.016949	180.831413
135	0.499375	0.055693	0.006165	5.000000	4.499062	0.003109	0.000000	-1.000000	94.764320	1.817125	5.003111	10.000000
136	0.863784	0.138145	0.036765	5.000000	4.921201	0.003109	0.000000	-1.000000	97.958277	3.711472	5.019455	183.439363
138	0.000000	0.000000	0.000000	0.000000	-0.422139	0.000000	0.000000	-1.000000	86.742592	5.097133	0.000000	0.000000
139	0.628145	0.102275	0.010460	10.000000	9.408380	0.006219	1.000000	652.000000	101.825694	8.321231	10.005258	168.522995
141	0.504738	0.079606	0.006337	10.000000	9.019387	0.006219	1.000000	30.000000	70.552431	7.771874	10.003179	390.896406
148	0.500000	0.078860	0.006219	10.000000	9.000625	0.006219	1.000000	0.000000	59.974992	7.747581	10.003119	398.497177
150	0.000000	0.000000	0.000000	0.000000	-0.018762	0.000000	0.000000	-1.000000	84.673185	2.340347	0.000000	0.000000
151	0.000000	0.000000	0.000000	0.000000	-0.018762	0.000000	0.000000	-1.000000	84.673185	2.340347	0.000000	0.000000
152	0.000000	0.000000	0.000000	0.000000	-0.018762	0.000000	0.000000	-1.000000	84.673185	2.340347	0.000000	0.000000
153	0.000000	0.000000	0.000000	0.000000	-0.018762	0.000000	0.000000	-1.000000	84.673185	2.340347	0.000000	0.000000
154	0.000000	0.000000	0.000000	0.000000	-0.018762	0.000000	0.000000	-1.000000	84.673185	2.340347	0.000000	0.000000
155	0.000000	0.000000	0.000000	0.000000	-0.018762	0.000000	0.000000	-1.000000	84.673185	2.340347	0.000000	0.000000
157	0.504738	0.079606	0.006337	10.000000	9.019387	0.006219	1.000000	30.000000	70.552431	7.771874	10.003179	390.896406
158	0.504738	0.079606	0.006337	10.000000	9.019387	0.006219	1.000000	30.000000	70.552431	7.771874	10.003179	390.896406
159	0.504738	0.079606	0.006337	10.000000	9.019387	0.006219	1.000000	30.000000	70.552431	7.771874	10.003179	390.896406
160	0.504738	0.079606	0.006337	10.000000	9.019387	0.006219	1.000000	30.000000	70.552431	7.771874	10.003179	390.896406
161	0.504738	0.079606	0.006337	10.000000	9.019387	0.006219	1.000000	30.000000	70.552431	7.771874	10.003179	390.896406
162	0.504738	0.079606	0.006337	10.000000	9.019387	0.006219	1.000000	30.000000	70.552431	7.771874	10.003179	390.896406
163	0.504738	0.079606	0.006337	10.000000	9.019387	0.006219	1.000000	30.000000	70.552431	7.771874	10.003179	390.896406
164	0.504738	0.079606	0.006337	10.000000	9.019387	0.006219	1.000000	30.000000	70.552431	7.771874	10.003179	390.896406
165	0.504738	0.079606	0.006337	10.000000	9.019387	0.006219	1.000000	30.000000	70.552431	7.771874	10.003179	390.896406
166	0.504738	0.079606	0.006337	10.000000	9.019387	0.006219	1.000000	30.000000	70.552431	7.771874	10.003179	390.896406
167	0.504738	0.079606	0.006337	10.000000	9.019387	0.006219	1.000000	30.000000	70.552431	7.771874	10.003179	390.896406
168	0.504738	0.079606	0.006337	10.000000	9.019387	0.006219	1.000000	30.000000	70.552431	7.771874	10.003179	390.896406
169	0.504738	0.079606	0.006337	10.000000	9.019387	0.006219	1.000000	30.000000	70.552431	7.771874	10.003179	390.896406
171	0.504738	0.079606	0.006337	10.000000	9.019387	0.006219	1.000000	30.000000	70.552431	7.771874	10.003179	390.896406
172	0.504738	0.079606	0.006337	10.000000	9.019387	0.006219	1.000000	30.000000	70.552431	7.771874	10.003179	390.896406
